"ID","TOKEN","UPOS"
"1","ΓΑΛΗΝΟΥ","PROPN"
"2","ΠΕΡΙ","ADP"
"3","ΤΩΝ","DET"
"4","ΕΠΙΔΕΣΜΩΝ","NOUN"
"5","ΒΙΒΛΙΟΝ","NOUN"
"6",".","PUNCT"
"7","Οὐκ","ADV"
"8","ἀσκόπως","ADV"
"9","μοὶ","PRON"
"10","δοκεῖ","VERB"
"11","ὁ","DET"
"12","παλαιὸς","ADJ"
"13","Ἱπποκράτης","PROPN"
"14","ἐπιβλέψας","VERB"
"15","τὰς","DET"
"16","ἄλλας","ADJ"
"17","τέχνας","NOUN"
"18","ἀρχόμενος","VERB"
"19","τῆς","DET"
"20","ἐν","ADP"
"21","τῷ","DET"
"22","πράττειν","VERB"
"23","καθαριότητος","NOUN"
"24","ἐκπεφωνηκέναι","VERB"
"25",".","PUNCT"
"26","ἐμοὶ","PRON"
"27","δὲ","ADV"
"28","ἁνδάνει","VERB"
"29","μὲν","ADV"
"30","πάσῃ","DET"
"31","τῇ","DET"
"32","τέχνῃ","NOUN"
"33","προσέχειν","VERB"
"34","τὸν","DET"
"35","νόον","NOUN"
"36","·","PUNCT"
"37","καὶ","CCONJ"
"38","γὰρ","ADV"
"39","ὁκόσα","PRON"
"40","ἔργα","NOUN"
"41","καλῶς","ADV"
"42","ἢ","CCONJ"
"43","ὀρθῶς","ADV"
"44","διοικεῖ","VERB"
"45",",","PUNCT"
"46","καλῶς","ADV"
"47","ἕκαστα","ADJ"
"48","χρὴ","VERB"
"49","ποιεῖν","VERB"
"50","καὶ","CCONJ"
"51","ὀρθῶς","ADV"
"52","καὶ","CCONJ"
"53","ὅσα","PRON"
"54","καθαριότητος","NOUN"
"55","καὶ","CCONJ"
"56","καθαρίως","ADV"
"57","καὶ","CCONJ"
"58","ὁκόσα","PRON"
"59","ταχέως","ADV"
"60","ἔργα","NOUN"
"61",",","PUNCT"
"62","ταχέως","ADV"
"63",".","PUNCT"
"64","καὶ","CCONJ"
"65","ὁκόσα","PRON"
"66","ἀνωδύνως","ADV"
"67","δεῖ","VERB"
"68","διαχειρίζεσθαι","VERB"
"69","ἀνωδυνώτατα","ADJ"
"70","ποιέειν","VERB"
"71",".","PUNCT"
"72","καὶ","CCONJ"
"73","ἄλλα","ADJ"
"74","πάντα","DET"
"75","τοιοῦτον","DET"
"76","τρόπον","NOUN"
"77","διαφερόντως","ADV"
"78","τῶν","DET"
"79","πέλας","ADV"
"80","ἐπὶ","ADP"
"81","τὸ","DET"
"82","βέλτιον","ADJ"
"83","χρὴ","VERB"
"84","ποιέειν","VERB"
"85",".","PUNCT"
"86","καὶ","CCONJ"
"87","γὰρ","ADV"
"88",",","PUNCT"
"89","ὡς","ADV"
"90","ἔοικεν","VERB"
"91","ἔν","ADP"
"92","τισιν","DET"
"93","ἔργοις","NOUN"
"94",",","PUNCT"
"95","οὐκ","ADV"
"96","ἄλλῳ","ADJ"
"97","τινὶ","PRON"
"98","τῶν","DET"
"99","ἀπείρων","ADJ"
"100","διαφέρουσιν","VERB"
"101","οἱ","DET"
"102","ἔμπειροι","ADJ"
"103","τεχνῖται","NOUN"
"104","τῶν","DET"
"105","ἀτέχνων","ADJ"
"106","ἢ","ADV"
"107","τάχει","NOUN"
"108","καὶ","CCONJ"
"109","εὐρυθμίᾳ","NOUN"
"110","·","PUNCT"
"111","διὸ","ADV"
"112","πολλάκις","ADV"
"113","προσήκει","VERB"
"114","παντὸς","DET"
"115","ἄλλου","ADJ"
"116","τεχνίτου","NOUN"
"117","τὸν","DET"
"118","ἰατρὸν","NOUN"
"119","ἐν","ADP"
"120","πᾶσιν","ADJ"
"121","ἐστοχάσθαι","VERB"
"122","τοῦ","DET"
"123","καλῶς","ADV"
"124","πράττειν","VERB"
"125","τι","ADJ"
"126",",","PUNCT"
"127","καθ","ADP"
"128","ὃ","PRON"
"129","καὶ","ADV"
"130","τὴν","DET"
"131","ὕλην","NOUN"
"132","ἔχει","VERB"
"133","διάφορον","ADJ"
"134","·","PUNCT"
"135","καὶ","CCONJ"
"136","γὰρ","ADV"
"137","τέμνοντα","VERB"
"138","καὶ","CCONJ"
"139","καίοντα","VERB"
"140","καὶ","CCONJ"
"141","δὴ","ADV"
"142","καὶ","ADV"
"143","ἐπιδέοντα","VERB"
"144","καὶ","CCONJ"
"145","εἴ","SCONJ"
"146","τι","DET"
"147","ἄλλο","ADJ"
"148","χειρουργοῦντα","VERB"
"149","μετὰ","ADP"
"150","τοῦ","DET"
"151","συμφερόντως","ADV"
"152","πράττειν","VERB"
"153","καὶ","CCONJ"
"154","τοῦ","DET"
"155","καθαρίως","ADV"
"156","καὶ","CCONJ"
"157","εὐρύθμως","ADV"
"158","πεφροντικέναι","VERB"
"159","δεῖ","VERB"
"160",",","PUNCT"
"161","ὡς","ADV"
"162","καὶ","ADV"
"163","αὐτὸς","DET"
"164","πάλιν","ADV"
"165","πού","ADV"
"166","φησιν","VERB"
"167","·","PUNCT"
"168","ἐπιδέσιος","NOUN"
"169","δὲ","ADV"
"170","δύο","NUM"
"171","εἴδεα","NOUN"
"172","ἐργαζόμενόν","VERB"
"173","τε","CCONJ"
"174","καὶ","CCONJ"
"175","εἰργασμένον","VERB"
"176",".","PUNCT"
"177","ἐργαζόμενον","VERB"
"178","μὲν","ADV"
"179","ταχέως","ADV"
"180",",","PUNCT"
"181","ἀπόνως","ADV"
"182",",","PUNCT"
"183","εὐπόρως","ADV"
"184",",","PUNCT"
"185","εὐρύθμως","ADV"
"186",",","PUNCT"
"187","ταχέως","ADV"
"188","μὲν","ADV"
"189","ἀνύειν","VERB"
"190","τὰ","DET"
"191","ἔργα","NOUN"
"192",",","PUNCT"
"193","ἀπόνως","ADV"
"194","δὲ","ADV"
"195","ῥηϊδίως","ADV"
"196","δρῇν","VERB"
"197",",","PUNCT"
"198","εὐπόρως","ADV"
"199","δὲ","ADV"
"200","εἰς","ADP"
"201","πάντα","ADJ"
"202","ἑτοίμως","ADV"
"203","·","PUNCT"
"204","εὐρύθμως","ADV"
"205","δὲ","ADV"
"206","ὁρῆσθαι","VERB"
"207","ἡδέως","ADV"
"208",".","PUNCT"
"209","ἀπαιτεῖ","VERB"
"210","μὲν","ADV"
"211","γὰρ","ADV"
"212","γενόμενα","VERB"
"213","πάθη","NOUN"
"214","περί","ADP"
"215","τισι","DET"
"216","τοῦ","DET"
"217","σώματος","NOUN"
"218","μέρεσι","NOUN"
"219","τὴν","DET"
"220","ἁρμόζουσαν","VERB"
"221","ἐπίδεσιν","NOUN"
"222","·","PUNCT"
"223","ἀπαιτοῦσι","VERB"
"224","δ","ADV"
"225","οἱ","DET"
"226","ἄνθρωποι","NOUN"
"227","καὶ","ADV"
"228","κατ","ADP"
"229","ἰδέαν","NOUN"
"230","πολλάκις","ADV"
"231","τὸ","DET"
"232","κατὰ","ADP"
"233","τὰς","DET"
"234","ἐπιδέσεις","NOUN"
"235","εὔρυθμον","ADJ"
"236",",","PUNCT"
"237","ὡς","ADV"
"238","ἐπί","ADP"
"239","τι","ADJ"
"240","μοναχῶν","NOUN"
"241","καὶ","CCONJ"
"242","τῶν","DET"
"243","ἄλλων","ADJ"
"244","εἰς","ADP"
"245","δῆμον","NOUN"
"246","παρασκευαζομένων","VERB"
"247","ἁπάντων","ADJ"
"248","χάριν","ADP"
"249",",","PUNCT"
"250","ἀναγκαῖον","ADJ"
"251","εἰδέναι","VERB"
"252","τὰς","DET"
"253","παντὶ","DET"
"254","μέρει","NOUN"
"255","τοῦ","DET"
"256","σώματος","NOUN"
"257","ἁρμοζούσας","VERB"
"258","ἐπιδέσεις","NOUN"
"259","ἁπλᾶς","ADJ"
"260","τε","CCONJ"
"261","καὶ","CCONJ"
"262","ποικίλας","ADJ"
"263",",","PUNCT"
"264","ἐπιστάμενον","VERB"
"265","ὥς","SCONJ"
"266","τισι","ADJ"
"267","τῶν","DET"
"268","μερῶν","NOUN"
"269","ἁρμόζουσιν","VERB"
"270","ἑκάτεραι","ADJ"
"271",",","PUNCT"
"272","τισὶ","ADJ"
"273","δὲ","ADV"
"274","ἡ","DET"
"275","ἑτέρα","ADJ"
"276",",","PUNCT"
"277","λέγω","VERB"
"278","δὲ","ADV"
"279","ἡ","DET"
"280","ποικίλη","ADJ"
"281","εἰ","SCONJ"
"282","καί","ADV"
"283","τισιν","ADJ"
"284","ἄλλως","ADV"
"285","δοκεῖ","VERB"
"286",",","PUNCT"
"287","ἄξιον","ADJ"
"288","δὲ","ADV"
"289","τὴν","DET"
"290","στάσιν","NOUN"
"291","διευκρινῆσαι","VERB"
"292","πρῶτον","ADJ"
"293",".","PUNCT"
"294","ἀχρηστίαν","NOUN"
"295","ἔνιοι","ADJ"
"296","τῶν","DET"
"297","ποικίλων","ADJ"
"298","κατεγνώκασιν","VERB"
"299","ἐπιδέσεων","NOUN"
"300","φάσκοντες","VERB"
"301","βλαβερὰν","ADJ"
"302","ταύτας","ADJ"
"303","παρέχειν","VERB"
"304","τὴν","DET"
"305","χρῆσιν","NOUN"
"306",",","PUNCT"
"307","ἀποδείξει","NOUN"
"308","μὲν","ADV"
"309","οὐδεμιᾷ","DET"
"310","γενναίᾳ","ADJ"
"311","χρώμενοι","VERB"
"312",",","PUNCT"
"313","παλαιῶν","ADJ"
"314","δὲ","ADV"
"315","ἀνδρῶν","NOUN"
"316","μαρτυρίαις","NOUN"
"317",".","PUNCT"
"318","καὶ","CCONJ"
"319","πρῶτόν","ADJ"
"320","γε","ADV"
"321","τὸν","DET"
"322","Ἱπποκράτην","PROPN"
"323","εἰσάγοντες","VERB"
"324","λέγοντα","VERB"
"325","·","PUNCT"
"326","ἀτὰρ","ADV"
"327","καὶ","ADV"
"328","ἄλλα","ADJ"
"329","πολλὰ","ADJ"
"330","λωβέωνται","VERB"
"331","οἱ","DET"
"332","χαίροντες","VERB"
"333","ταῖς","DET"
"334","καλαῖς","ADJ"
"335","ἐπιδέσεσι","NOUN"
"336",",","PUNCT"
"337","τοῦτ","ADJ"
"338","ἔστι","AUX"
"339","ταῖς","DET"
"340","ποικίλαις","ADJ"
"341","·","PUNCT"
"342","καὶ","CCONJ"
"343","Μαντίαν","NOUN"
"344","τε","CCONJ"
"345","ἱστοροῦντες","VERB"
"346","ὑπὸ","ADP"
"347","φαρμακοπώλου","NOUN"
"348","ἐπιδεδεμένον","VERB"
"349","τινὰ","DET"
"350","ποικίλῃ","ADJ"
"351","ἐπιδέσει","NOUN"
"352","τὴν","DET"
"353","κεφαλὴν","NOUN"
"354","καὶ","CCONJ"
"355","τὸ","DET"
"356","πρόσωπον","NOUN"
"357","διὰ","ADP"
"358","τῆς","DET"
"359","ἐπιδέσεως","NOUN"
"360","οἱ","DET"
"361","ὀφθαλμοὶ","NOUN"
"362","προσέπεσαν","VERB"
"363",".","PUNCT"
"364","δοκεῖ","VERB"
"365","δὲ","ADV"
"366","αὐτοῖς","PRON"
"367","καὶ","ADV"
"368","κατὰ","ADP"
"369","λόγον","NOUN"
"370","τοῦτο","ADJ"
"371","γεγονέναι","VERB"
"372",",","PUNCT"
"373","διότι","SCONJ"
"374","ἀνώμαλος","ADJ"
"375","ἡ","DET"
"376","τῶν","DET"
"377","ἐπιδέσμων","NOUN"
"378","γίνεται","VERB"
"379","πρόσπτωσις","NOUN"
"380","διὰ","ADP"
"381","τὴν","DET"
"382","ποικιλίαν","NOUN"
"383","δυναμένη","VERB"
"384","εἰς","ADP"
"385","φλεγμονὰς","NOUN"
"386","καὶ","CCONJ"
"387","ἀποστάσεις","NOUN"
"388","ἄγειν","VERB"
"389","τὰ","DET"
"390","σώματα","NOUN"
"391","·","PUNCT"
"392","οὐκοῦν","ADV"
"393","ἄξιον","ADJ"
"394","ἐγνωκέναι","VERB"
"395",",","PUNCT"
"396","διότι","SCONJ"
"397","γένοιτ","VERB"
"398","ἂν","ADV"
"399","ταῦτα","ADJ"
"400","ἃ","PRON"
"401","λέγουσιν","VERB"
"402","οὐχ","ADV"
"403","ὑπὸ","ADP"
"404","ποικιλίας","NOUN"
"405","τῶν","DET"
"406","ἐπιδέσμων","NOUN"
"407",",","PUNCT"
"408","ὑπὸ","ADP"
"409","δὲ","ADV"
"410","ἀφυΐας","NOUN"
"411","τῶν","DET"
"412","χρωμένων","VERB"
"413","σφιγγόντων","VERB"
"414","τὴν","DET"
"415","ἐπίδεσιν","NOUN"
"416",".","PUNCT"
"417","χρὴ","VERB"
"418","γὰρ","ADV"
"419","ἐπιδεῖν","VERB"
"420",",","PUNCT"
"421","ὥς","ADV"
"422","φησιν","VERB"
"423","Ἱπποκράτης","PROPN"
"424","·","PUNCT"
"425","ἐν","ADP"
"426","δὲ","ADV"
"427","τουτέοισι","ADJ"
"428","μάλιστα","ADV"
"429","ἐπιδέσιος","NOUN"
"430",",","PUNCT"
"431","πίεξις","NOUN"
"432","μὲν","ADV"
"433","ὥστε","SCONJ"
"434","τὰ","DET"
"435","ἐπικείμενα","VERB"
"436","μὴ","ADV"
"437","ἀφεστάναι","VERB"
"438",",","PUNCT"
"439","μηδὲ","CCONJ"
"440","ἐρηρεῖσθαι","VERB"
"441","κάρτα","ADV"
"442",",","PUNCT"
"443","ἀλλ","CCONJ"
"444","ἡρμόσθαι","VERB"
"445","μὲν","ADV"
"446",",","PUNCT"
"447","προσηναγκάσθαι","VERB"
"448","δὲ","ADV"
"449","μή","ADV"
"450",".","PUNCT"
"451","ἔδει","VERB"
"452","δὲ","ADV"
"453","αὐτοὺς","PRON"
"454","τὸν","DET"
"455","Ἱπποκράτην","PROPN"
"456","ἐπαγομένους","VERB"
"457","μάρτυρα","NOUN"
"458","προσαποδοῦναι","VERB"
"459","τὸ","DET"
"460","λοιπόν","ADJ"
"461",".","PUNCT"
"462","οὐ","ADV"
"463","γὰρ","ADV"
"464","ἁπλῶς","ADV"
"465","ἐξενήνεκται","VERB"
"466",",","PUNCT"
"467","ἀτὰρ","ADV"
"468","καὶ","ADV"
"469","ἄλλα","ADJ"
"470","πολλὰ","ADJ"
"471","λωβέονται","VERB"
"472","χαίροντες","VERB"
"473","ταῖς","DET"
"474","καλαῖς","ADJ"
"475","ἐπιδέσεσιν","NOUN"
"476",",","PUNCT"
"477","ἀλλὰ","CCONJ"
"478","μετὰ","ADP"
"479","τοῦ","DET"
"480","προσκεῖσθαι","VERB"
"481","τὸ","DET"
"482","ἄνευ","ADP"
"483","νόου","NOUN"
"484",".","PUNCT"
"485","σκοπείσθωσαν","VERB"
"486","δὲ","ADV"
"487","καὶ","ADV"
"488","ἐκ","ADP"
"489","τῶν","DET"
"490","νῦν","ADV"
"491","λεγομένων","VERB"
"492","ὡς","SCONJ"
"493","Ἱπποκράτης","PROPN"
"494","οὐκ","ADV"
"495","ἐκβάλλει","VERB"
"496","τὰς","DET"
"497","ποικίλας","ADJ"
"498","ἐπιδέσεις","NOUN"
"499",".","PUNCT"
"500","αὐτὸς","ADJ"
"501","γοῦν","ADV"
"502","ἐν","ADP"
"503","τῷ","DET"
"504","κατ","ADP"
"505","ἰητρεῖον","PROPN"
"506","βιβλίῳ","NOUN"
"507","περὶ","ADP"
"508","ἐπιδέσεως","NOUN"
"509","διαλεγόμενος","VERB"
"510","καὶ","CCONJ"
"511","εἰπὼν","VERB"
"512","τίς","PRON"
"513","ἂν","ADV"
"514","εἴη","AUX"
"515","ἀρετὴ","NOUN"
"516","ἐν","ADP"
"517","τῷ","DET"
"518","ἐπιδέειν","VERB"
"519",".","PUNCT"
"520","ἑξῆς","ADV"
"521","καί","ADV"
"522","τις","PRON"
"523","ἐν","ADP"
"524","τῷ","DET"
"525","ἐπιδεδειχέναι","VERB"
"526","οὕτω","ADV"
"527","λέγει","VERB"
"528","ἀγαθῶς","ADV"
"529","καλῶς","ADV"
"530","·","PUNCT"
"531","τὸ","DET"
"532","μὲν","ADV"
"533","ἀγαθῶς","ADV"
"534","ἐπὶ","ADP"
"535","τοῦ","DET"
"536","συμφέροντος","ADJ"
"537","τιθεὶς","VERB"
"538",",","PUNCT"
"539","τὸ","DET"
"540","δὲ","ADV"
"541","κα","ADV"
"542","λῶς","ADV"
"543","ἐπὶ","ADP"
"544","τοῦ","DET"
"545","εὐπρεπῶς","ADV"
"546",",","PUNCT"
"547","εἶτα","ADV"
"548","εἰς","ADP"
"549","ἀνάπλωσιν","NOUN"
"550","τοῦ","DET"
"551","καλῶς","ADV"
"552","ἐπιφέρει","VERB"
"553",",","PUNCT"
"554","καλῶς","ADV"
"555","μὲν","ADV"
"556","ἁπλῶς","ADV"
"557","εὐκρινέως","ADV"
"558",".","PUNCT"
"559","τὸ","DET"
"560","ἁπλῶς","ADV"
"561","τιθεὶς","VERB"
"562","οὐκ","ADV"
"563","ἐπὶ","ADP"
"564","παντὸς","ADJ"
"565",",","PUNCT"
"566","ἀλλ","CCONJ"
"567","ἐν","ADP"
"568","ὑποδείγματος","NOUN"
"569","μοίρᾳ","NOUN"
"570",",","PUNCT"
"571","οἷον","ADV"
"572","ἡ","DET"
"573","ἁπλῶς","ADV"
"574","ἐπίδεσις","NOUN"
"575","εὐκρινὴς","ADJ"
"576","ἔστω","AUX"
"577",".","PUNCT"
"578","σαφὲς","ADJ"
"579","δὲ","ADV"
"580","τοῦτο","ADJ"
"581","ποιεῖ","VERB"
"582","ἐπιφέρων","VERB"
"583","·","PUNCT"
"584","ἢ","CCONJ"
"585","ὅμοια","ADJ"
"586","καὶ","CCONJ"
"587","ἴσα","ADJ"
"588","ἴσως","ADV"
"589","καὶ","CCONJ"
"590","ὁμοίως","ADV"
"591","ἢ","CCONJ"
"592","ἄνισα","ADJ"
"593","καὶ","CCONJ"
"594","ἀνόμοια","ADJ"
"595","ἀνίσως","ADV"
"596","καὶ","CCONJ"
"597","ἀνομοίως","ADV"
"598",".","PUNCT"
"599","τὰ","DET"
"600","δὲ","ADV"
"601","εἴδεα","NOUN"
"602","ἁπλοῦς","ADJ"
"603",",","PUNCT"
"604","εὔκυκλος","ADJ"
"605",",","PUNCT"
"606","σκέπαρνος","NOUN"
"607",",","PUNCT"
"608","σιμὸς","ADJ"
"609",",","PUNCT"
"610","ὀφθαλμὸς","NOUN"
"611","καὶ","CCONJ"
"612","ῥόμβος","NOUN"
"613","καὶ","CCONJ"
"614","ἡμίτομον","NOUN"
"615",".","PUNCT"
"616","ἁρμόζον","VERB"
"617","τὸ","DET"
"618","εἶδος","NOUN"
"619","τῷ","DET"
"620","εἴδει","NOUN"
"621","καὶ","CCONJ"
"622","τῷ","DET"
"623","πάθει","NOUN"
"624","τῶν","DET"
"625","ἐπιδεομένων","VERB"
"626","·","PUNCT"
"627","εἰ","SCONJ"
"628","γάρ","ADV"
"629","τις","ADJ"
"630","ἁπλοῦς","ADJ"
"631","ἐστιν","AUX"
"632",",","PUNCT"
"633","οὗτος","ADJ"
"634","τῷ","DET"
"635","ὄντι","AUX"
"636","εὔκυκλος","ADJ"
"637","ὀφείλει","VERB"
"638","εἶναι","AUX"
"639","·","PUNCT"
"640","εἰ","SCONJ"
"641","δέ","ADV"
"642","τις","DET"
"643","σκέπαρνος","NOUN"
"644",",","PUNCT"
"645","οὗτος","ADJ"
"646","σιμός","ADJ"
"647",".","PUNCT"
"648","οὕτω","ADV"
"649","γὰρ","ADV"
"650","ἔσται","AUX"
"651","ὁ","DET"
"652","πάντη","ADV"
"653","ἴσως","ADV"
"654","ὅμοιος","ADJ"
"655","ἑαυτῷ","PRON"
"656",",","PUNCT"
"657","ὁ","DET"
"658","δὲ","ADV"
"659","ἄνισος","ADJ"
"660","ἀνόμοις","ADJ"
"661",",","PUNCT"
"662","ἄρα","ADV"
"663","γε","ADV"
"664","πείθονται","VERB"
"665","ἤδη","ADV"
"666","Ἱπποκράτει","PROPN"
"667","ἐκκλίνειν","VERB"
"668","τὰς","DET"
"669","ποικίλας","ADJ"
"670","ἐπιδέσεις","NOUN"
"671","·","PUNCT"
"672","ὁμολογοῦντες","VERB"
"673","τὸν","DET"
"674","σκέπαρνον","NOUN"
"675","καὶ","CCONJ"
"676","τὸν","DET"
"677","ὀφθαλμὸν","NOUN"
"678","καὶ","CCONJ"
"679","τὸν","DET"
"680","ῥόμβον","NOUN"
"681","καὶ","CCONJ"
"682","τὸν","DET"
"683","ἡμίτομον","NOUN"
"684","ποικίλας","ADJ"
"685","εἶναι","AUX"
"686","τὰς","DET"
"687","ἐπιδέσεις","NOUN"
"688",";","PUNCT"
"689","ἢ","CCONJ"
"690","ἔτι","ADV"
"691","ὑπομιμνήσκομεν","VERB"
"692","αὐτοὺς","PRON"
"693","τὸν","DET"
"694","περὶ","ADP"
"695","κλειδὸς","NOUN"
"696","κατάξιος","ADJ"
"697","λόγον","NOUN"
"698","ἐν","ADP"
"699","τῷ","DET"
"700","περὶ","ADP"
"701","ἄρθρων","NOUN"
"702",".","PUNCT"
"703","ὡς","ADV"
"704","Ἱπποκράτης","PROPN"
"705","γερανίδι","NOUN"
"706","ποικίλῃ","ADJ"
"707","οὔσῃ","AUX"
"708","ἐπιδέσει","NOUN"
"709","κέχρηται","VERB"
"710","·","PUNCT"
"711","ἴστωσαν","VERB"
"712","δὲ","ADV"
"713","ὅτι","SCONJ"
"714","ἐπὶ","ADP"
"715","μερῶν","NOUN"
"716","τινῶν","DET"
"717","ὡς","ADV"
"718","ἐπὶ","ADP"
"719","μηροῦ","NOUN"
"720","προαρθρημβολημένου","VERB"
"721","βραχίονός","NOUN"
"722","τι","ADJ"
"723","καὶ","CCONJ"
"724","ἀγκῶνος","NOUN"
"725","καὶ","CCONJ"
"726","ἄλλων","ADJ"
"727","πλειόνων","ADJ"
"728","οὐκ","ADV"
"729","ἔστιν","AUX"
"730","﻿","CCONJ"
"731","ἄλλῃ","ADJ"
"732","χρῆσθαι","VERB"
"733","ἐπιδέσει","NOUN"
"734","ἢ","CCONJ"
"735","ποικίλῃ","ADJ"
"736",",","PUNCT"
"737","ἀλλὰ","CCONJ"
"738","πρὸς","ADP"
"739","μὲν","ADV"
"740","τούτων","ADJ"
"741","ἱκανὰ","ADJ"
"742","τὰ","DET"
"743","εἰρημένα","VERB"
"744",".","PUNCT"
"745","Ἐπανάγωμεν","VERB"
"746","δὲ","ADV"
"747","τὸν","DET"
"748","λόγον","NOUN"
"749","ἐπὶ","ADP"
"750","τὴν","DET"
"751","τῶν","DET"
"752","ἐπιδέσμων","NOUN"
"753","τε","CCONJ"
"754","καὶ","CCONJ"
"755","ἐπιδέσεως","NOUN"
"756","τεχνολογίαν","NOUN"
"757","·","PUNCT"
"758","καὶ","CCONJ"
"759","δὴ","ADV"
"760","ἐν","ADP"
"761","τρόποις","NOUN"
"762","ἴδωμεν","VERB"
"763","τίνι","PRON"
"764","διαφέρουσιν","VERB"
"765","ἀλλήλων","PRON"
"766","οἱ","DET"
"767","ἐπίδεσμοι","NOUN"
"768",",","PUNCT"
"769","ὕλῃ","NOUN"
"770",",","PUNCT"
"771","σχέσει","NOUN"
"772",",","PUNCT"
"773","μήκει","NOUN"
"774",",","PUNCT"
"775","πλάτει","NOUN"
"776","κατασκευῇ","NOUN"
"777","·","PUNCT"
"778","ὕλῃ","NOUN"
"779","μὲν","ADV"
"780","ἐπεὶ","SCONJ"
"781","οἱ","PRON"
"782","μὲν","ADV"
"783","αὐτῶν","PRON"
"784","εἰσιν","AUX"
"785","ἐρεοῖ","ADJ"
"786",",","PUNCT"
"787","οἱ","PRON"
"788","δὲ","ADV"
"789","λινοῖ","ADJ"
"790",",","PUNCT"
"791","οἱ","PRON"
"792","δὲ","ADV"
"793","δερμάτινοι","ADJ"
"794",",","PUNCT"
"795","τῆς","DET"
"796","χρήσεως","NOUN"
"797","αὐτῶν","PRON"
"798","οὐ","ADV"
"799","μιᾶς","NUM"
"800","οὐδὲ","CCONJ"
"801","τῆς","DET"
"802","ὁμοίας","ADJ"
"803","οὔσης","AUX"
"804",",","PUNCT"
"805","ἀλλὰ","CCONJ"
"806","διαφόρου","ADJ"
"807",".","PUNCT"
"808","πειρώμεθα","VERB"
"809","γὰρ","ADV"
"810","ἁρμοζόντως","ADV"
"811","τῷ","DET"
"812","πάθει","NOUN"
"813","τὴν","DET"
"814","ἐκλογὴν","NOUN"
"815","ἐν","ADP"
"816","τῇ","DET"
"817","χρήσει","NOUN"
"818","ποιεῖσθαι","VERB"
"819","·","PUNCT"
"820","ὅσα","PRON"
"821","γοῦν","ADV"
"822","σφίγξεως","NOUN"
"823",",","PUNCT"
"824","δεῖται","VERB"
"825","λινοῖς","ADJ"
"826","ἐπ","ADP"
"827","αὐτῶν","PRON"
"828","χρώμεθα","VERB"
"829",",","PUNCT"
"830","ὅσα","PRON"
"831","δὲ","ADV"
"832","οὐ","ADV"
"833","σφίγξεως","NOUN"
"834","διὰ","ADP"
"835","τὸ","DET"
"836","ἐναντιοῦσθαί","VERB"
"837","τισι","DET"
"838","φλεγμοναῖς","NOUN"
"839",",","PUNCT"
"840","συνεχείας","NOUN"
"841","δὲ","ADV"
"842","δεῖται","VERB"
"843","μόνης","ADJ"
"844","ἢ","ADV"
"845","σκέπης","NOUN"
"846","ἐρεοῖς","ADJ"
"847",".","PUNCT"
"848","δερματίνοις","ADJ"
"849","δὲ","ADV"
"850",",","PUNCT"
"851","ὡς","ADV"
"852","Ἱπποκράτης","PROPN"
"853","ἐπὶ","ADP"
"854","ῥινὸς","NOUN"
"855","καὶ","CCONJ"
"856","γένυος","NOUN"
"857","καταγείσης","VERB"
"858","ἐχρήσατο","VERB"
"859","κατακολλῶντες","VERB"
"860","τὸ","DET"
"861","ἄκρον","NOUN"
"862","τῷ","DET"
"863","δεομένῳ","VERB"
"864","τῆς","DET"
"865","ἐπιδέσεως","NOUN"
"866",",","PUNCT"
"867","σχέσει","NOUN"
"868","δὲ","ADV"
"869","ἐπεὶ","SCONJ"
"870","οἱ","PRON"
"871","μέν","ADV"
"872","εἰσιν","AUX"
"873","εἰλητοὶ","ADJ"
"874",",","PUNCT"
"875","οἱ","PRON"
"876","δὲ","ADV"
"877","σχιστοὶ","ADJ"
"878",",","PUNCT"
"879","ἄλλοι","ADJ"
"880","δὲ","ADV"
"881","σύῤῥαπτοι","ADJ"
"882",".","PUNCT"
"883","εἰλητοὶ","ADJ"
"884","μὲν","ADV"
"885","οὖν","ADV"
"886","εἰσιν","AUX"
"887","οἱ","DET"
"888","ἐκ","ADP"
"889","ταινίας","NOUN"
"890","ἐπὶ","ADP"
"891","μήκους","NOUN"
"892","ἀσυμβλήτου","ADJ"
"893","γεγονότος","VERB"
"894","οἷοί","PRON"
"895","εἰσιν","AUX"
"896","οἱ","DET"
"897","κατὰ","ADP"
"898","τὰ","DET"
"899","κατάγματα","NOUN"
"900","τῶν","DET"
"901","κώλων","NOUN"
"902","παραλαμβανόμενοι","VERB"
"903",".","PUNCT"
"904","σχιστοὶ","ADJ"
"905","δὲ","ADV"
"906","οἱ","DET"
"907","ἐκ","ADP"
"908","ῥάκους","NOUN"
"909","ἑνὸς","NUM"
"910","κατὰ","ADP"
"911","τὰ","DET"
"912","πέρατα","NOUN"
"913","ἢ","CCONJ"
"914","καὶ","ADV"
"915","ἄλλο","DET"
"916","τι","DET"
"917","μέρος","NOUN"
"918","ἐπεῤῥωγότος","VERB"
"919",",","PUNCT"
"920","οἷοί","PRON"
"921","εἰσιν","AUX"
"922","οἱ","DET"
"923","ἐπὶ","ADP"
"924","κεφαλῆς","NOUN"
"925","ἀνατετριμμένης","VERB"
"926","παραλαμβανόμενοι","VERB"
"927",",","PUNCT"
"928","καρκίνοι","NOUN"
"929","δὲ","ADV"
"930","καλούμενοι","VERB"
"931",",","PUNCT"
"932","τετρασκελεῖς","ADJ"
"933","ἢ","CCONJ"
"934","ἑξασκελεῖς","ADJ"
"935","ἢ","CCONJ"
"936","ὀκτασκελεῖς","ADJ"
"937",".","PUNCT"
"938","σύῤῥαπτοι","VERB"
"939","δὲ","ADV"
"940","οἱ","DET"
"941","ἐκ","ADP"
"942","τελαμώνων","NOUN"
"943","πλειόνων","ADJ"
"944","συντιθέμενοι","VERB"
"945","ἀνομοιοσχημόνα","ADJ"
"946","τὴν","DET"
"947","ἐπιβολὴν","NOUN"
"948","ἔχοντες","VERB"
"949","οἷοί","PRON"
"950","εἰσιν","AUX"
"951","οἱ","DET"
"952","καλούμενοι","VERB"
"953","ἀναλκαπρίδες","NOUN"
"954","ἢ","CCONJ"
"955","ἀναζῶστραι","NOUN"
"956","ἢ","CCONJ"
"957","μασόδεσμοι","NOUN"
"958","ἢ","CCONJ"
"959","ἐπὶ","ADP"
"960","μαστῶν","NOUN"
"961","καὶ","CCONJ"
"962","τὸν","DET"
"963","περὶ","ADP"
"964","ἕδραν","NOUN"
"965","τόπον","NOUN"
"966","ἁρμόζοντες","VERB"
"967","·","PUNCT"
"968","μήκει","NOUN"
"969","δ","ADV"
"970","ἐπεὶ","SCONJ"
"971","οἱ","PRON"
"972","μέν","ADV"
"973","εἰσιν","AUX"
"974","ἐπιμηκέστεροι","ADJ"
"975",",","PUNCT"
"976","οἱ","PRON"
"977","δὲ","ADV"
"978","βραχύτεροι","ADJ"
"979",".","PUNCT"
"980","ὁμοίως","ADV"
"981","δὲ","ADV"
"982","καὶ","ADV"
"983","ἐπὶ","ADP"
"984","πλάτους","NOUN"
"985","ἔχει","VERB"
"986","τοῖς","DET"
"987","ἐπιδεομένοις","VERB"
"988","μέρεσι","NOUN"
"989","προσαρμοζομένου","VERB"
"990","καὶ","CCONJ"
"991","τοῦ","DET"
"992","μήκους","NOUN"
"993","καὶ","CCONJ"
"994","τοῦ","DET"
"995","πλάτους","NOUN"
"996","ἀναλόγως","ADV"
"997",".","PUNCT"
"998","κατασκευῇ","NOUN"
"999","δὲ","ADV"
"1000","διαφέρουσιν","VERB"
"1001","ἀλλήλων","PRON"
"1002",",","PUNCT"
"1003","ἐπεὶ","SCONJ"
"1004","οἱ","PRON"
"1005","μὲν","ADV"
"1006","ὑφαντοὶ","ADJ"
"1007",",","PUNCT"
"1008","οἱ","PRON"
"1009","δὲ","ADV"
"1010","πλωτοὶ","ADJ"
"1011",",","PUNCT"
"1012","οἱ","DET"
"1013","δὲ","ADV"
"1014","πλεκτοί","ADJ"
"1015","εἰσι","AUX"
"1016",".","PUNCT"
"1017","καὶ","CCONJ"
"1018","τῶν","DET"
"1019","ὑφαντῶν","NOUN"
"1020","οἱ","PRON"
"1021","μὲν","ADV"
"1022","εἰς","ADP"
"1023","τοῦτο","ADJ"
"1024","γεγόνασιν","VERB"
"1025",",","PUNCT"
"1026","οἱ","PRON"
"1027","δὲ","ADV"
"1028","πρὸς","ADP"
"1029","ἄλλην","ADJ"
"1030","χρείαν","NOUN"
"1031","γεγονότων","VERB"
"1032","ὑφασμάτων","NOUN"
"1033",",","PUNCT"
"1034","σχιζομένων","VERB"
"1035","δὲ","ADV"
"1036","γίνονται","VERB"
"1037",".","PUNCT"
"1038","οἷς","PRON"
"1039","ἐπὶ","ADP"
"1040","τῶν","DET"
"1041","τραυμάτων","NOUN"
"1042","ὡς","ADV"
"1043","ἐπὶ","ADP"
"1044","πᾶν","ADJ"
"1045","χρώμεθα","VERB"
"1046",",","PUNCT"
"1047","τοῖς","DET"
"1048","δὲ","ADV"
"1049","εἰς","ADP"
"1050","τοῦτο","ADJ"
"1051","ὑφασμένοις","VERB"
"1052","ὡς","ADV"
"1053","ἐπὶ","ADP"
"1054","τῶν","DET"
"1055","κυνηγῶν","NOUN"
"1056","φυλακῆς","NOUN"
"1057","τῶν","DET"
"1058","σκελῶν","NOUN"
"1059","χάριν","ADP"
"1060","ἐπιδεομένοις","VERB"
"1061","καὶ","CCONJ"
"1062","τοῖς","DET"
"1063","καρποδέσμοις","NOUN"
"1064","καλουμένοις","VERB"
"1065",".","PUNCT"
"1066","τοῖς","DET"
"1067","δὲ","ADV"
"1068","πλεκτοῖς","ADJ"
"1069","ὡς","ADV"
"1070","ἐφ","ADP"
"1071","ἡνιοχῶν","NOUN"
"1072","συνοχῆς","NOUN"
"1073","τῶν","DET"
"1074","πλευρῶν","NOUN"
"1075","ἕνεκεν","ADP"
"1076",".","PUNCT"
"1077","Ἔστω","AUX"
"1078","δὲ","ADV"
"1079","κοινὸν","ADJ"
"1080","μὲν","ADV"
"1081","ἐπὶ","ADP"
"1082","πάντων","DET"
"1083","παραγγελμάτων","NOUN"
"1084","ἐπιδεομένων","VERB"
"1085","τὸ","DET"
"1086","εὐπόριστον","ADJ"
"1087","εἶναι","AUX"
"1088","καὶ","CCONJ"
"1089","τοῖς","DET"
"1090","παροῦσιν","VERB"
"1091","ὡς","ADV"
"1092","ἀρίστοις","ADJ"
"1093","δύνασθαι","VERB"
"1094","χρῆσθαι","VERB"
"1095",".","PUNCT"
"1096","ἐκλογῆς","NOUN"
"1097","δέ","ADV"
"1098","τινος","DET"
"1099","οὔσης","AUX"
"1100","τὸ","DET"
"1101","αἱρεῖσθαι","VERB"
"1102","τοὺς","DET"
"1103","ἐπιδέσμους","NOUN"
"1104",",","PUNCT"
"1105","ὡς","ADV"
"1106","εἶπεν","VERB"
"1107","ὁ","DET"
"1108","Ἱπποκράτης","PROPN"
"1109","·","PUNCT"
"1110","φησὶ","VERB"
"1111","γὰρ","ADV"
"1112","ἔστω","AUX"
"1113","ἐπιδέσματα","NOUN"
"1114","καλὰ","ADJ"
"1115",",","PUNCT"
"1116","καθαρὰ","ADJ"
"1117",",","PUNCT"
"1118","λεπτὰ","ADJ"
"1119",",","PUNCT"
"1120","κοῦφα","ADJ"
"1121",",","PUNCT"
"1122","μαλακὰ","ADJ"
"1123",",","PUNCT"
"1124","ὑγιέα","ADJ"
"1125",",","PUNCT"
"1126","ὥστε","SCONJ"
"1127","τάνυσιν","NOUN"
"1128","φέρειν","VERB"
"1129","καὶ","CCONJ"
"1130","ὀλίγῳ","ADJ"
"1131","κρέσσω","ADJ"
"1132","μὴ","ADV"
"1133","ἔχοντα","VERB"
"1134","ξυῤῥαφὰς","NOUN"
"1135",",","PUNCT"
"1136","μηδὲ","CCONJ"
"1137","ἐξαστίας","NOUN"
"1138","·","PUNCT"
"1139","καθαρὰ","ADJ"
"1140","μὲν","ADV"
"1141","γὰρ","ADV"
"1142","εἶναι","AUX"
"1143","δεῖ","VERB"
"1144",",","PUNCT"
"1145","διότι","SCONJ"
"1146","ἀπρεπὲς","ADJ"
"1147","τὸ","DET"
"1148","ῥυπαρὸν","ADJ"
"1149","καὶ","CCONJ"
"1150","μηδὲ","CCONJ"
"1151","ἐπιδεχόμενον","VERB"
"1152","τὰ","DET"
"1153","ἐπιβρέγματα","NOUN"
"1154","καὶ","CCONJ"
"1155","παρέχοντά","VERB"
"1156","τινα","DET"
"1157","βλάβην","NOUN"
"1158","ἐν","ADP"
"1159","τῇ","DET"
"1160","πρὸς","ADP"
"1161","τὰ","DET"
"1162","ἐπιβρέγματα","NOUN"
"1163","μίξει","NOUN"
"1164",".","PUNCT"
"1165","ἔστω","AUX"
"1166","δὲ","ADV"
"1167","καὶ","ADV"
"1168","ἴδιον","ADJ"
"1169","χρῶμα","NOUN"
"1170","ὡς","ADV"
"1171","μὴ","ADV"
"1172","ἀπὸ","ADP"
"1173","πορφύρας","NOUN"
"1174","ἤ","CCONJ"
"1175","τινος","DET"
"1176","ἄλλου","ADJ"
"1177","βάμματος","NOUN"
"1178","τὸ","DET"
"1179","αὐτὸ","ADJ"
"1180","γένηται","VERB"
"1181","ἢ","CCONJ"
"1182","καὶ","ADV"
"1183","φαντασίαν","NOUN"
"1184","ἡμῖν","PRON"
"1185","προβάλλῃ","VERB"
"1186","αἵματος","NOUN"
"1187","ῥέοντος","VERB"
"1188","ἢ","CCONJ"
"1189","τοῦ","DET"
"1190","χρώματος","NOUN"
"1191","ὁμοιότητα","NOUN"
"1192",",","PUNCT"
"1193","λεπτὰ","ADJ"
"1194","δὲ","ADV"
"1195","ὡς","SCONJ"
"1196","μὴ","ADV"
"1197","ὄγκον","NOUN"
"1198","πλείονα","ADJ"
"1199","ταῖς","DET"
"1200","ἐπινεμήσεσι","NOUN"
"1201","παρέχῃ","VERB"
"1202",".","PUNCT"
"1203","μαλακὰ","ADJ"
"1204","δὲ","ADV"
"1205","ὡς","SCONJ"
"1206","μὴ","ADV"
"1207","θλίβῃ","VERB"
"1208","διὰ","ADP"
"1209","τὴν","DET"
"1210","σκληρότητα","NOUN"
"1211",",","PUNCT"
"1212","κοῦφα","ADJ"
"1213","δὲ","ADV"
"1214","εἰς","ADP"
"1215","τὸ","DET"
"1216","μὴ","ADV"
"1217","ἐκ","ADP"
"1218","τοῦ","DET"
"1219","προσόντος","VERB"
"1220","αὐτοῖς","PRON"
"1221","βάρους","NOUN"
"1222","φορτικὴν","ADJ"
"1223","τὴν","DET"
"1224","ἐπίδεσιν","NOUN"
"1225","γίγνεσθαι","VERB"
"1226",",","PUNCT"
"1227","μὴ","ADV"
"1228","ἐχέτω","VERB"
"1229","δὲ","ADV"
"1230","μηδὲ","CCONJ"
"1231","ξυῤῥαφὰς","VERB"
"1232","ἀνωμάλως","ADV"
"1233",",","PUNCT"
"1234","διὰ","ADP"
"1235","τοῦτο","ADJ"
"1236","ποιήσοντα","VERB"
"1237","τὴν","DET"
"1238","θλίψιν","NOUN"
"1239",",","PUNCT"
"1240","ἀλλὰ","CCONJ"
"1241","μηδὲ","CCONJ"
"1242","ἐξαστίαν","NOUN"
"1243","ὅ","PRON"
"1244","ἐστι","AUX"
"1245",",","PUNCT"
"1246","μήτε","CCONJ"
"1247","πάρωον","ADJ"
"1248",",","PUNCT"
"1249","μήτε","CCONJ"
"1250","παραστροφὴν","NOUN"
"1251",",","PUNCT"
"1252","μήτε","CCONJ"
"1253","ὥσπερ","ADV"
"1254","ἶνας","NOUN"
"1255","ἐξεχούσας","VERB"
"1256","·","PUNCT"
"1257","τὸ","DET"
"1258","μὲν","ADV"
"1259","γὰρ","ADV"
"1260","ἀνώμαλον","ADJ"
"1261","τὴν","DET"
"1262","ἐπίδεσιν","NOUN"
"1263","ποιεῖ","VERB"
"1264",".","PUNCT"
"1265","τὰ","DET"
"1266","δὲ","ADV"
"1267","ἐξέχοντα","VERB"
"1268","τὴν","DET"
"1269","ἐπινέμησιν","NOUN"
"1270","οὐκ","ADV"
"1271","ἐᾷ","VERB"
"1272","γίνεσθαι","VERB"
"1273","ῥᾳδίως","ADV"
"1274",",","PUNCT"
"1275","σχίζοντα","VERB"
"1276","δὲ","ADV"
"1277","τοὺς","DET"
"1278","ἐπιδέσμους","NOUN"
"1279","οὐ","ADV"
"1280","κατὰ","ADP"
"1281","τὸ","DET"
"1282","ἐπικάρσιον","ADJ"
"1283","τμῆμα","NOUN"
"1284","τῇ","DET"
"1285","ὤᾳ","NOUN"
"1286","δεῖ","VERB"
"1287","σχίζειν","VERB"
"1288",",","PUNCT"
"1289","ἀλλὰ","CCONJ"
"1290","κατ","ADP"
"1291","εὐθὺ","ADV"
"1292","ὥσπερ","ADV"
"1293","ἐξυφαίνεται","VERB"
"1294","ὡς","ADV"
"1295","τῷ","DET"
"1296","στήμονι","NOUN"
"1297","ἀνευθύνεσθαι","VERB"
"1298","στοχαζόμενον","VERB"
"1299","·","PUNCT"
"1300","ἐπὶ","ADP"
"1301","τούτῳ","ADJ"
"1302","γὰρ","ADV"
"1303","εὔσχιστα","ADJ"
"1304","τὰ","DET"
"1305","ῥάκη","NOUN"
"1306",",","PUNCT"
"1307","ἐπὶ","ADP"
"1308","δὲ","ADV"
"1309","τὴν","DET"
"1310","κροκὴν","NOUN"
"1311","τὸ","DET"
"1312","ἀνάπαλιν","ADJ"
"1313",",","PUNCT"
"1314","ἄλλως","ADV"
"1315","τε","CCONJ"
"1316","καὶ","CCONJ"
"1317","κατὰ","ADP"
"1318","τὴν","DET"
"1319","πρὸς","ADP"
"1320","τὸν","DET"
"1321","στήμονα","NOUN"
"1322","ἀκολουθίαν","NOUN"
"1323","σχιζόμενα","VERB"
"1324","εὐτονώτερα","ADJ"
"1325","πρὸς","ADP"
"1326","τὴν","DET"
"1327","θέσιν","NOUN"
"1328","τῶν","DET"
"1329","ἐπιδεομένων","VERB"
"1330","ἐστί","AUX"
"1331",".","PUNCT"
"1332","Τῶν","DET"
"1333","δὲ","ADV"
"1334","ἐπιδέσεων","NOUN"
"1335","αἱ","PRON"
"1336","μὲν","ADV"
"1337",",","PUNCT"
"1338","ὡς","ADV"
"1339","ἔμπροσθεν","ADV"
"1340","εἶπον","VERB"
"1341",",","PUNCT"
"1342","εἰσὶν","AUX"
"1343","ἁπλαῖ","ADJ"
"1344",",","PUNCT"
"1345","αἱ","PRON"
"1346","δὲ","ADV"
"1347","ποικίλαι","ADJ"
"1348","·","PUNCT"
"1349","καὶ","CCONJ"
"1350","τούτων","ADJ"
"1351","αἱ","PRON"
"1352","μὲν","ADV"
"1353","ἀπὸ","ADP"
"1354","τῶν","DET"
"1355","ἐπιδεομένων","VERB"
"1356","μερῶν","NOUN"
"1357","ἔτυχον","VERB"
"1358","τῆς","DET"
"1359","προσηγορίας","NOUN"
"1360",",","PUNCT"
"1361","αἱ","PRON"
"1362","δὲ","ADV"
"1363","ἀπὸ","ADP"
"1364","τοῦ","DET"
"1365","συμβεβηκότος","VERB"
"1366",",","PUNCT"
"1367","ἄλλαι","ADJ"
"1368","δὲ","ADV"
"1369","κατὰ","ADP"
"1370","μεταφορὰν","NOUN"
"1371","τῆς","DET"
"1372","πρὸς","ADP"
"1373","τὰ","DET"
"1374","ζῶα","NOUN"
"1375","ἐμφερείας","NOUN"
"1376",".","PUNCT"
"1377","ἀπὸ","ADP"
"1378","μὲν","ADV"
"1379","οὖν","ADV"
"1380","τόπων","NOUN"
"1381","ἐπιδεομένων","VERB"
"1382","ὀφθαλμὸς","NOUN"
"1383",",","PUNCT"
"1384","ῥὶς","NOUN"
"1385",",","PUNCT"
"1386","βουβωνίσκος","NOUN"
"1387","καὶ","CCONJ"
"1388","αἱ","DET"
"1389","ταύταις","ADJ"
"1390","παραπλήσιαι","ADJ"
"1391","·","PUNCT"
"1392","ἀπὸ","ADP"
"1393","δὲ","ADV"
"1394","ζώων","NOUN"
"1395","καρκίνος","NOUN"
"1396",",","PUNCT"
"1397","ἱέραξ","NOUN"
"1398",",","PUNCT"
"1399","κριὸς","NOUN"
"1400",",","PUNCT"
"1401","λαγωὸς","NOUN"
"1402",",","PUNCT"
"1403","χελώνη","NOUN"
"1404","·","PUNCT"
"1405","ἀπὸ","ADP"
"1406","δὲ","ADV"
"1407","τῶν","DET"
"1408","συμβεβηκότων","VERB"
"1409","ὡς","ADV"
"1410","χάραξ","NOUN"
"1411","ἥ","DET"
"1412","τε","CCONJ"
"1413","ἐζευγμένη","VERB"
"1414","καὶ","CCONJ"
"1415","ἀπεζευγμένη","VERB"
"1416",",","PUNCT"
"1417","σκεπαστραὶ","NOUN"
"1418",",","PUNCT"
"1419","σειραὶ","NOUN"
"1420","καὶ","CCONJ"
"1421","αἱ","DET"
"1422","ταύταις","ADJ"
"1423","ὅμοιαι","ADJ"
"1424",".","PUNCT"
"1425","τῶν","DET"
"1426","δὲ","ADV"
"1427","ἐπιδέσεων","NOUN"
"1428","τούτων","DET"
"1429","αἱ","PRON"
"1430","μὲν","ADV"
"1431","αὐτὸ","DET"
"1432","τοῦτο","DET"
"1433","ἐπιδέσεις","NOUN"
"1434","εἰσὶν","AUX"
"1435",",","PUNCT"
"1436","ὡς","ADV"
"1437","θόλος","NOUN"
"1438",",","PUNCT"
"1439","βασιλικὸς","ADJ"
"1440",",","PUNCT"
"1441","σκάφιον","NOUN"
"1442",",","PUNCT"
"1443","διάκρισις","NOUN"
"1444",".","PUNCT"
"1445","αἱ","PRON"
"1446","δέ","ADV"
"1447","εἰσιν","AUX"
"1448","ἐπιδέσεις","NOUN"
"1449","ἅμα","ADV"
"1450","καὶ","CCONJ"
"1451","βρόχοι","NOUN"
"1452","ὡς","ADV"
"1453","λαγωὸς","NOUN"
"1454","μετ","ADP"
"1455","ὤτων","NOUN"
"1456","καὶ","CCONJ"
"1457","βουκολίσκος","NOUN"
"1458","καὶ","CCONJ"
"1459","οἱ","DET"
"1460","τούτοις","ADJ"
"1461","ὅμοιοι","ADJ"
"1462","·","PUNCT"
"1463","ἔτι","ADV"
"1464","τῶν","DET"
"1465","ἐπιδέσεων","NOUN"
"1466","αἱ","PRON"
"1467","μὲν","ADV"
"1468","ἀπὸ","ADP"
"1469","μιᾶς","NUM"
"1470","ἀρχῆς","NOUN"
"1471","ἐπιδέονται","VERB"
"1472",",","PUNCT"
"1473","αἱ","PRON"
"1474","δὲ","ADV"
"1475","ἀπὸ","ADP"
"1476","δυοῖν","NUM"
"1477",",","PUNCT"
"1478","αἱ","PRON"
"1479","δὲ","ADV"
"1480","ἀπὸ","ADP"
"1481","μιᾶς","NUM"
"1482","καὶ","CCONJ"
"1483","δυοῖν","NUM"
"1484","ἀρχῶν","NOUN"
"1485","·","PUNCT"
"1486","ἔτι","ADV"
"1487","τῶν","DET"
"1488","ἐπιδέσεων","NOUN"
"1489","αἱ","PRON"
"1490","μὲν","ADV"
"1491","μερῶν","NOUN"
"1492","τινῶν","DET"
"1493","εἰσιν","AUX"
"1494","ἴδιαι","ADJ"
"1495","ἐπ","ADP"
"1496","ἄλλων","ADJ"
"1497","μὴ","ADV"
"1498","ἁρμόζουσαι","VERB"
"1499",",","PUNCT"
"1500","αἱ","PRON"
"1501","δὲ","ADV"
"1502","κοιναὶ","ADJ"
"1503","καὶ","ADV"
"1504","πρὸς","ADP"
"1505","ἄλλα","DET"
"1506","μέρη","NOUN"
"1507","·","PUNCT"
"1508","ἔτι","ADV"
"1509","τῶν","DET"
"1510","ἐπιδέσμων","NOUN"
"1511","οἱ","PRON"
"1512","μὲν","ADV"
"1513","προσθοφανεῖς","ADJ"
"1514","εἰσι","AUX"
"1515","μόνα","ADJ"
"1516","τὰ","DET"
"1517","ἐμπρόσθια","ADJ"
"1518","τοῦ","DET"
"1519","ἀνθρώπου","NOUN"
"1520","ἐπιδεδεμένα","VERB"
"1521","δεικνύοντες","VERB"
"1522",",","PUNCT"
"1523","οἱ","PRON"
"1524","δὲ","ADV"
"1525","ὀπισθοφανεῖς","ADJ"
"1526",",","PUNCT"
"1527","ἄλλοι","ADJ"
"1528","ὁμοιοφανεῖς","ADJ"
"1529","ἐπίσης","ADV"
"1530","καὶ","CCONJ"
"1531","τὰ","DET"
"1532","ἐμπρόσθια","ADJ"
"1533","καὶ","CCONJ"
"1534","τὰ","DET"
"1535","ὀπίσθια","ADJ"
"1536","δεικνύοντες","VERB"
"1537","καὶ","CCONJ"
"1538","ταῦτα","ADJ"
"1539","ὅτι","SCONJ"
"1540","μὲν","ADV"
"1541","ὁμογενῆ","ADJ"
"1542",",","PUNCT"
"1543","ὅτι","SCONJ"
"1544","δὲ","ADV"
"1545","ἑτεροφανῆ","ADJ"
"1546","·","PUNCT"
"1547","σαφῆ","ADJ"
"1548","δ","ADV"
"1549","ἔσται","AUX"
"1550","ταῦτα","ADJ"
"1551","ἐν","ADP"
"1552","τῷ","DET"
"1553","τὰς","DET"
"1554","κατὰ","ADP"
"1555","μέρος","NOUN"
"1556","ἐπιδέσεις","NOUN"
"1557","δεικνύεσθαι","VERB"
"1558",".","PUNCT"
"1559","﻿","CCONJ"
"1560","Ἄξιον","ADJ"
"1561","ἐπισκέψασθαι","VERB"
"1562","πρότερον","ADJ"
"1563","ὡς","SCONJ"
"1564","ἔτυχε","VERB"
"1565","τὴν","DET"
"1566","πρώτην","ADJ"
"1567","τῶν","DET"
"1568","ἐπιδέσμων","NOUN"
"1569","καταβολὴν","NOUN"
"1570","ποιεῖσθαι","VERB"
"1571","χρὴ","VERB"
"1572","καὶ","CCONJ"
"1573","περὶ","ADP"
"1574","τούτου","ADJ"
"1575","ζητητέον","VERB"
"1576","ἐστίν","AUX"
"1577","·","PUNCT"
"1578","οἱ","DET"
"1579","μὲν","ADV"
"1580","γὰρ","ADV"
"1581","πρὸ","ADP"
"1582","ἡμῶν","PRON"
"1583","πάντες","DET"
"1584","τόπους","NOUN"
"1585","τινὰς","DET"
"1586","ἀφώρισαν","VERB"
"1587","τοῦ","DET"
"1588","σώματος","NOUN"
"1589",",","PUNCT"
"1590","ἐφ","ADP"
"1591","ὧν","PRON"
"1592","δεῖ","VERB"
"1593","τὴν","DET"
"1594","θέσιν","NOUN"
"1595","τῶν","DET"
"1596","ἀρχῶν","NOUN"
"1597","ποιεῖσθαι","VERB"
"1598",",","PUNCT"
"1599","οἷον","ADV"
"1600","ἐπὶ","ADP"
"1601","κεφαλῆς","NOUN"
"1602","ἐπιδεομένης","VERB"
"1603",".","PUNCT"
"1604","δι","ADP"
"1605","ὃ","PRON"
"1606","δή","ADV"
"1607","ποτ","ADV"
"1608","οὖν","ADV"
"1609","τὴν","DET"
"1610","ἀρχὴν","NOUN"
"1611","κατ","ADP"
"1612","ἰνίου","PROPN"
"1613","τάσσουσι","VERB"
"1614","κακεῖθεν","CCONJ"
"1615","τὰς","DET"
"1616","ἐπινεμήσεις","NOUN"
"1617","ἄγοντες","VERB"
"1618","συντελοῦσι","VERB"
"1619","τὰς","DET"
"1620","ἐπιδέσεις","NOUN"
"1621","οὐδέν","ADJ"
"1622","τι","DET"
"1623","ἐστοχασμένοι","VERB"
"1624","τοῦ","DET"
"1625","πάθους","NOUN"
"1626","δι","ADP"
"1627","ὃ","PRON"
"1628","ἐπιδέουσι","VERB"
"1629","εἴτε","CCONJ"
"1630","ἁρμοζόντως","ADV"
"1631","αὐτὸ","DET"
"1632","τοῦτο","ADJ"
"1633","πράττουσιν","VERB"
"1634",",","PUNCT"
"1635","εἴτε","CCONJ"
"1636","καὶ","ADV"
"1637","μή","ADV"
"1638","·","PUNCT"
"1639","καὶ","CCONJ"
"1640","ἐπὶ","ADP"
"1641","τῶν","DET"
"1642","ἄλλων","ADJ"
"1643","δὲ","ADV"
"1644","μερῶν","NOUN"
"1645","ἀφωρίσαντό","VERB"
"1646","πως","ADV"
"1647","ἢ","CCONJ"
"1648","ὑπὸ","ADP"
"1649","ἀμαθίας","NOUN"
"1650","ἢ","CCONJ"
"1651","ἀγνοίας","NOUN"
"1652",",","PUNCT"
"1653","ὡς","ADV"
"1654","εἰκὸς","ADJ"
"1655","τοῦτο","ADJ"
"1656","πράττοντες","VERB"
"1657",".","PUNCT"
"1658","δεῖ","VERB"
"1659","γὰρ","ADV"
"1660","τὸν","DET"
"1661","ὀρθῶς","ADV"
"1662","ἐπιδέοντα","VERB"
"1663","πειρᾶσθαι","VERB"
"1664","μὴ","ADV"
"1665","μόνον","ADJ"
"1666",",","PUNCT"
"1667","ὥς","ADV"
"1668","φησιν","VERB"
"1669","Ἱπποκράτης","PROPN"
"1670",",","PUNCT"
"1671","ἁρμόζον","VERB"
"1672","τὸ","DET"
"1673","εἶδος","NOUN"
"1674","τῷ","DET"
"1675","εἴδει","NOUN"
"1676","ποιεῖν","VERB"
"1677",",","PUNCT"
"1678","ἀλλὰ","CCONJ"
"1679","καὶ","ADV"
"1680","τῷ","DET"
"1681","πάθει","NOUN"
"1682","τοῦ","DET"
"1683","ἐπιδεομένου","VERB"
"1684",".","PUNCT"
"1685","διὸ","ADV"
"1686","καὶ","CCONJ"
"1687","ἡμεῖς","PRON"
"1688","οὐχ","ADV"
"1689","ὅπη","ADV"
"1690","ἔτυχεν","VERB"
"1691",",","PUNCT"
"1692","ἀλλ","CCONJ"
"1693","ὅπη","ADV"
"1694","δεῖ","VERB"
"1695","τάσσομεν","VERB"
"1696","τὰς","DET"
"1697","ἀρχὰς","NOUN"
"1698","καὶ","CCONJ"
"1699","τὰ","DET"
"1700","πέρατα","NOUN"
"1701","δὲ","ADV"
"1702","τῶν","DET"
"1703","ἐπιδέσεων","NOUN"
"1704","τιθέναι","VERB"
"1705","δεῖ","VERB"
"1706",",","PUNCT"
"1707","ὥς","ADV"
"1708","φησιν","VERB"
"1709","ὁ","DET"
"1710","παλαιός","ADJ"
"1711",".","PUNCT"
"1712","τὰ","DET"
"1713","δὲ","ADV"
"1714","κινούμενα","VERB"
"1715","οἷον","ADV"
"1716","ἄρθρα","NOUN"
"1717",",","PUNCT"
"1718","ὅπη","ADV"
"1719","μὲν","ADV"
"1720","ξυγκάμπτεται","VERB"
"1721","ὡς","ADV"
"1722","ἥκιστα","ADV"
"1723","καὶ","CCONJ"
"1724","εὐσταλέστατα","ADJ"
"1725","περιβάλλειν","VERB"
"1726",",","PUNCT"
"1727","οἶον","ADV"
"1728","ἰγνύην","NOUN"
"1729",",","PUNCT"
"1730","ὅπη","ADV"
"1731","δὲ","ADV"
"1732","περιτείνεται","VERB"
"1733","ἁπλᾶ","ADJ"
"1734","τε","CCONJ"
"1735","καὶ","CCONJ"
"1736","πλατέα","ADJ"
"1737",",","PUNCT"
"1738","οἷον","ADV"
"1739","ἡ","DET"
"1740","μύλη","PROPN"
"1741",".","PUNCT"
"1742","προσπεριβάλλειν","VERB"
"1743","δὲ","ADV"
"1744","καταλήψιος","NOUN"
"1745","μὲν","ADV"
"1746","τῶν","DET"
"1747","περὶ","ADP"
"1748","ταῦτα","ADJ"
"1749","εἵνεκα","ADP"
"1750",".","PUNCT"
"1751","ἀναλήψιος","NOUN"
"1752","δὲ","ADV"
"1753","τοῦ","DET"
"1754","ξύμπαντος","ADJ"
"1755","ἐπιδέσμου","NOUN"
"1756","ἐν","ADP"
"1757","τοῖσιν","DET"
"1758","ἀτρεμέουσι","VERB"
"1759","καὶ","CCONJ"
"1760","λαπαρωτέροισι","ADJ"
"1761","τοῦ","DET"
"1762","σώματος","NOUN"
"1763",",","PUNCT"
"1764","οἷον","PRON"
"1765","τὸ","DET"
"1766","ἄνω","ADV"
"1767","καὶ","CCONJ"
"1768","τὸ","DET"
"1769","κάτω","ADV"
"1770","τοῦ","DET"
"1771","γόνατος","NOUN"
"1772",".","PUNCT"
"1773","ὁμολογέει","VERB"
"1774","δὲ","ADV"
"1775","ὤμου","NOUN"
"1776","μὲν","ADV"
"1777","ἡ","DET"
"1778","περὶ","ADP"
"1779","τὴν","DET"
"1780","ἑτέραν","ADJ"
"1781","μασχάλην","NOUN"
"1782","περιβολὴ","NOUN"
"1783",",","PUNCT"
"1784","βουβῶνος","NOUN"
"1785","δὲ","ADV"
"1786","ἡ","DET"
"1787","περὶ","ADP"
"1788","τὸν","DET"
"1789","ἕτερον","ADJ"
"1790","κενεῶνα","NOUN"
"1791","καὶ","CCONJ"
"1792","κνήμης","NOUN"
"1793","ἡ","DET"
"1794","ὑπὲρ","ADP"
"1795","τὴν","DET"
"1796","γαστροκνημίην","NOUN"
"1797",".","PUNCT"
"1798","ὁκόσοισι","PRON"
"1799","μὲν","ADV"
"1800","ἄνω","ADV"
"1801","ἡ","DET"
"1802","φυγὴ","NOUN"
"1803","κάτωθεν","ADV"
"1804","ἡ","DET"
"1805","ἀντίληψις","NOUN"
"1806",",","PUNCT"
"1807","οἷσι","PRON"
"1808","δὲ","ADV"
"1809","κάτω","ADV"
"1810","τὸ","DET"
"1811","ἐναντίον","ADJ"
"1812",",","PUNCT"
"1813","οἷσι","PRON"
"1814","δὲ","ADV"
"1815","μή","ADV"
"1816","ἐστιν","AUX"
"1817",",","PUNCT"
"1818","οἷον","PRON"
"1819","ἡ","DET"
"1820","κεφαλὴ","NOUN"
"1821",",","PUNCT"
"1822","τουτέων","ADJ"
"1823","ἐν","ADP"
"1824","τῷ","DET"
"1825","ὁμαλωτάτῳ","ADJ"
"1826","τὰς","DET"
"1827","καταλήψιας","NOUN"
"1828","ποιέεσθαι","VERB"
"1829","καὶ","CCONJ"
"1830","ἥκιστα","ADV"
"1831","λοξῷ","ADJ"
"1832","τῷ","DET"
"1833","ἐπιδέσμῳ","NOUN"
"1834","χρέεσθαι","VERB"
"1835",",","PUNCT"
"1836","ὡς","ADV"
"1837","τὸ","DET"
"1838","μονιμώτατον","ADJ"
"1839","ὕστατον","ADJ"
"1840","περιβληθὲν","VERB"
"1841","τὰ","DET"
"1842","πλανωδέστατα","ADJ"
"1843","κατέχειν","VERB"
"1844","ἐπιδεῖν","VERB"
"1845","εὖ","ADV"
"1846","προσήκει","VERB"
"1847","στοχαζόμενον","VERB"
"1848","καὶ","ADV"
"1849","τῶν","DET"
"1850","κατὰ","ADP"
"1851","τὴν","DET"
"1852","ἐνέργειαν","NOUN"
"1853","ἀριθμῶν","NOUN"
"1854",".","PUNCT"
"1855","δύο","NUM"
"1856","γὰρ","ADV"
"1857","ὄντων","AUX"
"1858","ἐνεργειῶν","NOUN"
"1859","εἰδέων","NOUN"
"1860",",","PUNCT"
"1861","ὥς","ADV"
"1862","φησιν","VERB"
"1863","Ἱπποκράτης","PROPN"
"1864","·","PUNCT"
"1865","μιᾶς","NUM"
"1866","μὲν","ADV"
"1867","καθ","ADP"
"1868","ἣν","PRON"
"1869","συντελοῦμεν","VERB"
"1870",",","PUNCT"
"1871","ἑτέρας","ADJ"
"1872","δὲ","ADV"
"1873","καθ","ADP"
"1874","ἣν","PRON"
"1875","συντελεύσαμεν","VERB"
"1876",",","PUNCT"
"1877","ἐν","ADP"
"1878","ἀμφοτέροις","ADJ"
"1879","φροντίδα","NOUN"
"1880","πεποιεῖσθαι","VERB"
"1881","δεῖ","VERB"
"1882","τοῦ","DET"
"1883","ἐν","ADP"
"1884","μὲν","ADV"
"1885","τῷ","DET"
"1886","ἐπιδεῖν","VERB"
"1887","ἐργάζεσθαι","VERB"
"1888","ταχέως","ADV"
"1889",",","PUNCT"
"1890","ἀπόνως","ADV"
"1891",",","PUNCT"
"1892","εὐπόρως","ADV"
"1893",",","PUNCT"
"1894","εὐρύθμως","ADV"
"1895",".","PUNCT"
"1896","ταχέως","ADV"
"1897","μὲν","ADV"
"1898","σκοπὸν","NOUN"
"1899","ἔχοντα","VERB"
"1900","ἀνύειν","VERB"
"1901","τὰ","DET"
"1902","ἔργα","NOUN"
"1903",",","PUNCT"
"1904","ἀπόνως","ADV"
"1905","δὲ","ADV"
"1906","ῥηϊδίως","ADV"
"1907","δρῇν","VERB"
"1908",",","PUNCT"
"1909","εὐπόρως","ADV"
"1910","δὲ","ADV"
"1911","ἐς","ADP"
"1912","πᾶν","ADJ"
"1913","ἑτοίμως","ADV"
"1914",",","PUNCT"
"1915","εὐρύθμως","ADV"
"1916","δὲ","ADV"
"1917","δρῆσθαι","VERB"
"1918","ἡδέως","ADV"
"1919",".","PUNCT"
"1920","ἐπιδεδεκότα","VERB"
"1921","δὲ","ADV"
"1922","ἔχειν","VERB"
"1923","πάσας","DET"
"1924","τὰς","DET"
"1925","ἔμπροσθεν","ADV"
"1926","εἰρημένας","VERB"
"1927","ἀρειὰς","NOUN"
"1928","ἀγαθῶς","ADV"
"1929","καὶ","CCONJ"
"1930","καλῶς","ADV"
"1931","καὶ","CCONJ"
"1932","τὰ","DET"
"1933","λοιπά","ADJ"
"1934",".","PUNCT"
"1935","Περὶ","ADP"
"1936","δὲ","ADV"
"1937","εὐχρησίας","NOUN"
"1938","τῶν","DET"
"1939","ἐπιδεομένων","VERB"
"1940","τάδε","ADJ"
"1941","χρὴ","VERB"
"1942","εἰδέναι","VERB"
"1943","·","PUNCT"
"1944","ὡς","SCONJ"
"1945","τῶν","DET"
"1946","ἐπιδέσεων","NOUN"
"1947","αἱ","PRON"
"1948","μὲν","ADV"
"1949","ἰωμένοις","VERB"
"1950","τισὶν","ADJ"
"1951","ὑπηρετοῦσι","VERB"
"1952","συνοχῆς","NOUN"
"1953","χάριν","ADP"
"1954","παραλαμβανόμεναι","VERB"
"1955",",","PUNCT"
"1956","αἱ","PRON"
"1957","δὲ","ADV"
"1958","οὐκ","ADV"
"1959","εἰς","ADP"
"1960","τοῦτο","ADJ"
"1961",",","PUNCT"
"1962","εἰς","ADP"
"1963","δὲ","ADV"
"1964","τὸ","DET"
"1965","αὐτουργῆσαι","VERB"
"1966","παραλαμβάνονται","VERB"
"1967",",","PUNCT"
"1968","αὗται","ADJ"
"1969","τὴν","DET"
"1970","ἴασιν","NOUN"
"1971","πεπιστευμέναι","VERB"
"1972",",","PUNCT"
"1973","ἐφ","ADP"
"1974","ὧν","PRON"
"1975","μάλιστα","ADV"
"1976","ἠκριβωκέναι","VERB"
"1977","δεῖ","VERB"
"1978",",","PUNCT"
"1979","ὅπη","ADV"
"1980","ποτὲ","ADV"
"1981","τακτέον","VERB"
"1982","τὴν","DET"
"1983","ἀρχὴν","NOUN"
"1984","καὶ","CCONJ"
"1985","ὅθεν","ADV"
"1986","τὰς","DET"
"1987","ἐπινεμήσεις","NOUN"
"1988","ποιητέον","VERB"
"1989",",","PUNCT"
"1990","καί","CCONJ"
"1991","που","ADV"
"1992","τελευτητέον","VERB"
"1993","·","PUNCT"
"1994","ὧν","PRON"
"1995","ἕκαστα","ADJ"
"1996","διὰ","ADP"
"1997","γραφῆς","NOUN"
"1998","μὲν","ADV"
"1999","τἀκριβὲς","ADJ"
"2000","παραδοῦναι","VERB"
"2001","οὐχ","ADV"
"2002","οἷόν","ADJ"
"2003","τε","ADV"
"2004",".","PUNCT"
"2005","ἀφορμὰς","NOUN"
"2006","δὲ","ADV"
"2007","παρασχεῖν","VERB"
"2008",",","PUNCT"
"2009","δι","ADP"
"2010","ὧν","PRON"
"2011","εἶ","SCONJ"
"2012","ἐπιλόγιστος","ADJ"
"2013","ἐν","ADP"
"2014","τοῖς","DET"
"2015","ἐπὶ","ADP"
"2016","μέρους","NOUN"
"2017","ἔσται","AUX"
"2018","ὁ","DET"
"2019","ἰατρὸς","NOUN"
"2020","ἐπιστάμενος","VERB"
"2021","φύσιν","NOUN"
"2022","τε","CCONJ"
"2023","ἑκάστου","ADJ"
"2024","τῶν","DET"
"2025","μερῶν","NOUN"
"2026","ὡς","ADV"
"2027","ἔχει","VERB"
"2028","εὐφόρως","ADV"
"2029","πρός","ADP"
"2030","τε","CCONJ"
"2031","ἐπίδεσιν","NOUN"
"2032","καὶ","CCONJ"
"2033","ἀνάληψιν","NOUN"
"2034","καὶ","CCONJ"
"2035","θέσιν","NOUN"
"2036",".","PUNCT"
"2037","ἐπιστάμενος","VERB"
"2038","δὲ","ADV"
"2039","καὶ","ADV"
"2040","τι","PRON"
"2041","δύναται","VERB"
"2042","ἐπίδεσις","NOUN"
"2043","·","PUNCT"
"2044","δύναται","VERB"
"2045","τοίνυν","ADV"
"2046","ἐπίδεσις","NOUN"
"2047","τὰ","DET"
"2048","μὲν","ADV"
"2049","ἀφεστῶτα","VERB"
"2050","προστεῖλαι","VERB"
"2051",",","PUNCT"
"2052","τὰ","DET"
"2053","δὲ","ADV"
"2054","ἐκτετραμμένα","VERB"
"2055","συστεῖλαι","VERB"
"2056",",","PUNCT"
"2057","τὰ","DET"
"2058","δὲ","ADV"
"2059","διεστραμμένα","VERB"
"2060","διορθῶσαι","VERB"
"2061","καὶ","CCONJ"
"2062","τὰ","DET"
"2063","ἐναντία","ADJ"
"2064","πάντων","ADJ"
"2065","χρῆσθαι","VERB"
"2066",",","PUNCT"
"2067","ἐπιδεῖν","VERB"
"2068","δὲ","ADV"
"2069","μὲν","ADV"
"2070","ἀφεστῶτα","VERB"
"2071",",","PUNCT"
"2072","ὥστε","SCONJ"
"2073","τὰ","DET"
"2074","μετέωρα","ADJ"
"2075",".","PUNCT"
"2076","δεῖ","VERB"
"2077","δὲ","ADV"
"2078","τῆς","DET"
"2079","ἕδρας","NOUN"
"2080","ψαύειν","VERB"
"2081",",","PUNCT"
"2082","τοῦτ","ADJ"
"2083","ἔστι","AUX"
"2084","τῶν","DET"
"2085","ἑδραίων","ADJ"
"2086","ἀφ","ADP"
"2087","ὧν","PRON"
"2088","ἀπέστη","VERB"
"2089","καὶ","CCONJ"
"2090","εἰ","SCONJ"
"2091","μετεωρισθῇ","VERB"
"2092","·","PUNCT"
"2093","μὴ","ADV"
"2094","πιέζειν","VERB"
"2095","δὲ","ADV"
"2096","καὶ","CCONJ"
"2097","μὴ","ADV"
"2098","ἦρχθαι","VERB"
"2099","μὲν","ADV"
"2100","ἐκ","ADP"
"2101","τοῦ","DET"
"2102","ὑγιέος","ADJ"
"2103",",","PUNCT"
"2104","τελευτῆσαι","VERB"
"2105","δ","ADV"
"2106","εἰς","ADP"
"2107","τὸ","DET"
"2108","ἕλκος","NOUN"
"2109","ὡς","SCONJ"
"2110","τὸ","DET"
"2111","μὲν","ADV"
"2112","ὑπεὸν","VERB"
"2113","ἐξάγηται","VERB"
"2114",",","PUNCT"
"2115","ὅπερ","PRON"
"2116","ἐστὶν","AUX"
"2117","ἐκθλίβηται","VERB"
"2118",",","PUNCT"
"2119","ἕτερον","ADJ"
"2120","δὲ","ADV"
"2121","μὴ","ADV"
"2122","ἐπισυλλέγηται","VERB"
"2123",".","PUNCT"
"2124","ἐφ","ADP"
"2125","ὧν","PRON"
"2126","δ","ADV"
"2127","ἂν","ADV"
"2128","ἀποστήσασθαι","VERB"
"2129","βουληθῶμεν","VERB"
"2130","πάντα","ADJ"
"2131","τἀναντία","ADJ"
"2132","χρὴ","VERB"
"2133","ποιεῖν","VERB"
"2134","τοῖς","DET"
"2135","συναγομένοις","VERB"
"2136",",","PUNCT"
"2137","ἐφ","ADP"
"2138","ὧν","PRON"
"2139","δὲ","ADV"
"2140","ἐκπεπετασμένα","VERB"
"2141","ὅπερ","PRON"
"2142","ἐστὶν","AUX"
"2143","ἐκτετραμμένα","VERB"
"2144",",","PUNCT"
"2145","ἐκ","ADP"
"2146","πολλοῦ","ADJ"
"2147","δὲ","ADV"
"2148","βουλόμεθα","VERB"
"2149","συναγαγεῖν","VERB"
"2150","τὰ","DET"
"2151","μὲν","ADV"
"2152","ἄλλα","ADJ"
"2153","τὰ","DET"
"2154","αὐτὰ","PRON"
"2155","ποιητέον","VERB"
"2156",".","PUNCT"
"2157","ἐκ","ADP"
"2158","πολλοῦ","ADJ"
"2159","δέ","ADV"
"2160","τινος","ADJ"
"2161","τὴν","DET"
"2162","συναγωγὴν","NOUN"
"2163","καὶ","CCONJ"
"2164","ἐκ","ADP"
"2165","προσαγωγῆς","NOUN"
"2166","τὴν","DET"
"2167","πίεσιν","NOUN"
"2168","ποιεῖσθαι","VERB"
"2169","τὸ","DET"
"2170","πρῶτον","ADJ"
"2171","ἥκιστα","ADV"
"2172",",","PUNCT"
"2173","ἑξῆς","ADV"
"2174","ἔτι","ADV"
"2175","μᾶλλον","ADV"
"2176","ὅρον","NOUN"
"2177","τοῦ","DET"
"2178","μᾶλλον","ADV"
"2179","τοῦ","DET"
"2180","συμψαύειν","VERB"
"2181","καὶ","CCONJ"
"2182","ἡρμόσθαι","VERB"
"2183",",","PUNCT"
"2184","μὴ","ADV"
"2185","ἐρηρεῖσθαι","VERB"
"2186","δέ","ADV"
"2187",".","PUNCT"
"2188","ὑφ","ADP"
"2189","ὧν","PRON"
"2190","δὲ","ADV"
"2191","δεῖ","VERB"
"2192","συνηγμένα","VERB"
"2193","διαστῆσαι","VERB"
"2194","ἐν","ADP"
"2195","φλεγμονῇ","NOUN"
"2196","ἐληνέειν","VERB"
"2197",",","PUNCT"
"2198","ἄνευ","ADP"
"2199","δὲ","ADV"
"2200","φλεγμονῆς","NOUN"
"2201","παρασκευῇ","NOUN"
"2202","μὲν","ADV"
"2203","τῇ","DET"
"2204","αὐτῇ","DET"
"2205",",","PUNCT"
"2206","ἐπιδέσει","NOUN"
"2207","δὲ","ADV"
"2208","ἐναντίῃ","ADJ"
"2209","διεστραμμένα","VERB"
"2210","διορθῶσαι","VERB"
"2211","τὰ","DET"
"2212","μὲν","ADV"
"2213","ἄλλα","ADJ"
"2214","ταῦτα","ADJ"
"2215",".","PUNCT"
"2216","δεῖ","VERB"
"2217","δὲ","ADV"
"2218","τὰ","DET"
"2219","μὲν","ADV"
"2220","ἀπεληλυθότα","VERB"
"2221","ἐπάγειν","VERB"
"2222",",","PUNCT"
"2223","τὰ","DET"
"2224","δὲ","ADV"
"2225","ἐναντία","ADJ"
"2226","ἐναντίως","ADV"
"2227","·","PUNCT"
"2228","ἅπαντα","ADJ"
"2229","δὲ","ADV"
"2230","ταῦτα","ADJ"
"2231","ὥσπερ","ADV"
"2232","νόμους","NOUN"
"2233","ἐπιστάμενόν","VERB"
"2234","τε","CCONJ"
"2235","καὶ","CCONJ"
"2236","διαφυλάττοντα","VERB"
"2237","ἑκάστῳ","ADJ"
"2238","πάθει","NOUN"
"2239","τὸ","DET"
"2240","κατάλληλον","ADJ"
"2241","αὐτῶν","PRON"
"2242","αἱρεῖσθαι","VERB"
"2243",",","PUNCT"
"2244","μὴ","ADV"
"2245","προσέχοντα","VERB"
"2246","εἰς","ADP"
"2247","τόπους","NOUN"
"2248","τινάς","DET"
"2249",".","PUNCT"
"2250","ἡμεῖς","PRON"
"2251","ἀφορίζομεν","VERB"
"2252","τὰ","DET"
"2253","νῦν","ADV"
"2254","ἐπιδέοντες","VERB"
"2255",",","PUNCT"
"2256","ἀφ","ADP"
"2257","ὧν","PRON"
"2258","δεῖ","VERB"
"2259","τῆς","DET"
"2260","ἐπινεμήσεως","NOUN"
"2261","ἄρχεσθαι","VERB"
"2262","·","PUNCT"
"2263","διὰ","ADP"
"2264","γραφῆς","NOUN"
"2265","γὰρ","ADV"
"2266","καθ","ADP"
"2267","ἓν","NUM"
"2268","ἐξηργασμένον","VERB"
"2269","οὐ","ADV"
"2270","ῥᾳδίως","ADV"
"2271","ἦν","AUX"
"2272","εἰπεῖν","VERB"
"2273","·","PUNCT"
"2274","εὐδήλου","ADJ"
"2275","δὲ","ADV"
"2276","διδασκαλίας","NOUN"
"2277","χάριν","ADP"
"2278","ἡμεῖς","PRON"
"2279","ἐν","ADP"
"2280","τῇ","DET"
"2281","παραδόσει","NOUN"
"2282","τῶν","DET"
"2283","ἐπιδέσμων","NOUN"
"2284","τόπους","NOUN"
"2285","ἀφορίζομεν","VERB"
"2286",",","PUNCT"
"2287","ἀφ","ADP"
"2288","ὧν","PRON"
"2289","ἄρχεσθαι","VERB"
"2290","δεῖ","VERB"
"2291",",","PUNCT"
"2292","αὐτῶν","DET"
"2293","δ","ADV"
"2294","ἐπὶ","ADP"
"2295","τῶν","DET"
"2296","ἔργων","NOUN"
"2297","τὸ","DET"
"2298","κατάλληλον","ADJ"
"2299","αἱρεῖσθαι","VERB"
"2300","προσήκει","VERB"
"2301",".","PUNCT"
"2302","Σύμμετρον","ADJ"
"2303","ῥάκος","NOUN"
"2304","λαβόντες","VERB"
"2305","ἐπισχίζομεν","VERB"
"2306","εἰς","ADP"
"2307","σκέλη","NOUN"
"2308","ἓξ","NUM"
"2309","τὸ","DET"
"2310","μέσον","ADJ"
"2311","συνεχὲς","ADJ"
"2312","ἐῶντες","VERB"
"2313",",","PUNCT"
"2314","ὃ","PRON"
"2315","καὶ","ADV"
"2316","ἐπιβάλλομεν","VERB"
"2317","τῇ","DET"
"2318","κορυφῇ","NOUN"
"2319",",","PUNCT"
"2320","τῶν","DET"
"2321","δὲ","ADV"
"2322","σκελῶν","NOUN"
"2323","καὶ","CCONJ"
"2324","τῶν","DET"
"2325","παρειμένων","VERB"
"2326","λαβόμενοι","VERB"
"2327","τῶν","DET"
"2328","μέσων","ADJ"
"2329","ἐπιῤῥήγνυμεν","VERB"
"2330","τὸ","DET"
"2331","κατὰ","ADP"
"2332","τὴν","DET"
"2333","ἕξιν","NOUN"
"2334","τῶν","DET"
"2335","ὤτων","NOUN"
"2336","μέρος","NOUN"
"2337","ὑπό","ADP"
"2338","τε","CCONJ"
"2339","τῷ","DET"
"2340","ἀνθερεῶνι","NOUN"
"2341","προσθέντες","VERB"
"2342","τὰς","DET"
"2343","ἀρχὰς","NOUN"
"2344","ἁμματίζομεν","VERB"
"2345",".","PUNCT"
"2346","ἑτέρου","ADJ"
"2347","δὲ","ADV"
"2348","στενοῦ","ADJ"
"2349","τελαμῶνος","NOUN"
"2350","τὸ","DET"
"2351","μέσον","ADJ"
"2352","τῷ","DET"
"2353","ἰνίῳ","NOUN"
"2354","προσθέντες","VERB"
"2355","καὶ","CCONJ"
"2356","τὰ","DET"
"2357","ἄκρα","NOUN"
"2358","παράγοντες","VERB"
"2359","τοῦ","DET"
"2360","μετώπου","NOUN"
"2361","ἐκ","ADP"
"2362","πλαγίων","ADJ"
"2363","τῆς","DET"
"2364","κεφαλῆς","NOUN"
"2365","﻿","CCONJ"
"2366","ἁμματίζομεν","VERB"
"2367","·","PUNCT"
"2368","οὕτω","ADV"
"2369","τε","CCONJ"
"2370","τὰς","DET"
"2371","λειπομένας","ADJ"
"2372","τέσσαρας","NUM"
"2373","ἀρχὰς","NOUN"
"2374","ἄγοντες","VERB"
"2375","ἐφάπτομεν","VERB"
"2376","τὰς","DET"
"2377","μὲν","ADV"
"2378","ὀπισθίους","ADJ"
"2379","πλησίον","ADP"
"2380","τοῦ","DET"
"2381","κατὰ","ADP"
"2382","τὸν","DET"
"2383","στενὸν","ADJ"
"2384","τελαμῶνα","NOUN"
"2385","ἅμματος","NOUN"
"2386",",","PUNCT"
"2387","τὰς","DET"
"2388","δὲ","ADV"
"2389","ἐμπροσθίους","ADJ"
"2390","παρὰ","ADP"
"2391","τὸ","DET"
"2392","ἰνίον","NOUN"
"2393",".","PUNCT"
"2394","δυνατὸν","ADJ"
"2395","δὲ","ADV"
"2396","καὶ","ADV"
"2397","χωρὶς","ADP"
"2398","ἁμμάτων","NOUN"
"2399","τὰς","PRON"
"2400","μὲν","ADV"
"2401","ὑποβάλλειν","VERB"
"2402",",","PUNCT"
"2403","τὰς","PRON"
"2404","δὲ","ADV"
"2405","ἐμβάλλειν","VERB"
"2406","τὴν","DET"
"2407","ὑστάτην","ADJ"
"2408","ἀγκτηρίζοντα","VERB"
"2409",".","PUNCT"
"2410","Διαιροῦμεν","VERB"
"2411","τὸ","DET"
"2412","ῥάκος","NOUN"
"2413","εἰς","ADP"
"2414","σκέλη","NOUN"
"2415","τέσσαρα","NUM"
"2416","τὸ","DET"
"2417","μέσον","ADJ"
"2418","συνεχὲς","ADJ"
"2419","ἐῶντες","VERB"
"2420",",","PUNCT"
"2421","ὃ","PRON"
"2422","καὶ","ADV"
"2423","ἐπιβάλλομεν","VERB"
"2424","τῷ","DET"
"2425","μετώπῳ","NOUN"
"2426",",","PUNCT"
"2427","τὰς","DET"
"2428","ἀρχὰς","NOUN"
"2429","δὲ","ADV"
"2430","τὰς","DET"
"2431","ἐμπροσθίους","ADJ"
"2432","ἀπάγομεν","VERB"
"2433","ἐπὶ","ADP"
"2434","ἰνίον","NOUN"
"2435","κατὰ","ADP"
"2436","τῶν","DET"
"2437","ὀπισθίων","ADJ"
"2438","ἀρχῶν","NOUN"
"2439","κατὰ","ADP"
"2440","τῶν","DET"
"2441","παρειμένων","VERB"
"2442","κἀκεῖ","CCONJ"
"2443","ἁμματίζομεν","VERB"
"2444",",","PUNCT"
"2445","ἐπὶ","ADP"
"2446","τὰς","DET"
"2447","ἑτέρας","ADJ"
"2448","δύο","NUM"
"2449","ἀρχὰς","NOUN"
"2450","ἀνακλάσαντες","VERB"
"2451","ἄγομεν","VERB"
"2452","ἐπὶ","ADP"
"2453","κορυφὴν","NOUN"
"2454",",","PUNCT"
"2455","ὑπ","ADP"
"2456","αὐτὴν","PRON"
"2457","δὲ","ADV"
"2458","ἁμματίζομεν","VERB"
"2459",".","PUNCT"
"2460","δυνατὸν","ADJ"
"2461","δὲ","ADV"
"2462","τὰς","DET"
"2463","ἐπὶ","ADP"
"2464","κορυφῆς","NOUN"
"2465","ἀγομένας","VERB"
"2466","ὑπὸ","ADP"
"2467","τὸ","DET"
"2468","γένειον","NOUN"
"2469","ἀγαγόντας","VERB"
"2470","ἁμματίζειν","VERB"
"2471",",","PUNCT"
"2472","τούτῳ","ADJ"
"2473","καὶ","CCONJ"
"2474","ἐπὶ","ADP"
"2475","ἰνίῳ","NOUN"
"2476","χρώμεθα","VERB"
"2477","τὰς","DET"
"2478","ἀρχὰς","NOUN"
"2479","ἐκ","ADP"
"2480","πλαγίων","ADJ"
"2481","τῆς","DET"
"2482","κεφαλῆς","NOUN"
"2483","ἁμματίζοντες","VERB"
"2484",".","PUNCT"
"2485","Διελόντες","VERB"
"2486","τὸ","DET"
"2487","ῥάκος","NOUN"
"2488","εἰς","ADP"
"2489","σκέλη","NOUN"
"2490","ὀκτὼ","NUM"
"2491","τοῦ","DET"
"2492","μέσου","ADJ"
"2493","ἀσχίστου","ADJ"
"2494","καταλειπομένου","VERB"
"2495","μεγέθει","NOUN"
"2496","ὡς","ADV"
"2497","ὅλην","ADJ"
"2498","τὴν","DET"
"2499","κεφαλὴν","NOUN"
"2500","σκεπάσαι","VERB"
"2501","ἐπιβάλλοντες","VERB"
"2502","ὕλῃ","NOUN"
"2503","τῇ","DET"
"2504","κεφαλῇ","NOUN"
"2505","καὶ","CCONJ"
"2506","τῶν","DET"
"2507","σκελῶν","NOUN"
"2508","παρειμένων","VERB"
"2509","δύο","NUM"
"2510","ἄγομεν","VERB"
"2511","ἐπὶ","ADP"
"2512","τὸν","DET"
"2513","ἀνθερεῶνα","NOUN"
"2514","διελόντες","VERB"
"2515","αὐτῶν","PRON"
"2516","τὴν","DET"
"2517","κατὰ","ADP"
"2518","τὰ","DET"
"2519","ὦτα","NOUN"
"2520","συνέχειαν","NOUN"
"2521","κἀκεῖ","ADV"
"2522","ἁμματίζομεν","VERB"
"2523",".","PUNCT"
"2524","λοιπῶν","ADJ"
"2525","δὲ","ADV"
"2526","ὄντων","AUX"
"2527","τεσσάρων","NUM"
"2528","ὄπισθεν","ADV"
"2529",",","PUNCT"
"2530","δύο","NUM"
"2531","δ","ADV"
"2532","ἔμπροσθεν","ADV"
"2533","τὰ","DET"
"2534","ὕστατα","ADJ"
"2535","τῶν","DET"
"2536","ὄπισθεν","ADV"
"2537","ὑπὲρ","ADP"
"2538","τὰ","DET"
"2539","ἄλλα","ADJ"
"2540","ἀνάγομεν","VERB"
"2541","ἐπὶ","ADP"
"2542","τὸ","DET"
"2543","μέτωπον","NOUN"
"2544",",","PUNCT"
"2545","καὶ","CCONJ"
"2546","τὸ","DET"
"2547","μὲν","ADV"
"2548","ἐπὶ","ADP"
"2549","πέρας","NOUN"
"2550","ὑποστέλλομεν","VERB"
"2551",",","PUNCT"
"2552","τὸ","DET"
"2553","δὲ","ADV"
"2554","δὴ","ADV"
"2555","ἕτερον","ADJ"
"2556","ἐπιβάλλομεν","VERB"
"2557","εἰς","ADP"
"2558","κατάληψιν","NOUN"
"2559","τοῦ","DET"
"2560","ὑποκειμένου","VERB"
"2561","·","PUNCT"
"2562","ἔπειτα","ADV"
"2563","οὕτω","ADV"
"2564","τὰ","DET"
"2565","ἐμπρόσθια","ADJ"
"2566","σκέλη","NOUN"
"2567","ἄγομεν","VERB"
"2568","ἐπὶ","ADP"
"2569","τὸ","DET"
"2570","ἰνίον","NOUN"
"2571",".","PUNCT"
"2572","ὁμοίως","ADV"
"2573","τὰς","DET"
"2574","δὲ","ADV"
"2575","πρώτας","ADJ"
"2576","ἀρχὰς","NOUN"
"2577","ταῦτα","ADJ"
"2578","καταλαβόμενοι","VERB"
"2579","τούτων","ADJ"
"2580","τε","CCONJ"
"2581","τὴν","DET"
"2582","ἑτέραν","ADJ"
"2583","ὑποστέλλοντες","VERB"
"2584","εἰς","ADP"
"2585","ἑτέραν","ADJ"
"2586","καὶ","CCONJ"
"2587","τὰς","DET"
"2588","ἄλλας","ADJ"
"2589","δὲ","ADV"
"2590","δύο","NUM"
"2591","τὰς","DET"
"2592","ὀπισθίας","ADJ"
"2593","ἄγομεν","VERB"
"2594","ἐπὶ","ADP"
"2595","τὸ","DET"
"2596","μέτωπον","NOUN"
"2597","·","PUNCT"
"2598","ἣν","PRON"
"2599","μὲν","ADV"
"2600","ὑποστέλλοντες","VERB"
"2601",",","PUNCT"
"2602","ἣν","PRON"
"2603","δὲ","ADV"
"2604","ἐπάγοντες","VERB"
"2605",",","PUNCT"
"2606","ἣν","PRON"
"2607","δὲ","ADV"
"2608","τελευταίαν","ADJ"
"2609","οὖσαν","AUX"
"2610","καὶ","ADV"
"2611","τὰ","DET"
"2612","πλάγια","ADJ"
"2613","τῆς","DET"
"2614","κεφαλῆς","NOUN"
"2615","ἀγκτηριζόμενοι","VERB"
"2616","·","PUNCT"
"2617","τῷ","DET"
"2618","χωρὶς","ADP"
"2619","ἁμμάτων","NOUN"
"2620","τὴν","DET"
"2621","κεφαλὴν","NOUN"
"2622","ἐπιδεομένῳ","VERB"
"2623","σχιστῷ","ADJ"
"2624","φυλασσόμενοι","VERB"
"2625","τὴν","DET"
"2626","ἐκ","ADP"
"2627","τῶν","DET"
"2628","ἁμμάτων","NOUN"
"2629","θλίψιν","NOUN"
"2630",".","PUNCT"
"2631","Ἡ","DET"
"2632","μεσότης","NOUN"
"2633","τῆς","DET"
"2634","καθ","ADP"
"2635","ὅλης","ADJ"
"2636","κεφαλῆς","NOUN"
"2637","τῶν","DET"
"2638","ἀρχῶν","NOUN"
"2639","·","PUNCT"
"2640","αἱ","DET"
"2641","μὲν","ADV"
"2642","τέσσαρες","NUM"
"2643","κατὰ","ADP"
"2644","μετώπου","NOUN"
"2645","ὑπ","ADP"
"2646","εὐθείας","ADJ"
"2647","κρεμάσθωσαν","VERB"
"2648",",","PUNCT"
"2649","αἱ","DET"
"2650","δὲ","ADV"
"2651","ἄλλαι","DET"
"2652","τέσσαρες","NUM"
"2653","κατὰ","ADP"
"2654","ἰνίου","PROPN"
"2655",".","PUNCT"
"2656","τῶν","DET"
"2657","δὲ","ADV"
"2658","κατὰ","ADP"
"2659","μετώπου","NOUN"
"2660","δύο","NUM"
"2661","αἱ","DET"
"2662","ἔξωθεν","ADV"
"2663","σχισθεῖσαι","VERB"
"2664","ἐπὶ","ADP"
"2665","ἰνίον","NOUN"
"2666","ἀπαγέσθωσαν","VERB"
"2667",",","PUNCT"
"2668","κἀκεῖ","ADV"
"2669","ἁμματιζέσθωσαν","VERB"
"2670","καὶ","CCONJ"
"2671","ἀπὸ","ADP"
"2672","ἰνίου","PROPN"
"2673","δὲ","ADV"
"2674","αὗται","ADJ"
"2675","ταῖς","DET"
"2676","κατὰ","ADP"
"2677","τοῦ","DET"
"2678","μετώπου","NOUN"
"2679","ἀγέσθωσαν","VERB"
"2680","καὶ","CCONJ"
"2681","παρὰ","ADP"
"2682","μέρος","NOUN"
"2683","ἁμματιζέσθωσαν","VERB"
"2684","·","PUNCT"
"2685","εἶτα","ADV"
"2686","ἑξῆς","ADV"
"2687","αἱ","DET"
"2688","λοιπαὶ","ADJ"
"2689","δύο","NUM"
"2690","κατὰ","ADP"
"2691","τοῦ","DET"
"2692","μετώπου","NOUN"
"2693","σχισθεῖσαι","VERB"
"2694","ἐπὶ","ADP"
"2695","ἰνίον","NOUN"
"2696","ἀγέσθωσαν","VERB"
"2697",",","PUNCT"
"2698","αἱ","DET"
"2699","δὲ","ADV"
"2700","ἀπὸ","ADP"
"2701","ἰνίου","NOUN"
"2702","ἐπὶ","ADP"
"2703","μετώπου","NOUN"
"2704",".","PUNCT"
"2705","Ἁρμόζει","VERB"
"2706","μὲν","ADV"
"2707","ἐφ","ADP"
"2708","ὧν","PRON"
"2709","ὅλην","ADJ"
"2710","κεφαλὴν","NOUN"
"2711","σκεπάσαι","VERB"
"2712","θέλομεν","VERB"
"2713","παρασκεπάστρα","NOUN"
"2714","ἐκλήθη","VERB"
"2715",".","PUNCT"
"2716","ὁ","DET"
"2717","δὲ","ADV"
"2718","κάτοχός","ADJ"
"2719","ἐστι","AUX"
"2720","ταινία","NOUN"
"2721","ὑπερμήκης","ADJ"
"2722","ὑπὲρ","ADP"
"2723","τὴν","DET"
"2724","σκεπάστραν","NOUN"
"2725","κατὰ","ADP"
"2726","μῆκος","NOUN"
"2727","κύκλῳ","ADV"
"2728","τῷ","DET"
"2729","προσώπῳ","NOUN"
"2730","καὶ","CCONJ"
"2731","τῇ","DET"
"2732","κεφαλῇ","NOUN"
"2733","περιτιθεμένη","VERB"
"2734","εἰς","ADP"
"2735","τὴν","DET"
"2736","κατάληψιν","NOUN"
"2737","τῆς","DET"
"2738","σκεπάστρας","NOUN"
"2739",",","PUNCT"
"2740","ὁ","DET"
"2741","δὲ","ADV"
"2742","καθολκεὺς","NOUN"
"2743","ἐκ","ADP"
"2744","ταινίας","NOUN"
"2745","γίνεται","VERB"
"2746","ἐπιμήκους","ADJ"
"2747",".","PUNCT"
"2748","παραλαμβάνεται","VERB"
"2749","δὲ","ADV"
"2750","χάριν","ADP"
"2751","τοῦ","DET"
"2752","καθελκεῖν","VERB"
"2753","τὸν","DET"
"2754","ἐπίδεσμον","NOUN"
"2755","εἰς","ADP"
"2756","τὸ","DET"
"2757","μὴ","ADV"
"2758","ἀπολισθαίνειν","VERB"
"2759",",","PUNCT"
"2760","ἐπιτελεῖται","VERB"
"2761","δ","ADV"
"2762","οὕτω","ADV"
"2763",".","PUNCT"
"2764","ῥάκος","NOUN"
"2765","λαμβανέσθω","VERB"
"2766","πλάτει","NOUN"
"2767","μὲν","ADV"
"2768","τηλικοῦτον","DET"
"2769",",","PUNCT"
"2770","ὥστε","SCONJ"
"2771","σκέπειν","VERB"
"2772","ὅλην","ADJ"
"2773","τὴν","DET"
"2774","κεφαλὴν","NOUN"
"2775",",","PUNCT"
"2776","μήκει","NOUN"
"2777","δὲ","ADV"
"2778","ὡς","ADV"
"2779","πλεῖστον","ADJ"
"2780","ἢ","ADV"
"2781","διπλοῦν","ADJ"
"2782","δύνασθαι","VERB"
"2783","τοῦτο","ADJ"
"2784","ποιῆσαι","VERB"
"2785",".","PUNCT"
"2786","τούτου","ADJ"
"2787","ἡ","DET"
"2788","μὲν","ADV"
"2789","ἑτέρα","ADJ"
"2790","ἀρχὴ","NOUN"
"2791","κατ","ADP"
"2792","ἰνίου","NOUN"
"2793","τασσέσθω","VERB"
"2794",",","PUNCT"
"2795","ἡ","DET"
"2796","δὲ","ADV"
"2797","ἑτέρα","ADJ"
"2798","κατὰ","ADP"
"2799","προσώπου","NOUN"
"2800","παρείσθω","VERB"
"2801",",","PUNCT"
"2802","στενοῦ","ADJ"
"2803","τε","CCONJ"
"2804","δὲ","ADV"
"2805","τελαμῶνος","NOUN"
"2806","ἡ","DET"
"2807","μεσότης","NOUN"
"2808","ὑπὸ","ADP"
"2809","τὸ","DET"
"2810","γένειον","NOUN"
"2811","τασσέσθω","VERB"
"2812",",","PUNCT"
"2813","αἱ","DET"
"2814","δὲ","ADV"
"2815","ἀρχαὶ","NOUN"
"2816","κατὰ","ADP"
"2817","παρειῶν","NOUN"
"2818","καὶ","CCONJ"
"2819","κατὰ","ADP"
"2820","βρέγματος","NOUN"
"2821","ἀγέσθωσαν","VERB"
"2822","ὅπου","ADV"
"2823","κεχιέσθαι","VERB"
"2824","ἐπὶ","ADP"
"2825","γόνει","NOUN"
"2826","ἐπαγέσθωσαν","VERB"
"2827",".","PUNCT"
"2828","ἑτέρου","ADJ"
"2829","δὲ","ADV"
"2830","στενοῦ","ADJ"
"2831","τελαμῶνος","NOUN"
"2832","ἡ","DET"
"2833","μεσότης","NOUN"
"2834","κατὰ","ADP"
"2835","μετώπου","NOUN"
"2836",",","PUNCT"
"2837","αἱ","DET"
"2838","δὲ","ADV"
"2839","ἀρχαὶ","NOUN"
"2840","κυκλοτερῶς","ADV"
"2841","ἐπὶ","ADP"
"2842","ἰνίον","NOUN"
"2843",",","PUNCT"
"2844","ἐνταῦθά","ADV"
"2845","τε","CCONJ"
"2846","πρὸς","ADP"
"2847","ἑαυτὰς","PRON"
"2848","καὶ","CCONJ"
"2849","πρὸς","ADP"
"2850","τὰς","DET"
"2851","τοῦ","DET"
"2852","καθολκέως","NOUN"
"2853","ἀρχὰς","NOUN"
"2854","ἁμματιζέσθωσαν","VERB"
"2855",".","PUNCT"
"2856","τὸ","DET"
"2857","δὲ","ADV"
"2858","κατὰ","ADP"
"2859","προσώπου","NOUN"
"2860","παρειμένον","VERB"
"2861","εἰς","ADP"
"2862","δύο","NUM"
"2863","σκέλη","NOUN"
"2864","ἐπ","ADP"
"2865","εὐθείας","ADJ"
"2866","διαιρείσθω","VERB"
"2867","μέχρι","ADP"
"2868","μεσοφρύου","NOUN"
"2869","καὶ","CCONJ"
"2870","ἰσχιασθέντα","VERB"
"2871","κατὰ","ADP"
"2872","μετώπου","NOUN"
"2873","κυκλοτερῶς","ADV"
"2874","ἐπὶ","ADP"
"2875","ἰνίον","NOUN"
"2876","ἀπαγέσθω","VERB"
"2877","κἀκεῖ","ADV"
"2878","ἁμματιζέσθω","VERB"
"2879",".","PUNCT"
"2880","δυνατὸν","ADJ"
"2881","δὲ","ADV"
"2882","καὶ","ADV"
"2883","τὸν","DET"
"2884","κατοχὸν","NOUN"
"2885","καὶ","CCONJ"
"2886","τὸν","DET"
"2887","κάθολκον","NOUN"
"2888","ἐξ","ADP"
"2889","ἑνὸς","NUM"
"2890","ποιῆσαι","VERB"
"2891","ταινιδίου","NOUN"
"2892","ἐπιμηκεστέρου","ADJ"
"2893","τὸν","DET"
"2894","τρόπον","NOUN"
"2895","τοῦτον","DET"
"2896",".","PUNCT"
"2897","μεσότης","NOUN"
"2898","κατὰ","ADP"
"2899","βρέγματος","NOUN"
"2900",",","PUNCT"
"2901","αἱ","DET"
"2902","δ","ADV"
"2903","ἀρχαὶ","NOUN"
"2904","ἐπ","ADP"
"2905","εὐθείας","ADJ"
"2906","κατὰ","ADP"
"2907","παρειῶν","NOUN"
"2908","ὑπὸ","ADP"
"2909","γένειον","NOUN"
"2910","·","PUNCT"
"2911","εἶτα","ADV"
"2912","ὑπὸ","ADP"
"2913","λοβοὺς","NOUN"
"2914","ὤτων","NOUN"
"2915","ἐπὶ","ADP"
"2916","ἰνίον","NOUN"
"2917",".","PUNCT"
"2918","κἀκεῖ","ADV"
"2919","χιαζέσθωσαν","VERB"
"2920","ἀπὸ","ADP"
"2921","ἰνίου","NOUN"
"2922","ἐπὶ","ADP"
"2923","μέτωπον","NOUN"
"2924",",","PUNCT"
"2925","τὸ","DET"
"2926","δὲ","ADV"
"2927","ἅμμα","NOUN"
"2928","ἐκ","ADP"
"2929","πλαγίων","ADJ"
"2930","τῆς","DET"
"2931","κεφαλῆς","NOUN"
"2932",".","PUNCT"
"2933","ἁπλοῖ","ADJ"
"2934","ἐπίδεσμοι","NOUN"
"2935",".","PUNCT"
"2936","Οὕτως","ADV"
"2937","λοιπὸν","ADJ"
"2938","δ","ADV"
"2939","ἂν","ADV"
"2940","εἴη","AUX"
"2941","καὶ","ADV"
"2942","περὶ","ADP"
"2943","τῶν","DET"
"2944","ποικίλων","ADJ"
"2945","εἰπεῖν","VERB"
"2946",",","PUNCT"
"2947","πρότερον","ADJ"
"2948","ἐμφανίσαντα","VERB"
"2949","ὡς","SCONJ"
"2950","τῶν","DET"
"2951","ἐπινεμήσεων","NOUN"
"2952","ἡ","PRON"
"2953","μέν","ADV"
"2954","τις","DET"
"2955","λέγεται","VERB"
"2956","εὐθεῖα","ADJ"
"2957",",","PUNCT"
"2958","ἡ","PRON"
"2959","δὲ","ADV"
"2960","πλαγία","ADJ"
"2961",",","PUNCT"
"2962","ἡ","DET"
"2963","δὲ","ADV"
"2964","λοξὴ","ADJ"
"2965",",","PUNCT"
"2966","ὡς","ADV"
"2967","τὰ","DET"
"2968","ὀνόματα","NOUN"
"2969","σημαίνει","VERB"
"2970","·","PUNCT"
"2971","ἄλλη","ADJ"
"2972","δὲ","ADV"
"2973","στεφανιαία","ADJ"
"2974",",","PUNCT"
"2975","ἡ","DET"
"2976","δὲ","ADV"
"2977","μετωπιαία","ADJ"
"2978",",","PUNCT"
"2979","ἡ","PRON"
"2980","δὲ","ADV"
"2981","παρείας","NOUN"
"2982",",","PUNCT"
"2983","ἡ","PRON"
"2984","δὲ","ADV"
"2985","γενειὰς","NOUN"
"2986",",","PUNCT"
"2987","ἡ","PRON"
"2988","δὲ","ADV"
"2989","εὔκυκλος","ADJ"
"2990",",","PUNCT"
"2991","ἡ","DET"
"2992","δὲ","ADV"
"2993","κυκλικὴ","ADJ"
"2994","ἐπίδεσις","NOUN"
"2995",",","PUNCT"
"2996","ἄλλη","ADJ"
"2997","δὲ","ADV"
"2998","σκέπαρνος","NOUN"
"2999",".","PUNCT"
"3000","στεφανιαία","ADJ"
"3001","μὲν","ADV"
"3002","οὖν","ADV"
"3003","ἐστιν","AUX"
"3004","ἡ","DET"
"3005","κατὰ","ADP"
"3006","τοῦ","DET"
"3007","βρέγμα","NOUN"
"3008","τος","NOUN"
"3009","ἀγομένη","VERB"
"3010","ὁμοίως","ADV"
"3011","τοῖς","DET"
"3012","στέφεσι","NOUN"
"3013",",","PUNCT"
"3014","μετωπιαία","ADJ"
"3015","δὲ","ADV"
"3016","ἡ","DET"
"3017","ἐπὶ","ADP"
"3018","τοῦ","DET"
"3019","μετώπου","NOUN"
"3020","κατακυκλουμένη","VERB"
"3021",",","PUNCT"
"3022","γενειὰς","NOUN"
"3023","δὲ","ADV"
"3024","ἡ","DET"
"3025","κατὰ","ADP"
"3026","γενείου","NOUN"
"3027",".","PUNCT"
"3028","ὁμοίως","ADV"
"3029","δὲ","ADV"
"3030","καὶ","ADV"
"3031","παρειὰς","NOUN"
"3032","ἀπὸ","ADP"
"3033","τοῦ","DET"
"3034","μέρους","NOUN"
"3035",",","PUNCT"
"3036","σκέπαρνος","NOUN"
"3037","δὲ","ADV"
"3038","ἥτις","PRON"
"3039","καθ","ADP"
"3040","ἓν","NUM"
"3041","μέρος","NOUN"
"3042","κοίλη","ADJ"
"3043","ἐστὶν","AUX"
"3044","ὑπό","ADP"
"3045","τι","DET"
"3046","μονοειδὲς","ADJ"
"3047","οὖσα","AUX"
"3048",".","PUNCT"
"3049","κατὰ","ADP"
"3050","δὲ","ADV"
"3051","τὸ","DET"
"3052","ἕτερον","ADJ"
"3053","περίκυρτος","NOUN"
"3054",".","PUNCT"
"3055","τῶν","DET"
"3056","οὖν","ADV"
"3057","καταβαλῶν","VERB"
"3058","ταῦτα","DET"
"3059","τὰ","DET"
"3060","ὀνόματα","NOUN"
"3061",".","PUNCT"
"3062","Αὕτη","DET"
"3063","ἡ","DET"
"3064","ἐπίδεσις","NOUN"
"3065","ἁρμόζει","VERB"
"3066","κατὰ","ADP"
"3067","μέν","ADV"
"3068","τινας","ADJ"
"3069","ἐπὶ","ADP"
"3070","τῶν","DET"
"3071","κατὰ","ADP"
"3072","τὰς","DET"
"3073","ῥοφὰς","NOUN"
"3074","διαστάσεων","NOUN"
"3075",",","PUNCT"
"3076","κατὰ","ADP"
"3077","δέ","ADV"
"3078","τινας","ADJ"
"3079","ἐφ","ADP"
"3080","ὧν","PRON"
"3081","τραύματος","NOUN"
"3082","ὄντος","AUX"
"3083","τὰ","DET"
"3084","παρακείμενα","VERB"
"3085","ἀφέστηκεν","VERB"
"3086","εἰς","ADP"
"3087","τὴν","DET"
"3088","ἐκείνων","ADJ"
"3089","μὲν","ADV"
"3090","κόλλησιν","NOUN"
"3091",",","PUNCT"
"3092","τῶν","DET"
"3093","δὲ","ADV"
"3094","ὑγρῶν","ADJ"
"3095","διὰ","ADP"
"3096","τὸ","DET"
"3097","ἐστεγνῶσθαι","VERB"
"3098","τὸ","DET"
"3099","ἕλκος","NOUN"
"3100","ἔκκρισιν","NOUN"
"3101",".","PUNCT"
"3102","συντελεῖται","VERB"
"3103","δὲ","ADV"
"3104","οὕτως","ADV"
"3105","·","PUNCT"
"3106","ἡ","DET"
"3107","τοῦ","DET"
"3108","τελαμῶνος","NOUN"
"3109","ἀρχὴ","NOUN"
"3110","διάκειται","VERB"
"3111","ἐκ","ADP"
"3112","πλαγίων","ADJ"
"3113","τῆς","DET"
"3114","κεφαλῆς","NOUN"
"3115",",","PUNCT"
"3116","εἶτα","ADV"
"3117","ἄγεται","VERB"
"3118","λοξὴ","ADJ"
"3119","ἐπὶ","ADP"
"3120","κορυφὴν","NOUN"
"3121","καὶ","CCONJ"
"3122","τὸν","DET"
"3123","ἕνα","NUM"
"3124","κροταφόν","NOUN"
"3125",".","PUNCT"
"3126","ἐκεῖθεν","ADV"
"3127","δὲ","ADV"
"3128","παρειὰς","PROPN"
"3129","συντελεῖται","VERB"
"3130","·","PUNCT"
"3131","καὶ","CCONJ"
"3132","ἑτέρα","ADJ"
"3133","παρειὰς","PROPN"
"3134","λοξῇ","ADJ"
"3135","τῇ","DET"
"3136","πρώτῃ","ADJ"
"3137","ἀντικειμένη","VERB"
"3138","ὡς","ADV"
"3139","χίασμα","NOUN"
"3140","γίγνεσθαι","VERB"
"3141","ἐπὶ","ADP"
"3142","ἰνίον","NOUN"
"3143",",","PUNCT"
"3144","ἀπὸ","ADP"
"3145","ἰνίου","PROPN"
"3146","λοξὴ","ADJ"
"3147",",","PUNCT"
"3148","διεστῶσα","VERB"
"3149","τῶν","DET"
"3150","πρώτων","ADJ"
"3151","·","PUNCT"
"3152","εἶτα","ADV"
"3153","παρειάδες","NOUN"
"3154","δύο","NUM"
"3155","καὶ","CCONJ"
"3156","πάλιν","ADV"
"3157","λοξὴ","ADJ"
"3158",",","PUNCT"
"3159","ἵνα","SCONJ"
"3160","γένηται","VERB"
"3161","ῥόμβος","NOUN"
"3162","ἐν","ADP"
"3163","μέσῳ","ADJ"
"3164",",","PUNCT"
"3165","ποιοῦνται","VERB"
"3166",",","PUNCT"
"3167","εἶτα","ADV"
"3168","μετωπιαῖαι","ADJ"
"3169","ἐπινομαὶ","VERB"
"3170","κατὰ","ADP"
"3171","τῶν","DET"
"3172","αὐτῶν","ADJ"
"3173","πρὸς","ADP"
"3174","τὴν","DET"
"3175","τῶν","DET"
"3176","γυμνῶν","ADJ"
"3177","σκέπην","NOUN"
"3178",".","PUNCT"
"3179","﻿","CCONJ"
"3180","Ἁρμόζει","VERB"
"3181","μὲν","ADV"
"3182","καὶ","ADV"
"3183","ἐφ","ADP"
"3184","ὧν","PRON"
"3185","ὁ","DET"
"3186","θόλος","NOUN"
"3187",".","PUNCT"
"3188","συντελεῖται","VERB"
"3189","δὲ","ADV"
"3190","οὕτως","ADV"
"3191","·","PUNCT"
"3192","ἡ","DET"
"3193","τοῦ","DET"
"3194","τελαμῶνος","NOUN"
"3195","ἀρχὴ","NOUN"
"3196","τάσσεται","VERB"
"3197","ὑπὸ","ADP"
"3198","ἰνίον","NOUN"
"3199",",","PUNCT"
"3200","εἶτα","ADV"
"3201","ἄγεται","VERB"
"3202","τὸ","DET"
"3203","σπείραμα","NOUN"
"3204","ὑπὸ","ADP"
"3205","λοβὸν","NOUN"
"3206","ὠτὸς","NOUN"
"3207",",","PUNCT"
"3208","εἶτ","ADV"
"3209","ἐπὶ","ADP"
"3210","βρέγμα","NOUN"
"3211","λοξὴ","ADJ"
"3212","καὶ","CCONJ"
"3213","ἐπὶ","ADP"
"3214","ἰνίον","NOUN"
"3215",".","PUNCT"
"3216","ἀπὸ","ADP"
"3217","ἰνίου","PROPN"
"3218","λοξὴ","ADJ"
"3219","ἐπὶ","ADP"
"3220","βρέγμα","NOUN"
"3221","ἀντικειμένη","VERB"
"3222","τῇ","DET"
"3223","πρώτῃ","ADJ"
"3224",",","PUNCT"
"3225","εἶθ","ADV"
"3226","ὑπὸ","ADP"
"3227","λοβὸν","NOUN"
"3228","ὠτὸς","NOUN"
"3229",",","PUNCT"
"3230","εἶτ","ADV"
"3231","ἐπ","ADP"
"3232","ἰνίον","NOUN"
"3233","ἐκεῖθέν","ADV"
"3234","τε","CCONJ"
"3235","μετωπιαία","ADJ"
"3236","συντελεῖται","VERB"
"3237","·","PUNCT"
"3238","ὥστε","SCONJ"
"3239","τὸ","DET"
"3240","μέσον","ADJ"
"3241","ἡμιῤῥομβιαῖον","ADJ"
"3242","εἶναι","AUX"
"3243",".","PUNCT"
"3244","τὸ","DET"
"3245","δὲ","ADV"
"3246","πέρας","NOUN"
"3247","καὶ","CCONJ"
"3248","ἐν","ADP"
"3249","ταύτῃ","ADJ"
"3250","καὶ","CCONJ"
"3251","ἐν","ADP"
"3252","ἁπάσαις","DET"
"3253","ταῖς","DET"
"3254","ἐπιδέσεσι","NOUN"
"3255","κατὰ","ADP"
"3256","τὰ","DET"
"3257","πλάγια","ADJ"
"3258","τῆς","DET"
"3259","κεφαλῆς","NOUN"
"3260","ἀγκτῆρσι","NOUN"
"3261","συνέχεσθαι","VERB"
"3262","ὀφείλει","VERB"
"3263",".","PUNCT"
"3264","ἔνεστι","VERB"
"3265","δὲ","ADV"
"3266","ἀπὸ","ADP"
"3267","τῆς","DET"
"3268","πρώτης","ADJ"
"3269","τὰς","DET"
"3270","ἐπινεμήσεις","NOUN"
"3271","μὴ","ADV"
"3272","κάτωθεν","ADV"
"3273","ἄνω","ADV"
"3274",",","PUNCT"
"3275","ἄλλα","CCONJ"
"3276","τοὐναντίον","ADJ"
"3277","ποιεῖσθαι","VERB"
"3278","ἄνπερ","ADV"
"3279","ἁρμόζει","VERB"
"3280",".","PUNCT"
"3281","Ἁρμόζει","VERB"
"3282","μὲν","ADV"
"3283","ἐφ","ADP"
"3284","ὧν","PRON"
"3285","κορυφὴν","NOUN"
"3286","καὶ","CCONJ"
"3287","βρέγμα","NOUN"
"3288","συνεπιδῆσαι","VERB"
"3289","θέλομεν","VERB"
"3290",".","PUNCT"
"3291","συντελεῖται","VERB"
"3292","δ","ADV"
"3293","οὕτω","ADV"
"3294","·","PUNCT"
"3295","τάξαντες","VERB"
"3296","κατ","ADP"
"3297","ἰνίου","NOUN"
"3298","ἄγομεν","VERB"
"3299","τὸ","DET"
"3300","σπείραμα","NOUN"
"3301","εὐθυτενεῖ","ADJ"
"3302","κατὰ","ADP"
"3303","κορυφῆς","NOUN"
"3304","ἐπὶ","ADP"
"3305","τὸ","DET"
"3306","μέτωπον","NOUN"
"3307",",","PUNCT"
"3308","ἐνταῦθά","ADV"
"3309","τε","CCONJ"
"3310","παριστάντες","VERB"
"3311","τῷ","DET"
"3312","λιχανῷ","ADJ"
"3313","τῆς","DET"
"3314","ἀριστερᾶς","ADJ"
"3315","χειρὸς","NOUN"
"3316","ἡμῶν","PRON"
"3317","δακτύλῳ","NOUN"
"3318",".","PUNCT"
"3319","ἀπάγομεν","VERB"
"3320","πάλιν","ADV"
"3321","ἐπὶ","ADP"
"3322","ἰνίον","NOUN"
"3323","τῷ","DET"
"3324","πρώτῳ","ADJ"
"3325","παράλληλον","ADJ"
"3326","ἀπὸ","ADP"
"3327","ἰνίου","NOUN"
"3328","τε","CCONJ"
"3329","τρίτῳ","ADJ"
"3330","ἐπὶ","ADP"
"3331","μέτωπον","NOUN"
"3332","ἄγομεν","VERB"
"3333","παράλληλον","ADJ"
"3334",".","PUNCT"
"3335","ὅτε","ADV"
"3336","καὶ","ADV"
"3337","παρειλήσαντες","VERB"
"3338","τὴν","DET"
"3339","ταινίαν","NOUN"
"3340","τὴν","DET"
"3341","ὑπὸ","ADP"
"3342","δακτύλου","NOUN"
"3343","διακρατουμένην","VERB"
"3344","μετωπιαίαν","ADJ"
"3345","συντελοῦμεν","VERB"
"3346",".","PUNCT"
"3347","Εὐθετεῖ","VERB"
"3348","μὲν","ADV"
"3349","ἐφ","ADP"
"3350","ὧν","PRON"
"3351","καὶ","ADV"
"3352","ὁ","DET"
"3353","θόλος","NOUN"
"3354",".","PUNCT"
"3355","ἔχει","VERB"
"3356","δέ","ADV"
"3357","τινα","DET"
"3358","μετὰ","ADP"
"3359","τῆς","DET"
"3360","εὐχρηστίας","NOUN"
"3361","καὶ","CCONJ"
"3362","εὐμορφίαν","NOUN"
"3363",".","PUNCT"
"3364","ἐπὶ","ADP"
"3365","συντελουμένῳ","VERB"
"3366","τῷ","DET"
"3367","θόλῳ","NOUN"
"3368","στενοῦ","ADJ"
"3369","τελαμῶνος","NOUN"
"3370","τὴν","DET"
"3371","ἀρχὴν","NOUN"
"3372","καὶ","CCONJ"
"3373","τάξαι","VERB"
"3374","δεῖ","VERB"
"3375","ὑπὸ","ADP"
"3376","ταῖς","DET"
"3377","ἐπινεμήσεσι","NOUN"
"3378","ταῖς","DET"
"3379","κατ","ADP"
"3380","ἰνίου","NOUN"
"3381",",","PUNCT"
"3382","ἐκεῖθέν","ADV"
"3383","τε","CCONJ"
"3384","λοξὴν","ADJ"
"3385","ἄγειν","VERB"
"3386","κορυφὴν","NOUN"
"3387","ἐπὶ","ADP"
"3388","βρέγμα","NOUN"
"3389",".","PUNCT"
"3390","μέτωπον","NOUN"
"3391","ὑπειλήσεται","VERB"
"3392","τοῖς","DET"
"3393","κατὰ","ADP"
"3394","μέτωπον","NOUN"
"3395","τῆς","DET"
"3396","πρώτης","ADJ"
"3397","ταινίας","NOUN"
"3398","ἀγκύλην","NOUN"
"3399",",","PUNCT"
"3400","εἶτα","ADV"
"3401","ἄγειν","VERB"
"3402","λοξὴν","ADJ"
"3403","ἐπὶ","ADP"
"3404","βρέγμα","NOUN"
"3405",",","PUNCT"
"3406","κορυφὴν","NOUN"
"3407",",","PUNCT"
"3408","ἰνίον","NOUN"
"3409",".","PUNCT"
"3410","ἀπὸ","ADP"
"3411","ἰνίου","NOUN"
"3412","ἐπὶ","ADP"
"3413","λοβὸν","NOUN"
"3414","ὠτὸς","NOUN"
"3415","δεξιοῦ","ADJ"
"3416","καὶ","CCONJ"
"3417","ἐπὶ","ADP"
"3418","βρέγμα","NOUN"
"3419","καὶ","CCONJ"
"3420","ἐπὶ","ADP"
"3421","τὸν","DET"
"3422","ἀριστερὸν","ADJ"
"3423","τοῦ","DET"
"3424","ὠτὸς","NOUN"
"3425","λοβὸν","NOUN"
"3426","καὶ","CCONJ"
"3427","ἐπὶ","ADP"
"3428","ἰνίον","NOUN"
"3429",".","PUNCT"
"3430","ταύτῃ","DET"
"3431","τῇ","DET"
"3432","ἐπιδέσει","NOUN"
"3433","εἰς","ADP"
"3434","ἀσφάλειαν","NOUN"
"3435","μετωπιαίαν","ADJ"
"3436","ἡμεῖς","PRON"
"3437","προσαποδίδομεν","VERB"
"3438",".","PUNCT"
"3439","Ἐπὶ","ADP"
"3440","συντετελεσμένῳ","VERB"
"3441","τῷ","DET"
"3442","θόλῳ","NOUN"
"3443","δακτυλιαίου","ADJ"
"3444","τελαμῶνος","NOUN"
"3445","ἢ","CCONJ"
"3446","ἔτι","ADV"
"3447","στενοτέρου","ADJ"
"3448","τὴν","DET"
"3449","ἀρχὴν","NOUN"
"3450","τάξαντες","VERB"
"3451","ἐπὶ","ADP"
"3452","ἰνίον","PROPN"
"3453","ἄγομεν","VERB"
"3454","τὸ","DET"
"3455","σπείραμα","NOUN"
"3456","εὐθυτενεῖ","ADJ"
"3457","ἐπὶ","ADP"
"3458","κορυφὴν","NOUN"
"3459","καὶ","CCONJ"
"3460","βρέγμα","NOUN"
"3461","μέσον","ADJ"
"3462","καὶ","CCONJ"
"3463","μέτωπον","NOUN"
"3464","πτύξαντές","VERB"
"3465","τε","CCONJ"
"3466","κατὰ","ADP"
"3467","μετώπου","NOUN"
"3468","ἀνάγομεν","VERB"
"3469","πάλιν","ADV"
"3470","κατὰ","ADP"
"3471","τῆς","DET"
"3472","αὐτῆς","ADJ"
"3473","ἐπὶ","ADP"
"3474","ἰνίον","NOUN"
"3475",".","PUNCT"
"3476","ἀπὸ","ADP"
"3477","ἰνίου","PROPN"
"3478","παραλλάξαντες","VERB"
"3479","ἐπὶ","ADP"
"3480","τὸ","DET"
"3481","δεξιὸν","ADJ"
"3482","μέρος","NOUN"
"3483","τε","CCONJ"
"3484","κεφαλῆς","NOUN"
"3485","ἄγομεν","VERB"
"3486","παρὰ","ADP"
"3487","κορυφὴν","NOUN"
"3488","ἐπὶ","ADP"
"3489","βρέγμα","NOUN"
"3490","καὶ","CCONJ"
"3491","ἀριστερὸν","ADJ"
"3492","κρόταφον","NOUN"
"3493",",","PUNCT"
"3494","διπλώσαντές","VERB"
"3495","τε","CCONJ"
"3496","τὴν","DET"
"3497","ταινίαν","NOUN"
"3498","ἐπὶ","ADP"
"3499","τοῦ","DET"
"3500","κροτάφου","NOUN"
"3501","ἄγομεν","VERB"
"3502","τὸ","DET"
"3503","σπείραμα","NOUN"
"3504","κατὰ","ADP"
"3505","τῆς","DET"
"3506","προσεμβεβλημένης","VERB"
"3507","λοξῆς","ADJ"
"3508","ἐπὶ","ADP"
"3509","τὸ","DET"
"3510","δεξιὸν","ADJ"
"3511","μέρος","NOUN"
"3512","τῆς","DET"
"3513","κεφαλῆς","NOUN"
"3514","·","PUNCT"
"3515","ἐντεῦθεν","ADV"
"3516","δὲ","ADV"
"3517","ὁμοίως","ADV"
"3518","ἀνακλάσαντες","VERB"
"3519","πάλιν","ADV"
"3520","ἄγομεν","VERB"
"3521","ἐπὶ","ADP"
"3522","τὸν","DET"
"3523","κρόταφον","NOUN"
"3524","καὶ","CCONJ"
"3525","τοῦτο","ADJ"
"3526","τρὶς","ADV"
"3527","ποιοῦμεν","VERB"
"3528",",","PUNCT"
"3529","ἵνα","SCONJ"
"3530","κατὰ","ADP"
"3531","τοῦ","DET"
"3532","κροτάφου","NOUN"
"3533","καθ","ADP"
"3534","ὑπέρβασιν","NOUN"
"3535","ἀνακεκλασμένα","VERB"
"3536","ἀγκύλια","NOUN"
"3537","τρία","NUM"
"3538","ὄντα","AUX"
"3539","κικίνων","NOUN"
"3540","ἰδέαν","NOUN"
"3541","παρασχῇ","VERB"
"3542",".","PUNCT"
"3543","μετὰ","ADP"
"3544","δὲ","ADV"
"3545","τὸ","DET"
"3546","ἐκ","ADP"
"3547","τρίτου","ADJ"
"3548","ἔλθῃ","VERB"
"3549","ἐπὶ","ADP"
"3550","τὸ","DET"
"3551","δεξιὸν","ADJ"
"3552","μέρος","NOUN"
"3553","τοῦ","DET"
"3554","ἰνίου","NOUN"
"3555",",","PUNCT"
"3556","παραλλάξαι","VERB"
"3557","δὲ","ADV"
"3558","ἐπὶ","ADP"
"3559","ἀριστερὸν","ADJ"
"3560",",","PUNCT"
"3561","ἵνα","SCONJ"
"3562","καὶ","ADV"
"3563","κατὰ","ADP"
"3564","τοῦ","DET"
"3565","ἑτέρου","ADJ"
"3566","κροτάφου","NOUN"
"3567","τὸ","DET"
"3568","αὐτὸ","ADJ"
"3569","γένηται","VERB"
"3570",",","PUNCT"
"3571","ἐπὶ","ADP"
"3572","πᾶσι","ADJ"
"3573","δὲ","ADV"
"3574","μετωπιαίαν","ADJ"
"3575","συντελοῦμεν","VERB"
"3576","εἰς","ADP"
"3577","συνοχὴν","NOUN"
"3578","τῶν","DET"
"3579","ἐπινεμήσεων","NOUN"
"3580",".","PUNCT"
"3581","Ἁρμόζει","VERB"
"3582","μὲν","ADV"
"3583","ἐφ","ADP"
"3584","ὧν","PRON"
"3585","καὶ","ADV"
"3586","ὁ","DET"
"3587","θόλος","NOUN"
"3588","Γλαυκίου","PROPN"
"3589",".","PUNCT"
"3590","συντελεῖται","VERB"
"3591","δὲ","ADV"
"3592","οὕτως","ADV"
"3593","·","PUNCT"
"3594","μέτριόν","ADJ"
"3595","τι","DET"
"3596","τῆς","DET"
"3597","ταινίας","NOUN"
"3598","μέρος","NOUN"
"3599","ἐάσας","VERB"
"3600","κατὰ","ADP"
"3601","τοῦ","DET"
"3602","προσώπου","NOUN"
"3603","ἀγαγὼν","VERB"
"3604","τὸ","DET"
"3605","σπείραμα","NOUN"
"3606","ἐπὶ","ADP"
"3607","βρέγμα","NOUN"
"3608",",","PUNCT"
"3609","ἐπὶ","ADP"
"3610","κορυφὴν","NOUN"
"3611",",","PUNCT"
"3612","ἰνίον","NOUN"
"3613","ἐκεῖ","ADV"
"3614","τε","CCONJ"
"3615","ὑπηρέτῃ","NOUN"
"3616","κελεύσας","VERB"
"3617","διακρατῆσαι","VERB"
"3618","παραλλάξας","VERB"
"3619","τὸ","DET"
"3620","σπείραμα","NOUN"
"3621","μετωπιαίαν","ADJ"
"3622","ἀποδώσῃ","VERB"
"3623",",","PUNCT"
"3624","ἔπειτα","ADV"
"3625","οὕτω","ADV"
"3626","τὴν","DET"
"3627","κατὰ","ADP"
"3628","προσώπου","NOUN"
"3629","παρειμένην","VERB"
"3630","ἀρχὴν","NOUN"
"3631","κατὰ","ADP"
"3632","τῆς","DET"
"3633","πρώτης","ADJ"
"3634","ἐπαγαγὼν","VERB"
"3635","ἐπὶ","ADP"
"3636","βρέγμα","NOUN"
"3637","κορυφὴν","NOUN"
"3638",",","PUNCT"
"3639","ἰνίον","NOUN"
"3640","καταλαβοῦ","VERB"
"3641","κατ","ADP"
"3642","ἰνίου","NOUN"
"3643",".","PUNCT"
"3644","Ἁρμόζει","VERB"
"3645","μὲν","ADV"
"3646","ἐπὶ","ADP"
"3647","πάντων","DET"
"3648","τῶν","DET"
"3649","διὰ","ADP"
"3650","ῥευματισμὸν","NOUN"
"3651","ὀμμάτων","NOUN"
"3652","χρόνιον","ADJ"
"3653","περιεσκυθισμένων","VERB"
"3654","πρὸς","ADP"
"3655","τὴν","DET"
"3656","συναγωγὴν","NOUN"
"3657","τῶν","DET"
"3658","διῃρημένων","VERB"
"3659","καὶ","CCONJ"
"3660","ἄλλως","ADV"
"3661","ἔκ","ADP"
"3662","τινος","DET"
"3663","αἰτίας","NOUN"
"3664","ὑπὲρ","ADP"
"3665","τὸ","DET"
"3666","μέτωπον","NOUN"
"3667","ἐχόντων","VERB"
"3668","τραῦμα","NOUN"
"3669",".","PUNCT"
"3670","ἐπιτελεῖται","VERB"
"3671","δὲ","ADV"
"3672","οὕτως","ADV"
"3673","·","PUNCT"
"3674","τὴν","DET"
"3675","ἀρχὴν","NOUN"
"3676","τοῦ","DET"
"3677","ἐπιδέσμου","NOUN"
"3678","τάξαντες","VERB"
"3679","κατ","ADP"
"3680","ἰνίου","NOUN"
"3681","ἄγομεν","VERB"
"3682","τὸ","DET"
"3683","λοιπὸν","ADJ"
"3684","ὑπὸ","ADP"
"3685","λοβὸν","NOUN"
"3686","ὠτὸς","NOUN"
"3687","ἤτοι","CCONJ"
"3688","δεξιοῦ","ADJ"
"3689","ἢ","CCONJ"
"3690","τοῦ","DET"
"3691","ἑτέρου","ADJ"
"3692",",","PUNCT"
"3693","ἐφ","ADP"
"3694","ὧν","PRON"
"3695","ἂν","ADV"
"3696","συμφέρειν","VERB"
"3697","κρίνωμεν","VERB"
"3698","πρῶτον","ADJ"
"3699","ἐπινέμεσθαι","VERB"
"3700",".","PUNCT"
"3701","ἀπὸ","ADP"
"3702","δὲ","ADV"
"3703","τοῦ","DET"
"3704","ὠτὸς","NOUN"
"3705","ἐπὶ","ADP"
"3706","τὸν","DET"
"3707","παρακείμενον","VERB"
"3708","κρόταφον","NOUN"
"3709","πλαγίως","ADV"
"3710","ἐπὶ","ADP"
"3711","βρέγμα","NOUN"
"3712",",","PUNCT"
"3713","εἶτα","ADV"
"3714","ἐπὶ","ADP"
"3715","τὸν","DET"
"3716","ἕτερον","ADJ"
"3717","κρόταφον","NOUN"
"3718","ὑπὸ","ADP"
"3719","λοβὸν","NOUN"
"3720","ὠτὸς","NOUN"
"3721",",","PUNCT"
"3722","εἶτ","ADV"
"3723","ἐπὶ","ADP"
"3724","ἰνίον","NOUN"
"3725","·","PUNCT"
"3726","ἀπὸ","ADP"
"3727","ἰνίου","PROPN"
"3728","θλίψαντες","VERB"
"3729","τὴν","DET"
"3730","προσεμβεβλημένην","VERB"
"3731","ἀρχὴν","NOUN"
"3732","τὴν","DET"
"3733","ἐπινέμησιν","NOUN"
"3734","ποιούμεθα","VERB"
"3735","ἐπὶ","ADP"
"3736","οὖς","NOUN"
"3737","ἐπὶ","ADP"
"3738","μέτωπον","NOUN"
"3739",",","PUNCT"
"3740","ὡς","ADV"
"3741","εἶναι","AUX"
"3742","κάτω","ADV"
"3743","πρῶτον","ADJ"
"3744","τὴν","DET"
"3745","τῆς","DET"
"3746","πρώτης","ADJ"
"3747","κατὰ","ADP"
"3748","τοῦ","DET"
"3749","βρέγματος","NOUN"
"3750","ἐπινέμησιν","NOUN"
"3751","ἀμφοτέραν","ADJ"
"3752","εἰς","ADP"
"3753","τὸ","DET"
"3754","ἔνδον","ADV"
"3755","ἐναντίως","ADV"
"3756","ἀλλήλαις","PRON"
"3757","σεσημειωμένων","VERB"
"3758",",","PUNCT"
"3759","αἱ","DET"
"3760","δὲ","ADV"
"3761","ἐπινομαὶ","NOUN"
"3762","κατὰ","ADP"
"3763","τῶν","DET"
"3764","αὐτῶν","ADJ"
"3765",".","PUNCT"
"3766","ἐπιτελεῖται","VERB"
"3767","δὲ","ADV"
"3768","καὶ","ADV"
"3769","ἄλλος","ADJ"
"3770","ἐκ","ADP"
"3771","δυοῖν","NUM"
"3772","στεφανιαίων","ADJ"
"3773",",","PUNCT"
"3774","ἧς","PRON"
"3775","μὲν","ADV"
"3776","ὑπὸ","ADP"
"3777","τὴν","DET"
"3778","διαίρεσιν","NOUN"
"3779","νεμομένης","VERB"
"3780",",","PUNCT"
"3781","ἧς","PRON"
"3782","δὲ","ADV"
"3783","ὑπὲρ","ADP"
"3784","αὐτὴν","PRON"
"3785","σεσημειωμένης","VERB"
"3786","ἑκατέρας","ADJ"
"3787","πρὸς","ADP"
"3788","τὸ","DET"
"3789","ἔνδον","ADV"
"3790",".","PUNCT"
"3791","αἱ","DET"
"3792","δὲ","ADV"
"3793","ἐπινομαὶ","NOUN"
"3794","τῆς","PRON"
"3795","μὲν","ADV"
"3796","κάτω","ADV"
"3797","πρὸς","ADP"
"3798","τὸ","DET"
"3799","ἄνω","ADV"
"3800",",","PUNCT"
"3801","τῆς","DET"
"3802","δὲ","ADV"
"3803","ἄνω","ADV"
"3804","πρὸς","ADP"
"3805","τὴν","DET"
"3806","κάτω","ADV"
"3807",".","PUNCT"
"3808","Εὐθετεῖ","VERB"
"3809","μὲν","ADV"
"3810","ἐφ","ADP"
"3811","ὧν","PRON"
"3812","βρέγμα","NOUN"
"3813","καὶ","CCONJ"
"3814","τὰ","DET"
"3815","παρακείμενα","VERB"
"3816","τούτῳ","ADJ"
"3817","συνεπιδῆσαι","VERB"
"3818","θέλομεν","VERB"
"3819",",","PUNCT"
"3820","ἐπιτελεῖται","VERB"
"3821","δὲ","ADV"
"3822","οὕτως","ADV"
"3823","·","PUNCT"
"3824","ἐπὶ","ADP"
"3825","τῷ","DET"
"3826","καλουμένῳ","VERB"
"3827","ἡμιῤῥόμβῳ","NOUN"
"3828","γεγονότι","VERB"
"3829","χωρὶς","ADP"
"3830","τῆς","DET"
"3831","μετωπιαίας","ADJ"
"3832","ἀπὸ","ADP"
"3833","τοῦ","DET"
"3834","ἰνίου","NOUN"
"3835","ἄγομεν","VERB"
"3836","τὴν","DET"
"3837","ἐπινομὴν","NOUN"
"3838","παρὰ","ADP"
"3839","κορυφὴν","NOUN"
"3840","λοξῶς","ADV"
"3841","ἐπὶ","ADP"
"3842","μέτωπον","NOUN"
"3843",".","PUNCT"
"3844","κλάσαντες","VERB"
"3845","τὴν","DET"
"3846","ταινίαν","NOUN"
"3847","κατὰ","ADP"
"3848","τοῦ","DET"
"3849","μετώπου","NOUN"
"3850","μηνοειδῶς","ADV"
"3851",",","PUNCT"
"3852","ὥστε","SCONJ"
"3853","τὸ","DET"
"3854","μὲν","ADV"
"3855","σιμὸν","ADJ"
"3856","αὐτῆς","PRON"
"3857","νεύειν","VERB"
"3858","ἄνω","ADV"
"3859",",","PUNCT"
"3860","τὸ","DET"
"3861","δὲ","ADV"
"3862","κυρτὸν","ADJ"
"3863","ἐπὶ","ADP"
"3864","μεσόφρυον","NOUN"
"3865","βλέπειν","VERB"
"3866","ἐπὶ","ADP"
"3867","τὰ","DET"
"3868","ἀντικείμενα","ADJ"
"3869","τῆς","DET"
"3870","κορυφῆς","NOUN"
"3871","καὶ","CCONJ"
"3872","ἐπὶ","ADP"
"3873","ἰνίον","NOUN"
"3874","ἄγομεν","VERB"
"3875","καὶ","CCONJ"
"3876","οὕτω","ADV"
"3877","τὴν","DET"
"3878","μετωπιαίαν","ADJ"
"3879","προσδίδομεν","VERB"
"3880",".","PUNCT"
"3881","αὕτη","DET"
"3882","ἡ","DET"
"3883","ἐπίδεσις","NOUN"
"3884","μετὰ","ADP"
"3885","τῆς","DET"
"3886","εὐχρηστίας","NOUN"
"3887","ἧς","PRON"
"3888","παρέχει","VERB"
"3889","ὁ","DET"
"3890","λαγωός","NOUN"
"3891","ἐστί","AUX"
"3892","πως","ADV"
"3893","εὐπρεπεστέρα","ADJ"
"3894",".","PUNCT"
"3895","Ἁρμόζει","VERB"
"3896","μὲν","ADV"
"3897","ἐφ","ADP"
"3898","ὧν","PRON"
"3899","καὶ","ADV"
"3900","ἡ","DET"
"3901","σπεγκρανίς","NOUN"
"3902",".","PUNCT"
"3903","ἐστὶ","AUX"
"3904","δὲ","ADV"
"3905","πολὺ","ADJ"
"3906","ἀσφαλεστέρα","ADJ"
"3907","·","PUNCT"
"3908","μετὰ","ADP"
"3909","γὰρ","ADV"
"3910","τὴν","DET"
"3911","σπεγκρανίδα","NOUN"
"3912","ὁ","DET"
"3913","λαγωὸς","NOUN"
"3914","χωρὶς","ADP"
"3915","ὤτων","NOUN"
"3916","ἐπιπλέκεται","VERB"
"3917",",","PUNCT"
"3918","ἵνα","SCONJ"
"3919","μὴ","ADV"
"3920","πολυλογῶμεν","VERB"
"3921",".","PUNCT"
"3922","Ἁρμόζει","VERB"
"3923","μὲν","ADV"
"3924","ἐφ","ADP"
"3925","ὧν","PRON"
"3926","καὶ","ADV"
"3927","ἡ","DET"
"3928","ἀδέσποτος","ADJ"
"3929","Θαὶς","NOUN"
"3930",",","PUNCT"
"3931","λέγω","VERB"
"3932","δὲ","ADV"
"3933","ἐπὶ","ADP"
"3934","βρέγματος","NOUN"
"3935","καὶ","CCONJ"
"3936","τῶν","DET"
"3937","πλησίον","ADV"
"3938","τόπων","NOUN"
"3939",".","PUNCT"
"3940","συντελεῖται","VERB"
"3941","δὲ","ADV"
"3942","οὕτω","ADV"
"3943","·","PUNCT"
"3944","σύμμετρον","ADJ"
"3945","μέρος","NOUN"
"3946","ἐάσας","VERB"
"3947","τῆς","DET"
"3948","ταινίας","NOUN"
"3949","κατὰ","ADP"
"3950","προσώπου","NOUN"
"3951","παρειμένον","VERB"
"3952","ἕλκε","VERB"
"3953","τὸ","DET"
"3954","σπείραμα","NOUN"
"3955","κατὰ","ADP"
"3956","βρέγματος","NOUN"
"3957","ἐπ","ADP"
"3958","εὐθείας","ADJ"
"3959","ὡς","ADV"
"3960","ἐπὶ","ADP"
"3961","ἰνίον","NOUN"
"3962",",","PUNCT"
"3963","ἐκεῖθεν","ADV"
"3964","δὲ","ADV"
"3965","παραλλάξας","VERB"
"3966","ἄγε","VERB"
"3967","ὑπὸ","ADP"
"3968","λοβὸν","NOUN"
"3969","ὠτός","NOUN"
"3970",".","PUNCT"
"3971","ἐπὶ","ADP"
"3972","βρέγμα","NOUN"
"3973","καὶ","CCONJ"
"3974","λοξῶς","ADV"
"3975","ἐπὶ","ADP"
"3976","ἰνίον","NOUN"
"3977",",","PUNCT"
"3978","ἀπὸ","ADP"
"3979","ἰνίου","NOUN"
"3980","λοξῶς","ADV"
"3981","ἐπὶ","ADP"
"3982","τὰ","DET"
"3983","ἀντικείμενα","ADJ"
"3984","μέρη","NOUN"
"3985","καὶ","CCONJ"
"3986","ἐπὶ","ADP"
"3987","βρέγμα","NOUN"
"3988","κρόταφον","NOUN"
"3989","﻿","CCONJ"
"3990","ὑπὸ","ADP"
"3991","λοβὸν","NOUN"
"3992","ὠτὸς","NOUN"
"3993",",","PUNCT"
"3994","εἶτ","ADV"
"3995","ἐπ","ADP"
"3996","ἰνίον","NOUN"
"3997","·","PUNCT"
"3998","ἔπειτα","ADV"
"3999","τὴν","DET"
"4000","κατὰ","ADP"
"4001","προσώπου","NOUN"
"4002","παρειμένην","VERB"
"4003","ἀρχὴν","NOUN"
"4004","ἀναγαγών","VERB"
"4005",".","PUNCT"
"4006","πτύσσε","VERB"
"4007","κατὰ","ADP"
"4008","μετώπου","NOUN"
"4009","τρὶς","ADV"
"4010","καθ","ADP"
"4011","ὑπέρβασιν","NOUN"
"4012",",","PUNCT"
"4013","ὥστε","SCONJ"
"4014","βαθμηδὸν","ADV"
"4015","ἀλλήλαις","PRON"
"4016","ἐπικεῖσθαι","VERB"
"4017","καὶ","CCONJ"
"4018","οὕτως","ADV"
"4019","ἐπ","ADP"
"4020","αὐτῶν","PRON"
"4021","κατ","ADP"
"4022","αὐτὴν","PRON"
"4023","ἔπαγε","VERB"
"4024","τὴν","DET"
"4025","μετωπιαίαν","ADJ"
"4026",".","PUNCT"
"4027","Ἁρμόζει","VERB"
"4028","μὲν","ADV"
"4029","ἐφ","ADP"
"4030","ὧν","PRON"
"4031","καθ","ADP"
"4032","ἓν","NUM"
"4033","μέρος","NOUN"
"4034","ἐπιδῆσαι","VERB"
"4035","θέλομεν","VERB"
"4036","γένυν","NOUN"
"4037","ἤτοι","CCONJ"
"4038","τραύματος","NOUN"
"4039","χάριν","ADP"
"4040","ἢ","CCONJ"
"4041","ἐξαρθρήματος","NOUN"
"4042","ἢ","CCONJ"
"4043","τοῦ","DET"
"4044","κυνικοῦ","ADJ"
"4045","καλουμένου","VERB"
"4046","σπασμοῦ","NOUN"
"4047","ἤ","CCONJ"
"4048","τινος","DET"
"4049","ἄλλου","ADJ"
"4050",".","PUNCT"
"4051","ἀρχὴ","NOUN"
"4052","κατ","ADP"
"4053","ἰνίου","NOUN"
"4054","λοξὴ","ADJ"
"4055","ἐπὶ","ADP"
"4056","κορυφὴν","NOUN"
"4057","καὶ","CCONJ"
"4058","βρέγμα","NOUN"
"4059","κρόταφον","NOUN"
"4060","παρειαίς","PROPN"
"4061","·","PUNCT"
"4062","εἶθ","ADV"
"4063","ὑπὸ","ADP"
"4064","γένειον","NOUN"
"4065","καὶ","CCONJ"
"4066","λοβὸν","NOUN"
"4067","ὠτὸς","NOUN"
"4068","ἀντικειμένου","VERB"
"4069","ἐπὶ","ADP"
"4070","ἰνίον","PROPN"
"4071",",","PUNCT"
"4072","ἀπὸ","ADP"
"4073","ἰνίου","NOUN"
"4074","ἐπὶ","ADP"
"4075","γένειον","NOUN"
"4076","λοβοὺς","NOUN"
"4077","ὤτων","NOUN"
"4078",",","PUNCT"
"4079","μετὰ","ADP"
"4080","δὲ","ADV"
"4081","τὴν","DET"
"4082","γενειάδα","NOUN"
"4083","ἐπὶ","ADP"
"4084","ἰνίον","NOUN"
"4085",",","PUNCT"
"4086","αἱ","DET"
"4087","δὲ","ADV"
"4088","ἐπινομαὶ","NOUN"
"4089","κατὰ","ADP"
"4090","τῶν","DET"
"4091","αὐτῶν","ADJ"
"4092",".","PUNCT"
"4093","οὕτως","ADV"
"4094","ἄνπερ","ADV"
"4095","ἄνωθεν","ADV"
"4096","κάτω","ADV"
"4097","συμφέρῃ","VERB"
"4098","ἐπιδεῖν","VERB"
"4099",",","PUNCT"
"4100","συντελεῖται","VERB"
"4101","δὲ","ADV"
"4102","αὕτη","ADJ"
"4103","καὶ","ADV"
"4104","κάτωθεν","ADV"
"4105","ἄνω","ADV"
"4106","οὕτως","ADV"
"4107","·","PUNCT"
"4108","ἀρχὴ","NOUN"
"4109","ἐπὶ","ADP"
"4110","ἰνίον","PROPN"
"4111","τὸ","DET"
"4112","σπείραμα","NOUN"
"4113","ὑπὸ","ADP"
"4114","λοβὸν","NOUN"
"4115","ὠτὸς","NOUN"
"4116","ὑπὸ","ADP"
"4117","γένειον","NOUN"
"4118","·","PUNCT"
"4119","εἶτα","ADV"
"4120","παρειὰς","NOUN"
"4121",",","PUNCT"
"4122","εἶτα","ADV"
"4123","λοξὴ","ADJ"
"4124","ἐπὶ","ADP"
"4125","βρέγμα","NOUN"
"4126","ἰνίον","PROPN"
"4127",",","PUNCT"
"4128","εἶτα","ADV"
"4129","γενειὰς","NOUN"
"4130","καὶ","CCONJ"
"4131","μετωπιαία","ADJ"
"4132",".","PUNCT"
"4133","Ἁρμόζουσα","VERB"
"4134","εὑρίσκεται","VERB"
"4135","αὕτη","ADJ"
"4136","ἐφ","ADP"
"4137","ὧν","PRON"
"4138","κατ","ADP"
"4139","ἀμφότερα","ADJ"
"4140","τὰ","DET"
"4141","μέρη","NOUN"
"4142","τῆς","DET"
"4143","γένυος","NOUN"
"4144","ἢ","CCONJ"
"4145","ἐξαρθρήματα","NOUN"
"4146","ἤ","CCONJ"
"4147","τι","DET"
"4148","ἄλλο","DET"
"4149","μέρος","NOUN"
"4150","τῆς","DET"
"4151","ἐπὶ","ADP"
"4152","τῆς","DET"
"4153","μονομεροῦς","ADJ"
"4154","εἰρημένον","VERB"
"4155","ἐστίν","AUX"
"4156",".","PUNCT"
"4157","ἀρχὴ","NOUN"
"4158","κατ","ADP"
"4159","ἰνίου","NOUN"
"4160","λοξὴ","ADJ"
"4161","ἐπὶ","ADP"
"4162","κορυφὴν","NOUN"
"4163",",","PUNCT"
"4164","βρέγμα","NOUN"
"4165","καὶ","CCONJ"
"4166","παρειὰς","NOUN"
"4167","ὑπὸ","ADP"
"4168","γένειον","NOUN"
"4169",",","PUNCT"
"4170","εἶτα","ADV"
"4171","ἐναντία","ADJ"
"4172","κειμένη","VERB"
"4173","γνάθων","NOUN"
"4174","παρειὰς","PROPN"
"4175","καὶ","CCONJ"
"4176","ἐπὶ","ADP"
"4177","βρέγμα","NOUN"
"4178","κατὰ","ADP"
"4179","τῆς","DET"
"4180","προσεμβεβλημένης","VERB"
"4181","ἕως","ADP"
"4182","χίασμα","NOUN"
"4183","γίγνεσθαι","VERB"
"4184","·","PUNCT"
"4185","εἶτα","ADV"
"4186","ἐπὶ","ADP"
"4187","ἰνίον","NOUN"
"4188","καὶ","CCONJ"
"4189","ὑπὸ","ADP"
"4190","λοβὸν","NOUN"
"4191","ὠτὸς","NOUN"
"4192",",","PUNCT"
"4193","γένειον","NOUN"
"4194","ἐπὶ","ADP"
"4195","ἰνίον","NOUN"
"4196","καὶ","CCONJ"
"4197","μετωπιαία","ADJ"
"4198",".","PUNCT"
"4199","Ἀρχὴ","NOUN"
"4200","ὑπὸ","ADP"
"4201","ἰνίῳ","PROPN"
"4202","ὠτὸς","NOUN"
"4203","καὶ","CCONJ"
"4204","ὑπὸ","ADP"
"4205","γενειάδα","NOUN"
"4206",",","PUNCT"
"4207","εἶτα","ADV"
"4208","παρειὰς","NOUN"
"4209","καὶ","CCONJ"
"4210","λοξὴ","ADJ"
"4211","παρὰ","ADP"
"4212","κορυφὴν","NOUN"
"4213","ἐπὶ","ADP"
"4214","ἰνίον","NOUN"
"4215","ὑπὸ","ADP"
"4216","λοβὸν","NOUN"
"4217","ὠτὸς","NOUN"
"4218","ἀντικειμένου","VERB"
"4219","ὑπὸ","ADP"
"4220","γένειον","NOUN"
"4221",",","PUNCT"
"4222","ἔπειτα","ADV"
"4223","παρειὰς","NOUN"
"4224",",","PUNCT"
"4225","ἔπειτα","ADV"
"4226","λοξὴ","ADJ"
"4227","κατὰ","ADP"
"4228","βρέγματος","NOUN"
"4229","ἐπὶ","ADP"
"4230","ἰνίον","NOUN"
"4231",",","PUNCT"
"4232","εἶτα","ADV"
"4233","μετωπιαία","ADJ"
"4234",".","PUNCT"
"4235","Ἡ","DET"
"4236","μεσότης","NOUN"
"4237","τῷ","DET"
"4238","ἰνίῳ","NOUN"
"4239","ἐντιθέσθω","VERB"
"4240","τὰ","DET"
"4241","εἰλήματα","NOUN"
"4242",",","PUNCT"
"4243","ἀπὸ","ADP"
"4244","κορυφῆς","NOUN"
"4245","δὲ","ADV"
"4246","λοξῶς","ADV"
"4247","ἐπὶ","ADP"
"4248","βρέγμα","NOUN"
"4249",",","PUNCT"
"4250","ἵνα","SCONJ"
"4251","κατ","ADP"
"4252","αὐτοὺς","PRON"
"4253","χίασμα","NOUN"
"4254","γένηται","VERB"
"4255",",","PUNCT"
"4256","εἶτ","ADV"
"4257","ἐπὶ","ADP"
"4258","παρειὰς","NOUN"
"4259","ὑπὸ","ADP"
"4260","γένειον","NOUN"
"4261","ὑπὸ","ADP"
"4262","λοβοὺς","NOUN"
"4263","ὤτων","NOUN"
"4264","ἐπὶ","ADP"
"4265","ἰνίον","NOUN"
"4266",",","PUNCT"
"4267","ἀπὸ","ADP"
"4268","ἰνίου","PROPN"
"4269","κυκλοτερῶς","ADV"
"4270","ἐπὶ","ADP"
"4271","μέτωπον","NOUN"
"4272","καὶ","CCONJ"
"4273","ἰνίον","NOUN"
"4274","·","PUNCT"
"4275","εἶτα","ADV"
"4276","γενειάδα","NOUN"
"4277","καὶ","CCONJ"
"4278","μετωπιαίαν","ADJ"
"4279",",","PUNCT"
"4280","αἱ","DET"
"4281","δ","ADV"
"4282","ἐπινομαὶ","NOUN"
"4283","κατὰ","ADP"
"4284","τῶν","DET"
"4285","αὐτῶν","ADJ"
"4286",".","PUNCT"
"4287","Ἡ","DET"
"4288","μεσότης","NOUN"
"4289","κατὰ","ADP"
"4290","μετώπου","NOUN"
"4291","τὰ","DET"
"4292","σπειράματα","NOUN"
"4293","ἐπὶ","ADP"
"4294","ἰνίον","NOUN"
"4295","καὶ","CCONJ"
"4296","κατ","ADP"
"4297","αὐτοὺς","PRON"
"4298","χίασμα","NOUN"
"4299","·","PUNCT"
"4300","εἶτα","ADV"
"4301","ὑπὸ","ADP"
"4302","λοβοὺς","NOUN"
"4303","ὤτων","NOUN"
"4304","ὑπ","ADP"
"4305","ἀνθερεῶνα","NOUN"
"4306",",","PUNCT"
"4307","εἶτα","ADV"
"4308","παρειαὶ","NOUN"
"4309","καὶ","CCONJ"
"4310","ἐπὶ","ADP"
"4311","βρέγμα","NOUN"
"4312",",","PUNCT"
"4313","λοξαὶ","ADJ"
"4314","ἐπὶ","ADP"
"4315","ἰνίον","NOUN"
"4316",",","PUNCT"
"4317","εἶτα","ADV"
"4318","γενειὰς","NOUN"
"4319","καὶ","CCONJ"
"4320","μετωπιαίας","ADJ"
"4321",".","PUNCT"
"4322","Μεσότης","NOUN"
"4323","κατ","ADP"
"4324","ἰνίου","NOUN"
"4325",".","PUNCT"
"4326","αἱ","DET"
"4327","ἀρχαὶ","NOUN"
"4328","ὑπὸ","ADP"
"4329","λοβοὺς","NOUN"
"4330","ὤτων","NOUN"
"4331",",","PUNCT"
"4332","ὑπὸ","ADP"
"4333","γένειον","NOUN"
"4334",",","PUNCT"
"4335","ἔπειτα","ADV"
"4336","παρειὰς","NOUN"
"4337","καὶ","CCONJ"
"4338","τὰ","DET"
"4339","λοιπὰ","ADJ"
"4340","ὁμοίως","ADV"
"4341","τῇ","DET"
"4342","πρὸς","ADP"
"4343","ταύτης","ADJ"
"4344",".","PUNCT"
"4345","Ἀρχὴ","NOUN"
"4346","κατ","ADP"
"4347","ἰνίου","NOUN"
"4348","τὸ","DET"
"4349","σπείραμα","NOUN"
"4350","ὑπὸ","ADP"
"4351","λοβὸν","NOUN"
"4352","ὠτὸς","NOUN"
"4353","ἐπὶ","ADP"
"4354","κρόταφον","NOUN"
"4355",".","PUNCT"
"4356","ἐπίβρεγμα","NOUN"
"4357","λοξῶς","ADV"
"4358","ἐπὶ","ADP"
"4359","ἰνίον","PROPN"
"4360","καὶ","CCONJ"
"4361","μετωπιαίαν","ADJ"
"4362",",","PUNCT"
"4363","αἱ","DET"
"4364","δ","ADV"
"4365","ἐπινομαὶ","VERB"
"4366","κατὰ","ADP"
"4367","τῶν","DET"
"4368","αὐτῶν","ADJ"
"4369","ἐπὶ","ADP"
"4370","πλέον","ADJ"
"4371",".","PUNCT"
"4372","ἐπιδέοιτο","VERB"
"4373","οὕτω","ADV"
"4374","κάτωθεν","ADV"
"4375","ἄνω","ADV"
"4376","ἢ","CCONJ"
"4377","ἄνωθεν","ADV"
"4378",".","PUNCT"
"4379","συμφέρει","VERB"
"4380","οὕτως","ADV"
"4381","ἐπιδεόμενα","VERB"
"4382","ἀρχὴ","NOUN"
"4383","κατ","ADP"
"4384","ἰνίου","NOUN"
"4385","λοξὴ","ADJ"
"4386","ἐπὶ","ADP"
"4387","κορυφὴν","NOUN"
"4388","βρέγμα","NOUN"
"4389","καὶ","CCONJ"
"4390","κρόταφον","NOUN"
"4391",",","PUNCT"
"4392","ὑπὸ","ADP"
"4393","λοβὸν","NOUN"
"4394","ὠτὸς","NOUN"
"4395","ἐπὶ","ADP"
"4396","ἰνίον","NOUN"
"4397","καὶ","CCONJ"
"4398","μετωπιαία","ADJ"
"4399",".","PUNCT"
"4400","Ἀρχὴ","NOUN"
"4401","κατ","ADP"
"4402","ἰνίου","PROPN"
"4403",".","PUNCT"
"4404","τὸ","DET"
"4405","σπείραμα","NOUN"
"4406","ὑπὸ","ADP"
"4407","λοβὸν","NOUN"
"4408","ὠτὸς","NOUN"
"4409","ἐπὶ","ADP"
"4410","κρόταφον","NOUN"
"4411","καὶ","CCONJ"
"4412","βρέγμα","NOUN"
"4413",",","PUNCT"
"4414","λοξῶς","ADV"
"4415","ἐπὶ","ADP"
"4416","ἰνίον","NOUN"
"4417","καὶ","CCONJ"
"4418","μετωπιαία","ADJ"
"4419","πρὸς","ADP"
"4420","τὸν","DET"
"4421","ἔξω","ADV"
"4422","κανθὸν","PROPN"
"4423","καὶ","CCONJ"
"4424","ἐπὶ","ADP"
"4425","βρέγμα","NOUN"
"4426",".","PUNCT"
"4427","λοξὴ","ADJ"
"4428","ἐπὶ","ADP"
"4429","ἰνίον","NOUN"
"4430",",","PUNCT"
"4431","ἀπὸ","ADP"
"4432","ἰνίου","PROPN"
"4433","λοξὴ","ADJ"
"4434","ἐπὶ","ADP"
"4435","βρέγμα","NOUN"
"4436","ἀντικειμένη","VERB"
"4437","τῇ","DET"
"4438","πρὸ","ADP"
"4439","αὐτῆς","PRON"
"4440","χιάζουσα","VERB"
"4441","τὸ","DET"
"4442","βρέγμα","NOUN"
"4443",",","PUNCT"
"4444","εἶθ","ADV"
"4445","ὑπὸ","ADP"
"4446","λοβὸν","NOUN"
"4447","ὠτὸς","NOUN"
"4448","ἐπὶ","ADP"
"4449","ἰνίον","NOUN"
"4450","καὶ","CCONJ"
"4451","μετωπιαία","ADJ"
"4452",".","PUNCT"
"4453","Ἡ","DET"
"4454","μεσότης","NOUN"
"4455","καθ","ADP"
"4456","ἰνίου","PROPN"
"4457",".","PUNCT"
"4458","αἱ","DET"
"4459","ἀρχαὶ","NOUN"
"4460","ἐπὶ","ADP"
"4461","κορυφὴν","NOUN"
"4462","βρέγμα","NOUN"
"4463","χίασμα","ADJ"
"4464","ποιοῦσαι","VERB"
"4465","κατ","ADP"
"4466","αὐτοῦ","PRON"
"4467",",","PUNCT"
"4468","εἶθ","ADV"
"4469","ὑπὸ","ADP"
"4470","λοβοὺς","NOUN"
"4471","ὤτων","NOUN"
"4472","ἐπὶ","ADP"
"4473","ἰνίον","NOUN"
"4474",",","PUNCT"
"4475","εἶτα","ADV"
"4476","μετωπιαία","ADJ"
"4477",".","PUNCT"
"4478","Ἡ","DET"
"4479","μεσότης","NOUN"
"4480","κατ","ADP"
"4481","ἰνίου","NOUN"
"4482",".","PUNCT"
"4483","αἱ","DET"
"4484","ἀρχαὶ","NOUN"
"4485","ὑπὸ","ADP"
"4486","λοβοὺς","NOUN"
"4487","ὤτων","NOUN"
"4488","ἐπὶ","ADP"
"4489","τοὺς","DET"
"4490","ἔξωθεν","ADV"
"4491","κανθούς","NOUN"
"4492","·","PUNCT"
"4493","εἶτ","ADV"
"4494","ἐπὶ","ADP"
"4495","βρέγμα","NOUN"
"4496","καὶ","CCONJ"
"4497","ἰνίον","NOUN"
"4498",",","PUNCT"
"4499","εἶτα","ADV"
"4500","μετωπιαία","ADJ"
"4501","·","PUNCT"
"4502","τινὲς","ADJ"
"4503","καὶ","ADV"
"4504","γενειάδα","NOUN"
"4505","προστιθέασι","VERB"
"4506",".","PUNCT"
"4507","Τὴν","DET"
"4508","εὐθεῖαν","ADJ"
"4509","διμερῆ","ADJ"
"4510","φορβέαν","NOUN"
"4511","ἐπιδήσαντες","VERB"
"4512","χωρὶς","ADP"
"4513","τῆς","DET"
"4514","γενειάδος","NOUN"
"4515","ἐπὶ","ADP"
"4516","τέλει","NOUN"
"4517","ἐπὶ","ADP"
"4518","τὸ","DET"
"4519","ὕψωμα","NOUN"
"4520","τῆς","DET"
"4521","ῥινὸς","NOUN"
"4522","ἀπάγομεν","VERB"
"4523",",","PUNCT"
"4524","εἶτ","CCONJ"
"4525","ἐπὶ","ADP"
"4526","ἰνίον","NOUN"
"4527","καὶ","CCONJ"
"4528","στεφανιαίαν","ADJ"
"4529","προσαποδίδομεν","VERB"
"4530",".","PUNCT"
"4531","Ὁμοίως","ADV"
"4532","τῷ","DET"
"4533","ἀνεζευγμένῳ","VERB"
"4534","ἐπιδεδεμένῳ","VERB"
"4535","καὶ","CCONJ"
"4536","τὴν","DET"
"4537","γενειάδα","NOUN"
"4538","προσαποδίδομεν","VERB"
"4539",".","PUNCT"
"4540","Αὕτη","ADJ"
"4541","ἁρμόζει","VERB"
"4542","ἐπὶ","ADP"
"4543","τῶν","DET"
"4544","κατὰ","ADP"
"4545","πολλὰ","ADJ"
"4546","μέρη","NOUN"
"4547","τῆς","DET"
"4548","κεφαλῆς","NOUN"
"4549","καὶ","CCONJ"
"4550","τῶν","DET"
"4551","παρειῶν","ADJ"
"4552","ἐχόντων","VERB"
"4553","τραῦμα","NOUN"
"4554",".","PUNCT"
"4555","τῇ","DET"
"4556","λοξῇ","ADJ"
"4557","διμερεῖ","ADJ"
"4558","φορβέαν","NOUN"
"4559","συνεπίδησον","VERB"
"4560","καὶ","CCONJ"
"4561","μετὰ","ADP"
"4562","ταῦτα","ADJ"
"4563","καὶ","ADV"
"4564","Γλαυκίου","PROPN"
"4565","σκάφιον","NOUN"
"4566",",","PUNCT"
"4567","εἶτα","ADV"
"4568","οὕτω","ADV"
"4569","τὰς","DET"
"4570","διμερεῖς","ADJ"
"4571","φορβέας","NOUN"
"4572",".","PUNCT"
"4573","ἔνιοι","ADJ"
"4574","θεατρικώτερον","ADJ"
"4575","βουλόμενοι","VERB"
"4576","κέφαλον","NOUN"
"4577","ἑτοιμάσαντες","VERB"
"4578","ἐπιῤῥάπτουσιν","VERB"
"4579",".","PUNCT"
"4580","ἡ","DET"
"4581","αὐτὴ","ADJ"
"4582","γίνεται","VERB"
"4583","ἄλλως","ADV"
"4584","καὶ","CCONJ"
"4585","ἄνευ","ADP"
"4586","τῆς","DET"
"4587","λοξῆς","ADJ"
"4588","φορβέας","NOUN"
"4589","καὶ","CCONJ"
"4590","τῶν","DET"
"4591","γενειάδων","NOUN"
"4592",".","PUNCT"
"4593","Σύμμετρον","ADJ"
"4594","μέρος","NOUN"
"4595","τῆς","DET"
"4596","ταινίας","NOUN"
"4597","ἐάσας","VERB"
"4598","κατὰ","ADP"
"4599","προσώπου","NOUN"
"4600","κρέμασθαι","VERB"
"4601",",","PUNCT"
"4602","ἕλκε","VERB"
"4603","τὸ","DET"
"4604","σπείραμα","NOUN"
"4605","ἐπ","ADP"
"4606","εὐθείας","ADJ"
"4607","ἐπὶ","ADP"
"4608","ἰνίον","NOUN"
"4609","κἀκεῖθεν","CCONJ"
"4610","ἐπίδει","VERB"
"4611","τὴν","DET"
"4612","εὐθεῖαν","ADJ"
"4613","φορβέαν","NOUN"
"4614","μέχρι","ADP"
"4615","τοῦ","DET"
"4616","σκεπούσης","VERB"
"4617","ὅλης","ADJ"
"4618","παρειὰς","NOUN"
"4619","καὶ","CCONJ"
"4620","τῆς","DET"
"4621","κεφαλῆς","NOUN"
"4622","καὶ","CCONJ"
"4623","ἐπὶ","ADP"
"4624","τέλει","NOUN"
"4625","τὴν","DET"
"4626","κατὰ","ADP"
"4627","προσώπου","NOUN"
"4628","παρειμένην","VERB"
"4629","ἀρχὴν","NOUN"
"4630","ἀνακλάσας","VERB"
"4631","εὐθυτενῶς","ADV"
"4632","ἐπὶ","ADP"
"4633","κορυφὴν","NOUN"
"4634","ἄπαγε","VERB"
"4635","ἐπὶ","ADP"
"4636","ἰνίον","NOUN"
"4637","καὶ","CCONJ"
"4638","καταλαβοῦ","VERB"
"4639","ὁμοίως","ADV"
"4640",",","PUNCT"
"4641","ἐὰν","SCONJ"
"4642","θέλῃς","VERB"
"4643","ἐπιθεὶς","VERB"
"4644","τὸν","DET"
"4645","λοβόν","NOUN"
"4646",".","PUNCT"
"4647","Τὸ","DET"
"4648","ἡμιῤῥόμβιον","NOUN"
"4649","προσλαβὸν","VERB"
"4650","τὰ","DET"
"4651","καλούμενα","VERB"
"4652","ὦτα","NOUN"
"4653","οὕτως","ADV"
"4654","ὀνομάζεται","VERB"
"4655",".","PUNCT"
"4656","ἐπιδεῖται","VERB"
"4657","δ","ADV"
"4658","ἤτοι","CCONJ"
"4659","εὐπρεπείας","NOUN"
"4660","χάριν","ADP"
"4661","ἐν","ADP"
"4662","μονομαχίαις","NOUN"
"4663","ἢ","CCONJ"
"4664","χάριν","ADP"
"4665","τοῦ","DET"
"4666","κράτημα","NOUN"
"4667","γίγνεσθαι","VERB"
"4668","τῆς","DET"
"4669","κεφαλῆς","NOUN"
"4670","ἐπὶ","ADP"
"4671","προσώπου","NOUN"
"4672","τινὸς","DET"
"4673","συμπτώματος","NOUN"
"4674","μεθοδευομένου","VERB"
"4675","·","PUNCT"
"4676","ἀλλ","CCONJ"
"4677","﻿","CCONJ"
"4678","εἰ","SCONJ"
"4679","μὲν","ADV"
"4680","εὐπρεπείας","NOUN"
"4681","ἕνεκα","ADP"
"4682","ἐπιδέοιτο","VERB"
"4683","βραχέα","ADJ"
"4684","εἶναι","AUX"
"4685","δεῖ","VERB"
"4686","ταῦτα","ADJ"
"4687","καὶ","CCONJ"
"4688","ἐν","ADP"
"4689","μέσῳ","ADJ"
"4690","τῷ","DET"
"4691","μετώπῳ","NOUN"
"4692","τετάχθαι","VERB"
"4693",".","PUNCT"
"4694","οὕτω","ADV"
"4695","γὰρ","ADV"
"4696","ἂν","ADV"
"4697","τὴν","DET"
"4698","ἐμφέρειαν","NOUN"
"4699","πρὸς","ADP"
"4700","τὸ","DET"
"4701","ζῶον","NOUN"
"4702","ἀποσώζοι","VERB"
"4703","·","PUNCT"
"4704","εἰ","SCONJ"
"4705","δὲ","ADV"
"4706","κρατήματος","NOUN"
"4707","μεγάλα","ADJ"
"4708",",","PUNCT"
"4709","ἵνα","ADV"
"4710","τις","ADJ"
"4711","λαβόμενος","VERB"
"4712","τῶν","DET"
"4713","δακτύλων","NOUN"
"4714","ἀγκύλων","NOUN"
"4715","κρατεῖν","VERB"
"4716","δύναται","VERB"
"4717","καὶ","CCONJ"
"4718","ἐν","ADP"
"4719","μέσῳ","ADJ"
"4720",".","PUNCT"
"4721","Ἐπιτελεῖται","VERB"
"4722","δ","ADV"
"4723","οὕτως","ADV"
"4724","·","PUNCT"
"4725","ὁ","DET"
"4726","βρόχος","NOUN"
"4727","ὁ","DET"
"4728","καλούμενος","VERB"
"4729","βουκολικὸς","ADJ"
"4730","ἢ","CCONJ"
"4731","δι","ADP"
"4732","ἀγκυλωμάτων","NOUN"
"4733",",","PUNCT"
"4734","συντόμῳ","PRON"
"4735","ἐν","ADP"
"4736","τῷ","DET"
"4737","περὶ","ADP"
"4738","βρόχων","NOUN"
"4739","ἐκδεδώκαμεν","VERB"
"4740","πολλάκις","ADV"
"4741",",","PUNCT"
"4742","ἔξ","ADP"
"4743","ἑνὸς","NUM"
"4744","μέρους","NOUN"
"4745","τοῦ","DET"
"4746","ἐπιδέσμου","NOUN"
"4747","ἐπὶ","ADP"
"4748","μετώπου","NOUN"
"4749","τάσσεται","VERB"
"4750","καὶ","CCONJ"
"4751","ἐπ","ADP"
"4752","αὐτῷ","PRON"
"4753","ἐπιτελεῖται","VERB"
"4754","τὸ","DET"
"4755","ἡμιῤῥόμβιον","NOUN"
"4756","ἢ","CCONJ"
"4757","πλινθίον","NOUN"
"4758","καλούμενον","VERB"
"4759",".","PUNCT"
"4760","Ἀρχὴ","NOUN"
"4761","κατ","ADP"
"4762","ἰνίου","NOUN"
"4763",".","PUNCT"
"4764","τὸ","DET"
"4765","σπείραμα","NOUN"
"4766","ἐπὶ","ADP"
"4767","κορυφὴν","NOUN"
"4768",",","PUNCT"
"4769","ἐπὶ","ADP"
"4770","βρέγμα","NOUN"
"4771","μεσόφρυον","NOUN"
"4772","ὀφθαλμὸν","NOUN"
"4773",",","PUNCT"
"4774","ὥστε","SCONJ"
"4775","καλύψαι","VERB"
"4776",",","PUNCT"
"4777","εἶθ","ADV"
"4778","ὑπὸ","ADP"
"4779","λοβὸν","NOUN"
"4780","ὠτὸς","NOUN"
"4781","καὶ","CCONJ"
"4782","ἐπὶ","ADP"
"4783","ἰνίον","NOUN"
"4784",",","PUNCT"
"4785","εἶτα","ADV"
"4786","μετωπιαία","ADJ"
"4787",".","PUNCT"
"4788","Ἀρχὴ","NOUN"
"4789","κατ","ADP"
"4790","ἰνίου","NOUN"
"4791",".","PUNCT"
"4792","τὸ","DET"
"4793","σπείραμά","NOUN"
"4794","γ","NUM"
"4795","ἐπὶ","ADP"
"4796","κορυφὴν","NOUN"
"4797",",","PUNCT"
"4798","βρέγμα","NOUN"
"4799",",","PUNCT"
"4800","μεσόφρυον","NOUN"
"4801","ἐπὶ","ADP"
"4802","ὀφθαλμὸν","NOUN"
"4803",",","PUNCT"
"4804","εἶτα","ADV"
"4805","οἶμαι","VERB"
"4806","παρέλκειν","VERB"
"4807","ὑπὸ","ADP"
"4808","λοβὸν","NOUN"
"4809","ὠτὸς","NOUN"
"4810","ἐπὶ","ADP"
"4811","ὀφθαλμὸν","NOUN"
"4812",",","PUNCT"
"4813","ἐπὶ","ADP"
"4814","βρέγμα","NOUN"
"4815",",","PUNCT"
"4816","ἐπὶ","ADP"
"4817","ἰνίον","NOUN"
"4818",",","PUNCT"
"4819","εἶτα","ADV"
"4820","μετωπιαία","ADJ"
"4821",".","PUNCT"
"4822","Ἀρχὴ","NOUN"
"4823","κατ","ADP"
"4824","ἰνίου","NOUN"
"4825",".","PUNCT"
"4826","τὸ","DET"
"4827","εἴλημα","VERB"
"4828","κατὰ","ADP"
"4829","κορυφὴν","NOUN"
"4830",",","PUNCT"
"4831","βρέγμα","NOUN"
"4832",",","PUNCT"
"4833","μεσόφρυον","NOUN"
"4834","ἐπὶ","ADP"
"4835","ὀφθαλμόν","NOUN"
"4836","·","PUNCT"
"4837","εἶθ","ADV"
"4838","ὑπὸ","ADP"
"4839","λοβὸν","NOUN"
"4840","ὠτὸς","NOUN"
"4841","ἀντικειμένου","VERB"
"4842","ἐπ","ADP"
"4843","ὀφθαλμὸν","NOUN"
"4844","τὸν","DET"
"4845","ἕτερον","ADJ"
"4846",",","PUNCT"
"4847","μεσόφρυον","NOUN"
"4848",",","PUNCT"
"4849","βρέγμα","NOUN"
"4850","καὶ","CCONJ"
"4851","ἐπὶ","ADP"
"4852","ἰνίον","NOUN"
"4853",",","PUNCT"
"4854","εἶτα","ADV"
"4855","μετωπιαία","ADJ"
"4856",".","PUNCT"
"4857","δυνατὸν","ADJ"
"4858","δὲ","ADV"
"4859","καὶ","ADV"
"4860","ἀνατρέψαντα","VERB"
"4861","τὸν","DET"
"4862","πρῶτον","ADJ"
"4863","ἐπιδεόμενον","VERB"
"4864","κάτωθεν","ADV"
"4865","ἄνω","ADV"
"4866","ἐπιδῆσαι","VERB"
"4867",",","PUNCT"
"4868","ἄν","SCONJ"
"4869","περ","ADV"
"4870","τοῦτο","ADJ"
"4871","συμφέρῃ","VERB"
"4872",".","PUNCT"
"4873","Μεσότης","NOUN"
"4874","κατ","ADP"
"4875","ἰνίου","PROPN"
"4876",".","PUNCT"
"4877","ἀρχαὶ","NOUN"
"4878","ἐπὶ","ADP"
"4879","κορυφὴν","NOUN"
"4880",",","PUNCT"
"4881","ἐπὶ","ADP"
"4882","βρέγμα","NOUN"
"4883","μεσόφρυον","NOUN"
"4884","καὶ","CCONJ"
"4885","κατ","ADP"
"4886","αὐτὸ","DET"
"4887","τοῦτο","ADJ"
"4888","χιάζεσθαι","VERB"
"4889","·","PUNCT"
"4890","εἶτα","ADV"
"4891","ἐπὶ","ADP"
"4892","ὀφθαλμοὺς","NOUN"
"4893","καὶ","CCONJ"
"4894","ὑπὸ","ADP"
"4895","λοβοὺς","NOUN"
"4896","τῶν","DET"
"4897","ὤτων","NOUN"
"4898",",","PUNCT"
"4899","ἐπὶ","ADP"
"4900","ἰνίον","NOUN"
"4901","καὶ","CCONJ"
"4902","μετωπιαία","ADJ"
"4903",".","PUNCT"
"4904","Μεσότης","NOUN"
"4905","κατὰ","ADP"
"4906","μετώπου","NOUN"
"4907",".","PUNCT"
"4908","αἱ","DET"
"4909","ἀρχαὶ","NOUN"
"4910","ἐπὶ","ADP"
"4911","ἰνίον","NOUN"
"4912",",","PUNCT"
"4913","ἀπὸ","ADP"
"4914","ἰνίου","PROPN"
"4915","χιασθεῖσαι","VERB"
"4916","καὶ","CCONJ"
"4917","ὁμοίως","ADV"
"4918","τῇ","DET"
"4919","πρὸ","ADP"
"4920","ταύτης","ADJ"
"4921","ἐπιδέσει","NOUN"
"4922",".","PUNCT"
"4923","Ἀρχὴ","NOUN"
"4924","κατ","ADP"
"4925","ἰνίου","PROPN"
"4926",".","PUNCT"
"4927","τὸ","DET"
"4928","σπείραμα","NOUN"
"4929","ἐπὶ","ADP"
"4930","κορυφὴν","NOUN"
"4931",",","PUNCT"
"4932","βρέγμα","NOUN"
"4933",",","PUNCT"
"4934","ὀφθαλμὸν","NOUN"
"4935","ἐπ","ADP"
"4936","εὐθείας","ADJ"
"4937","ἐπὶ","ADP"
"4938","χαλινὸν","NOUN"
"4939","ὑπὸ","ADP"
"4940","γένειον","NOUN"
"4941","καὶ","CCONJ"
"4942","λοβὸν","NOUN"
"4943","ὠτὸς","NOUN"
"4944",",","PUNCT"
"4945","ἐπὶ","ADP"
"4946","ἰνίον","NOUN"
"4947","καὶ","CCONJ"
"4948","μετωπιαία","ADJ"
"4949",".","PUNCT"
"4950","Πρὸ","ADP"
"4951","τῆς","DET"
"4952","μετωπιαίας","ADJ"
"4953",".","PUNCT"
"4954","ἀπὸ","ADP"
"4955","ἰνίου","PROPN"
"4956","ἐπὶ","ADP"
"4957","ἕτερον","ADJ"
"4958","ὀφθαλμὸν","NOUN"
"4959","ἀντικείμενον","VERB"
"4960","ἕτερον","ADJ"
"4961","ἐπάγεται","VERB"
"4962","καὶ","CCONJ"
"4963","κατ","ADP"
"4964","εὐθείας","ADJ"
"4965","ἐπὶ","ADP"
"4966","χαλινὸν","PROPN"
"4967","ὑπὸ","ADP"
"4968","γένειον","NOUN"
"4969","ἐπὶ","ADP"
"4970","τὸν","DET"
"4971","ἕτερον","ADJ"
"4972","ὀφθαλμὸν","NOUN"
"4973","καὶ","CCONJ"
"4974","ἐπ","ADP"
"4975","ἀντικείμενον","ADJ"
"4976","λοβὸν","NOUN"
"4977","ἐπὶ","ADP"
"4978","ἰνίον","NOUN"
"4979","καὶ","CCONJ"
"4980","μετωπιαία","ADJ"
"4981",".","PUNCT"
"4982","Ἀρχὴ","NOUN"
"4983","ὑπὸ","ADP"
"4984","ἰνίῳ","PROPN"
"4985",".","PUNCT"
"4986","τὸ","DET"
"4987","εἴλημα","VERB"
"4988","ὑπὸ","ADP"
"4989","λοβὸν","NOUN"
"4990","ὠτὸς","NOUN"
"4991",",","PUNCT"
"4992","εἶθ","ADV"
"4993","ὑπὸ","ADP"
"4994","γένειον","NOUN"
"4995","ἐπὶ","ADP"
"4996","χαλινὸν","PROPN"
"4997","ὀφθαλμὸν","NOUN"
"4998","ἐπὶ","ADP"
"4999","βρέγμα","NOUN"
"5000","καὶ","CCONJ"
"5001","ἐπὶ","ADP"
"5002","ἰνίον","NOUN"
"5003",",","PUNCT"
"5004","εἶθ","ADV"
"5005","ὑπὸ","ADP"
"5006","λοβὸν","NOUN"
"5007","καὶ","CCONJ"
"5008","ὑπὸ","ADP"
"5009","γένειον","NOUN"
"5010","ἀντικείμενον","ADJ"
"5011","χαλινὸν","PROPN"
"5012",",","PUNCT"
"5013","ὀφθαλμὸν","NOUN"
"5014","μεσόφρυον","NOUN"
"5015","καὶ","CCONJ"
"5016","αὐτοῦ","PRON"
"5017","χίασμα","NOUN"
"5018",",","PUNCT"
"5019","εἶτα","ADV"
"5020","ὑπὸ","ADP"
"5021","βρέγμα","NOUN"
"5022","καὶ","CCONJ"
"5023","ἰνίον","NOUN"
"5024",",","PUNCT"
"5025","εἶτα","ADV"
"5026","μετωπιαία","ADJ"
"5027",".","PUNCT"
"5028","Ὁμοίως","ADV"
"5029","τῷ","DET"
"5030","λοξῷ","ADJ"
"5031","τῆς","DET"
"5032","τιθεμένης","VERB"
"5033","μεσότητος","NOUN"
"5034","κατ","ADP"
"5035","ἰνίου","PROPN"
"5036","καὶ","CCONJ"
"5037","ἢ","CCONJ"
"5038","ἄνωθεν","ADV"
"5039","ἢ","CCONJ"
"5040","κάτωθεν","ADV"
"5041","ἀγομένων","VERB"
"5042","τῶν","DET"
"5043","ἀρχῶν","NOUN"
"5044",",","PUNCT"
"5045","τίθεται","VERB"
"5046","δὲ","ADV"
"5047","ὑπὸ","ADP"
"5048","γένειον","NOUN"
"5049","μεσότης","NOUN"
"5050",".","PUNCT"
"5051","Πλάτος","NOUN"
"5052","ἕκαστος","ADJ"
"5053","τελαμὼν","NOUN"
"5054","ὅσῳ","PRON"
"5055","σκεπάσαι","VERB"
"5056","τὴν","DET"
"5057","ῥῖνα","NOUN"
"5058",",","PUNCT"
"5059","μήκει","NOUN"
"5060","δὲ","ADV"
"5061","ὡς","ADV"
"5062","διπλοῦν","ADJ"
"5063","ἀπὸ","ADP"
"5064","ῥινὸς","NOUN"
"5065","ἐπ","ADP"
"5066","εὐθείας","ADJ"
"5067","ἐπὶ","ADP"
"5068","ἰνίον","NOUN"
"5069","δύνασθαι","VERB"
"5070","χωρίσαι","VERB"
"5071",".","PUNCT"
"5072","τὴν","DET"
"5073","ἀρχὴν","NOUN"
"5074","τάττομεν","VERB"
"5075","κατ","ADP"
"5076","ἰνίου","NOUN"
"5077",",","PUNCT"
"5078","τὸ","DET"
"5079","δὲ","ADV"
"5080","λοιπὸν","ADJ"
"5081","ἄγομεν","VERB"
"5082","εὐθείας","ADJ"
"5083","ἐπὶ","ADP"
"5084","κορυφὴν","NOUN"
"5085","βρέγματος","NOUN"
"5086","ῥινὸς","NOUN"
"5087","ὕψωμα","NOUN"
"5088",".","PUNCT"
"5089","τὸ","DET"
"5090","δὲ","ADV"
"5091","λοιπὸν","ADJ"
"5092","παρειμένον","VERB"
"5093","κατὰ","ADP"
"5094","τοῦ","DET"
"5095","προσώπου","NOUN"
"5096",",","PUNCT"
"5097","ὃ","PRON"
"5098","καὶ","ADV"
"5099","σχίζομεν","VERB"
"5100","ἐπ","ADP"
"5101","εὐθείας","ADJ"
"5102","εἰς","ADP"
"5103","σκέλη","NOUN"
"5104","δύο","NUM"
"5105","ἄχρι","ADP"
"5106","τοῦ","DET"
"5107","ἄνω","ADV"
"5108","χείλους","NOUN"
"5109","ἔπειθ","ADV"
"5110","οὕτως","ADV"
"5111","ἄλλου","ADJ"
"5112","στενοῦ","ADJ"
"5113","τελαμῶνος","NOUN"
"5114",",","PUNCT"
"5115","ἐπιμηκεστέρου","ADJ"
"5116","δὲ","ADV"
"5117",",","PUNCT"
"5118","τὴν","DET"
"5119","μεσότητα","NOUN"
"5120","τίθεμεν","VERB"
"5121","ὑπὸ","ADP"
"5122","σφαιρίῳ","NOUN"
"5123","τῆς","DET"
"5124","ῥινὸς","NOUN"
"5125","καὶ","CCONJ"
"5126","ἐπὶ","ADP"
"5127","τῶν","DET"
"5128","παρειμένων","VERB"
"5129","τοῦ","DET"
"5130","προσώπου","NOUN"
"5131","σκελῶν","NOUN"
"5132",".","PUNCT"
"5133","ἄγομέν","VERB"
"5134","τε","CCONJ"
"5135","τὰς","DET"
"5136","ἀρχὰς","NOUN"
"5137","ὑπὸ","ADP"
"5138","λοβοὺς","NOUN"
"5139","ὤτων","NOUN"
"5140","ὑπ","ADP"
"5141","ἰνίον","NOUN"
"5142","κατὰ","ADP"
"5143","τῆς","DET"
"5144","προεμβεβλημένης","VERB"
"5145","χίασμα","NOUN"
"5146","ποιοῦντες","VERB"
"5147","·","PUNCT"
"5148","δόντες","VERB"
"5149","τε","CCONJ"
"5150","ὑπηρέτῃ","NOUN"
"5151","ἑξῆς","ADV"
"5152","κατὰ","ADP"
"5153","τοῦ","DET"
"5154","προσώπου","NOUN"
"5155","σκέλη","NOUN"
"5156","ἄγομεν","VERB"
"5157",",","PUNCT"
"5158","ἀνακλάσαντες","VERB"
"5159","παρ","ADP"
"5160","ἑκάτερον","ADJ"
"5161","μέρος","NOUN"
"5162","τῆς","DET"
"5163","ῥινὸς","NOUN"
"5164","ἐπὶ","ADP"
"5165","μεσόφρυον","NOUN"
"5166","κατ","ADP"
"5167","αὐτοῦ","PRON"
"5168","χίασμα","NOUN"
"5169","γίγνεσθαι","VERB"
"5170","καὶ","CCONJ"
"5171","τὰς","DET"
"5172","ἀρχὰς","NOUN"
"5173","λοξῶς","ADV"
"5174","ἐπὶ","ADP"
"5175","κορυφῆς","NOUN"
"5176","ἐπὶ","ADP"
"5177","ἰνίον","NOUN"
"5178","ἀφάψαντές","VERB"
"5179","τε","CCONJ"
"5180","πρὸς","ADP"
"5181","τὸ","DET"
"5182","αὐτὸ","DET"
"5183","πέρας","NOUN"
"5184","ἐπάγομεν","VERB"
"5185","τὰς","DET"
"5186","διακρατουμένας","VERB"
"5187","ὑπὸ","ADP"
"5188","τοῦ","DET"
"5189","ὑπηρέτου","NOUN"
"5190","ἀρχὰς","NOUN"
"5191","μετωπιαίας","ADJ"
"5192","συντελοῦμεν","VERB"
"5193",",","PUNCT"
"5194","οὐ","ADV"
"5195","τὰ","DET"
"5196","πέρατα","NOUN"
"5197","πρὸς","ADP"
"5198","ἄλληλα","PRON"
"5199","ἅμματι","NOUN"
"5200","ἢ","CCONJ"
"5201","ὡς","ADV"
"5202","ἀγκτῆρι","NOUN"
"5203","ἐκ","ADP"
"5204","πλαγίων","ADJ"
"5205","τῆς","DET"
"5206","κεφαλῆς","NOUN"
"5207","ἀναλαμβανομένων","VERB"
"5208",".","PUNCT"
"5209","Σχίζομεν","VERB"
"5210","τὸ","DET"
"5211","ῥάκος","NOUN"
"5212","σκέλη","NOUN"
"5213","τέσσαρα","NUM"
"5214","τὸ","DET"
"5215","μέσον","ADJ"
"5216","συνεχὲς","ADJ"
"5217","ἐῶντες","VERB"
"5218","ὃ","PRON"
"5219","καὶ","ADV"
"5220","ὑπὸ","ADP"
"5221","τὸ","DET"
"5222","σφαίριον","NOUN"
"5223","τάξαντες","VERB"
"5224","τὰς","DET"
"5225","ὑπερκειμένας","VERB"
"5226","κάτω","ADV"
"5227","παρίεμεν","VERB"
"5228",",","PUNCT"
"5229","τὰς","DET"
"5230","δὲ","ADV"
"5231","ὑποκειμένας","VERB"
"5232","πρώτην","ADJ"
"5233","ἄγομεν","VERB"
"5234","ἐπὶ","ADP"
"5235","τὰ","DET"
"5236","μῆλα","NOUN"
"5237","καὶ","CCONJ"
"5238","τοὺς","DET"
"5239","ἔξω","ADV"
"5240","κανθοὺς","NOUN"
"5241","ἐπὶ","ADP"
"5242","βρέγμα","NOUN"
"5243",",","PUNCT"
"5244","καὶ","CCONJ"
"5245","χιάσαντες","VERB"
"5246","συνέχειν","VERB"
"5247","ὑπηρέτῃ","NOUN"
"5248","κελεύομεν","VERB"
"5249",".","PUNCT"
"5250","τὰς","DET"
"5251","δ","ADV"
"5252","ἄλλας","ADJ"
"5253","δύο","NUM"
"5254","ἀρχὰς","NOUN"
"5255","ὑπὸ","ADP"
"5256","λοβοὺς","NOUN"
"5257","ἐπὶ","ADP"
"5258","ἰνίον","NOUN"
"5259","χιάσαντες","VERB"
"5260","ἐγκυκλίους","ADJ"
"5261","ἐπὶ","ADP"
"5262","μέτωπον","NOUN"
"5263","καὶ","CCONJ"
"5264","ἐπὶ","ADP"
"5265","μέρος","NOUN"
"5266","τῆς","DET"
"5267","κεφαλῆς","NOUN"
"5268","ἀναλαμβανόμενοι","VERB"
"5269","καὶ","CCONJ"
"5270","τὰς","DET"
"5271","διακρατουμένας","VERB"
"5272","ἐπὶ","ADP"
"5273","ἰνίον","NOUN"
"5274","ἄγοντες","VERB"
"5275","καταλαμβάνομεν","VERB"
"5276",".","PUNCT"
"5277","Μία","NUM"
"5278","ἡ","DET"
"5279","μεσότης","NOUN"
"5280","ὑπὸ","ADP"
"5281","σφαίριον","NOUN"
"5282",".","PUNCT"
"5283","αἱ","DET"
"5284","δ","ADV"
"5285","ἀρχαὶ","NOUN"
"5286","ἐπὶ","ADP"
"5287","τοὺς","DET"
"5288","ἔξω","ADV"
"5289","κανθοὺς","NOUN"
"5290","ἐπὶ","ADP"
"5291","βρέγμα","NOUN"
"5292","καὶ","CCONJ"
"5293","χιασθεῖσαι","VERB"
"5294","διακρατείσθωσαν","VERB"
"5295",",","PUNCT"
"5296","ἄλλη","ADJ"
"5297","δὲ","ADV"
"5298","μεσότης","NOUN"
"5299","ὑπὸ","ADP"
"5300","τὸ","DET"
"5301","σφαίριον","NOUN"
"5302","τῆς","DET"
"5303","ῥινός","NOUN"
"5304",".","PUNCT"
"5305","αἱ","DET"
"5306","δ","ADV"
"5307","ἀρχαὶ","NOUN"
"5308","καὶ","CCONJ"
"5309","ὑπὸ","ADP"
"5310","λοβοὺς","NOUN"
"5311","καὶ","CCONJ"
"5312","ἐπὶ","ADP"
"5313","ἰνίον","NOUN"
"5314","ἁμματίζονται","VERB"
"5315",",","PUNCT"
"5316","τρίτη","ADJ"
"5317","μεσότης","NOUN"
"5318","κατὰ","ADP"
"5319","μετώπου","NOUN"
"5320",",","PUNCT"
"5321","αἱ","DET"
"5322","δ","ADV"
"5323","ἀρχαὶ","NOUN"
"5324","ἐγκύκλιοι","ADJ"
"5325","πρὸς","ADP"
"5326","κεφαλὴν","NOUN"
"5327","καὶ","CCONJ"
"5328","τὸ","DET"
"5329","ἅμμα","NOUN"
"5330","παρὰ","ADP"
"5331","μέρος","NOUN"
"5332","τῆς","DET"
"5333","κεφαλῆς","NOUN"
"5334",".","PUNCT"
"5335","Μία","NUM"
"5336","μεσότης","NOUN"
"5337","ὑπὸ","ADP"
"5338","σφαιρίῳ","NOUN"
"5339",",","PUNCT"
"5340","αἱ","DET"
"5341","δ","ADV"
"5342","ἀρχαὶ","NOUN"
"5343","ἐπὶ","ADP"
"5344","τοὺς","DET"
"5345","ἔξω","ADV"
"5346","κανθοὺς","NOUN"
"5347","ἐπὶ","ADP"
"5348","βρέγμα","NOUN"
"5349","καὶ","CCONJ"
"5350","χιασθεῖσαι","VERB"
"5351","ὁμοίως","ADV"
"5352","διακρατείσθωσαν","VERB"
"5353",",","PUNCT"
"5354","ἑτέρα","ADJ"
"5355","ἡ","DET"
"5356","μεσότης","NOUN"
"5357","ὑπὲρ","ADP"
"5358","τὸ","DET"
"5359","σφαίριον","NOUN"
"5360",",","PUNCT"
"5361","αἱ","DET"
"5362","δ","ADV"
"5363","ἀρχαὶ","NOUN"
"5364","ὑπὸ","ADP"
"5365","λοβοὺς","NOUN"
"5366",",","PUNCT"
"5367","ἐπὶ","ADP"
"5368","ἰνίον","NOUN"
"5369","ἀπὸ","ADP"
"5370","ἰνίου","PROPN"
"5371","χιασθεῖσαι","VERB"
"5372","περὶ","ADP"
"5373","κεφαλὴν","NOUN"
"5374",",","PUNCT"
"5375","ἐγκύκλιοι","ADJ"
"5376","ἐπὶ","ADP"
"5377","μέτωπον","NOUN"
"5378",",","PUNCT"
"5379","τὸ","DET"
"5380","δὲ","ADV"
"5381","ἅμμα","NOUN"
"5382","ἐκ","ADP"
"5383","πλαγίων","ADJ"
"5384","τῆς","DET"
"5385","κεφαλῆς","NOUN"
"5386",".","PUNCT"
"5387","﻿","CCONJ"
"5388","Τῆς","DET"
"5389","ἑτέρας","ADJ"
"5390","ἐπ","ADP"
"5391","εὐθείας","ADJ"
"5392","τῇ","DET"
"5393","ῥινὶ","NOUN"
"5394","ἐπικειμένης","VERB"
"5395","τὸ","DET"
"5396","μὲν","ADV"
"5397","ἥμισυ","ADJ"
"5398","κατὰ","ADP"
"5399","τοῦ","DET"
"5400","προκειμένου","VERB"
"5401","μετώπου","NOUN"
"5402","παρειμένον","VERB"
"5403","ἐῶμεν","VERB"
"5404",".","PUNCT"
"5405","τὸ","DET"
"5406","δὲ","ADV"
"5407","ἥμισυ","ADJ"
"5408","κατὰ","ADP"
"5409","τοῦ","DET"
"5410","προσώπου","NOUN"
"5411","παρειμένον","VERB"
"5412","ἐπ","ADP"
"5413","εὐθείας","ADJ"
"5414","κατὰ","ADP"
"5415","κορυφὴν","NOUN"
"5416","ἐπὶ","ADP"
"5417","ἰνίον","NOUN"
"5418","ἀπάγομεν","VERB"
"5419",".","PUNCT"
"5420","τῆς","DET"
"5421","δ","ADV"
"5422","ἑτέρας","ADJ"
"5423","τὴν","DET"
"5424","μεσότητα","NOUN"
"5425","ὑπὸ","ADP"
"5426","σφαιρίῳ","NOUN"
"5427","τάξαντες","VERB"
"5428","τὰς","DET"
"5429","ἀρχὰς","NOUN"
"5430","ὑπὸ","ADP"
"5431","λοβοὺς","NOUN"
"5432","ὤτων","NOUN"
"5433","καὶ","CCONJ"
"5434","ἐπὶ","ADP"
"5435","ἰνίον","NOUN"
"5436","ἄγομεν","VERB"
"5437",".","PUNCT"
"5438","χιάσαντες","VERB"
"5439","κατ","ADP"
"5440","ἰνίου","NOUN"
"5441","οὕτω","ADV"
"5442","τὴν","DET"
"5443","κατὰ","ADP"
"5444","τοῦ","DET"
"5445","προσώπου","NOUN"
"5446","παρειμένην","VERB"
"5447","ἀνακλάσαντες","VERB"
"5448","κατὰ","ADP"
"5449","τῆς","DET"
"5450","προεμβεβλημένης","VERB"
"5451","ἐπὶ","ADP"
"5452","κορυφὴν","NOUN"
"5453","καὶ","CCONJ"
"5454","ἰνίον","NOUN"
"5455","εὐθείας","ADJ"
"5456","ἀπάγομεν","VERB"
"5457",".","PUNCT"
"5458","διὰ","ADP"
"5459","δὲ","ADV"
"5460","τῶν","DET"
"5461","κεχιασμένων","VERB"
"5462","κατ","ADP"
"5463","ἰνίου","NOUN"
"5464","καταλαμβανόμενοι","VERB"
"5465","τὰς","DET"
"5466","ἀρχὰς","NOUN"
"5467","μετώπιον","NOUN"
"5468","συντελοῦμεν","VERB"
"5469",".","PUNCT"
"5470","Ἑνὸς","NUM"
"5471","ᾖ","DET"
"5472","μεσότης","NOUN"
"5473","ὑπὸ","ADP"
"5474","σφαιρίῳ","NOUN"
"5475",".","PUNCT"
"5476","αἱ","DET"
"5477","δ","ADV"
"5478","ἀρχαὶ","NOUN"
"5479","ἐκ","ADP"
"5480","πλαγίων","ADJ"
"5481","τῆς","DET"
"5482","ῥινὸς","NOUN"
"5483","ἐπὶ","ADP"
"5484","μεσόφρυον","NOUN"
"5485",",","PUNCT"
"5486","ὅπου","ADV"
"5487","καὶ","ADV"
"5488","χιασθεῖσαι","VERB"
"5489","ἀπαγέσθωσαν","VERB"
"5490","ἐπ","ADP"
"5491","εὐθείας","ADJ"
"5492","παρὰ","ADP"
"5493","κορυφὴν","NOUN"
"5494","ἐπὶ","ADP"
"5495","ἰνίον","NOUN"
"5496","κἀκεῖ","ADV"
"5497","διακρατείσθωσαν","VERB"
"5498",".","PUNCT"
"5499","δευτέρου","ADJ"
"5500","μεσότης","NOUN"
"5501","τὸ","DET"
"5502","ὑπὲρ","ADP"
"5503","τὸ","DET"
"5504","σφαίριον","NOUN"
"5505","τῆς","DET"
"5506","ῥινὸς","NOUN"
"5507",",","PUNCT"
"5508","αἱ","DET"
"5509","δ","ADV"
"5510","ἀρχαὶ","NOUN"
"5511","ὑπὸ","ADP"
"5512","λοβοὺς","NOUN"
"5513","ὤτων","NOUN"
"5514","ἐπὶ","ADP"
"5515","ἰνίον","NOUN"
"5516",",","PUNCT"
"5517","κἀκεῖ","ADV"
"5518","ἁμματιζέσθωσαν","VERB"
"5519","πρὸς","ADP"
"5520","ἀλλήλας","PRON"
"5521","τε","CCONJ"
"5522","καὶ","CCONJ"
"5523","πρὸς","ADP"
"5524","τὰς","DET"
"5525","διακρατουμένας","VERB"
"5526","·","PUNCT"
"5527","τρίτου","ADJ"
"5528","ἡ","DET"
"5529","μεσότης","NOUN"
"5530","κατὰ","ADP"
"5531","μετώπου","NOUN"
"5532",",","PUNCT"
"5533","αἱ","DET"
"5534","δ","ADV"
"5535","ἀρχαὶ","NOUN"
"5536","ἐγύκλιοι","ADJ"
"5537","περὶ","ADP"
"5538","κεφαλὴν","NOUN"
"5539",",","PUNCT"
"5540","τὸ","DET"
"5541","δὲ","ADV"
"5542","ἅμμα","NOUN"
"5543","παρὰ","ADP"
"5544","μέρος","NOUN"
"5545","τῆς","DET"
"5546","κεφαλῆς","NOUN"
"5547",".","PUNCT"
"5548","Τῆς","DET"
"5549","πρώτης","ADJ"
"5550","ὁμοίως","ADV"
"5551","ταινίας","NOUN"
"5552","διατιθεμένης","VERB"
"5553","καὶ","CCONJ"
"5554","τῆς","DET"
"5555","δευτέρας","ADJ"
"5556","πάλιν","ADV"
"5557","ὁμοίως","ADV"
"5558","ἐπὶ","ADP"
"5559","ἰνίον","NOUN"
"5560","ἀγάγῃ","VERB"
"5561","τῆς","DET"
"5562","δευτέρας","ADJ"
"5563","τὰς","DET"
"5564","ἀρχὰς","NOUN"
"5565",",","PUNCT"
"5566","χιάσαι","VERB"
"5567","δὲ","ADV"
"5568","καὶ","ADV"
"5569","αὐτῶν","PRON"
"5570","μετωπιαίων","ADJ"
"5571","συντελέσαι","VERB"
"5572",",","PUNCT"
"5573","τῶν","DET"
"5574","τοῦ","DET"
"5575","πρώτου","ADJ"
"5576","τελαμῶνος","PROPN"
"5577","ἀρχῶν","NOUN"
"5578","ἤτοι","CCONJ"
"5579","κατειλημένων","VERB"
"5580","ὑπ","ADP"
"5581","αὐτῶν","PRON"
"5582","ἢ","CCONJ"
"5583","καὶ","ADV"
"5584","αὐτῶν","PRON"
"5585","χιαζομένων","VERB"
"5586","κατ","ADP"
"5587","ἰνίον","NOUN"
"5588","·","PUNCT"
"5589","ἔπειτα","ADV"
"5590","ἀγομένων","VERB"
"5591","ὑπ","ADP"
"5592","ἀνθερεῶνα","NOUN"
"5593","κἀκεῖ","ADV"
"5594","ἁμματίζομεν","VERB"
"5595",".","PUNCT"
"5596","Σύμμετρον","ADJ"
"5597","μέρος","NOUN"
"5598","ἐπὶ","ADP"
"5599","τοῦ","DET"
"5600","ἐπιδέσμου","NOUN"
"5601","κατὰ","ADP"
"5602","τοῦ","DET"
"5603","προσώπου","NOUN"
"5604","ἐάσαντες","VERB"
"5605","κρεμάσαι","VERB"
"5606","τοσοῦτον","ADJ"
"5607","ὅσον","PRON"
"5608","ἱκανὸν","ADJ"
"5609","ἔσται","AUX"
"5610","ἐπὶ","ADP"
"5611","ἰνίον","NOUN"
"5612","ἐθέλειν","VERB"
"5613","·","PUNCT"
"5614","εἶτα","ADV"
"5615","ἄγομεν","VERB"
"5616","τὸ","DET"
"5617","σπείραμα","NOUN"
"5618","ἐπ","ADP"
"5619","εὐθείας","ADJ"
"5620","κατὰ","ADP"
"5621","ῥινὸς","NOUN"
"5622",",","PUNCT"
"5623","μεσοφρύου","NOUN"
"5624",",","PUNCT"
"5625","βρέγματος","NOUN"
"5626",",","PUNCT"
"5627","κορυφῆς","NOUN"
"5628","ἐπὶ","ADP"
"5629","ἰνίον","NOUN"
"5630",",","PUNCT"
"5631","ἀπὸ","ADP"
"5632","ἰνίου","NOUN"
"5633","κλάσαντες","VERB"
"5634","ἐπὶ","ADP"
"5635","λοβὸν","NOUN"
"5636","ὠτὸς","NOUN"
"5637","ἀντικείμενον","VERB"
"5638","·","PUNCT"
"5639","ἐπὶ","ADP"
"5640","ἰνίον","PROPN"
"5641","διακρατοῦντες","VERB"
"5642","τὸ","DET"
"5643","σπείραμα","NOUN"
"5644","τὴν","DET"
"5645","κατὰ","ADP"
"5646","τοῦ","DET"
"5647","προσώπου","NOUN"
"5648","παρειμένην","VERB"
"5649","ἀρχὴν","NOUN"
"5650","ἀνακλάσαντες","VERB"
"5651",",","PUNCT"
"5652","ἐπ","ADP"
"5653","εὐθείας","ADJ"
"5654","ἄγομεν","VERB"
"5655","κατὰ","ADP"
"5656","τῆς","DET"
"5657","πρώτης","ADJ"
"5658","κορυφῆς","NOUN"
"5659","καὶ","CCONJ"
"5660","ἰνίου","NOUN"
"5661",",","PUNCT"
"5662","καταλαμβανόμενοί","VERB"
"5663","τε","CCONJ"
"5664","ἄγομεν","VERB"
"5665","τὸ","DET"
"5666","σπείραμα","NOUN"
"5667","κυκλοτερῶς","ADV"
"5668","ἐπὶ","ADP"
"5669","μέτωπον","NOUN"
"5670","·","PUNCT"
"5671","εἶτα","ADV"
"5672","ἐπ","ADP"
"5673","ἰνίον","NOUN"
"5674","καὶ","CCONJ"
"5675","παρὰ","ADP"
"5676","μέρος","NOUN"
"5677","τῆς","DET"
"5678","κεφαλῆς","NOUN"
"5679","τὸ","DET"
"5680","σπείραμα","NOUN"
"5681","καταλαμβανόμεθα","VERB"
"5682",".","PUNCT"
"5683","Ἀρχὴ","NOUN"
"5684","κατ","ADP"
"5685","ἰνίου","NOUN"
"5686",".","PUNCT"
"5687","τὸ","DET"
"5688","σπείραμα","NOUN"
"5689","λοξῶς","ADV"
"5690","ἐπὶ","ADP"
"5691","κορυφὴν","NOUN"
"5692","καὶ","CCONJ"
"5693","βρέγμα","NOUN"
"5694",",","PUNCT"
"5695","μικρὸν","ADJ"
"5696","κανθὸν","NOUN"
"5697","ἐπὶ","ADP"
"5698","μῆλα","NOUN"
"5699","·","PUNCT"
"5700","εἶθ","ADV"
"5701","ὑπὸ","ADP"
"5702","σφαίριον","NOUN"
"5703","ῥινὸς","NOUN"
"5704","καὶ","CCONJ"
"5705","ἐπὶ","ADP"
"5706","τὸ","DET"
"5707","ἀντικείμενον","ADJ"
"5708","μῆλον","NOUN"
"5709","παρὰ","ADP"
"5710","τὸν","DET"
"5711","ἕξω","ADV"
"5712","κανθὸν","NOUN"
"5713","ἐπὶ","ADP"
"5714","βρέγμα","NOUN"
"5715",",","PUNCT"
"5716","ἐπὶ","ADP"
"5717","κορυφὴν","NOUN"
"5718","ἀντικειμένη","VERB"
"5719","τῇ","DET"
"5720","πρώτῃ","ADJ"
"5721","ἐπὶ","ADP"
"5722","ἰνίον","NOUN"
"5723","·","PUNCT"
"5724","ἀπὸ","ADP"
"5725","ἰνίου","NOUN"
"5726","ἐπὶ","ADP"
"5727","λοβὸν","NOUN"
"5728","ὠτὸς","NOUN"
"5729","ἀντικειμένου","ADJ"
"5730","καὶ","CCONJ"
"5731","ἐπὶ","ADP"
"5732","ἰνίον","NOUN"
"5733","ἀπὸ","ADP"
"5734","ἰνίου","PROPN"
"5735","μετωπιαία","ADJ"
"5736",".","PUNCT"
"5737","Ἀρχὴ","NOUN"
"5738","κατ","ADP"
"5739","ἰνίου","PROPN"
"5740",".","PUNCT"
"5741","τὸ","DET"
"5742","σπείραμα","NOUN"
"5743","λοξῶς","ADV"
"5744","παρὰ","ADP"
"5745","κορυφὴν","NOUN"
"5746","ἐπὶ","ADP"
"5747","κρόταφον","NOUN"
"5748","καὶ","CCONJ"
"5749","τὸν","DET"
"5750","ἔξω","ADV"
"5751","κανθὸν","NOUN"
"5752","ὑπὸ","ADP"
"5753","σφαίριον","NOUN"
"5754","ῥινὸς","NOUN"
"5755","καὶ","CCONJ"
"5756","ὑπὸ","ADP"
"5757","λοβὸν","NOUN"
"5758","ὠτός","NOUN"
"5759","·","PUNCT"
"5760","εἶτα","ADV"
"5761","ἐπὶ","ADP"
"5762","ἰνίον","NOUN"
"5763","ἀπὸ","ADP"
"5764","ἰνίου","PROPN"
"5765","κλάσαντες","VERB"
"5766","τὴν","DET"
"5767","ἀρχὴν","NOUN"
"5768","ἄγομεν","VERB"
"5769","ἀντικειμένην","VERB"
"5770","τῇ","DET"
"5771","πρώτῃ","ADJ"
"5772","λοξὴν","ADJ"
"5773","ἐπὶ","ADP"
"5774","κρόταφον","NOUN"
"5775","ὑπὸ","ADP"
"5776","σφαίριον","NOUN"
"5777","ῥινὸς","NOUN"
"5778","καὶ","CCONJ"
"5779","ὑπὸ","ADP"
"5780","λοβὸν","NOUN"
"5781","ὠτὸς","NOUN"
"5782","ἀντικειμένου","VERB"
"5783","ἐπὶ","ADP"
"5784","ἰνίον","NOUN"
"5785","·","PUNCT"
"5786","ἀπὸ","ADP"
"5787","ἰνίου","PROPN"
"5788","ἐπὶ","ADP"
"5789","λοβὸν","NOUN"
"5790","ὠτὸς","NOUN"
"5791","ἐπισφαίριον","NOUN"
"5792","ῥινὸς","NOUN"
"5793","καὶ","CCONJ"
"5794","ὑπὸ","ADP"
"5795","λοβὸν","NOUN"
"5796","ὠτὸς","NOUN"
"5797",",","PUNCT"
"5798","εἶτ","ADV"
"5799","ἐπὶ","ADP"
"5800","ἰνίον","NOUN"
"5801",",","PUNCT"
"5802","ἀπὸ","ADP"
"5803","ἰνίου","PROPN"
"5804","μετωπιαίαν","ADJ"
"5805","προσαποδίδομεν","VERB"
"5806",".","PUNCT"
"5807","Ἀρχὴ","NOUN"
"5808","κατ","ADP"
"5809","ἰνίου","NOUN"
"5810",".","PUNCT"
"5811","τὸ","DET"
"5812","σπείραμα","NOUN"
"5813","λοξῶς","ADV"
"5814","ἐπὶ","ADP"
"5815","κορυφὴν","NOUN"
"5816",",","PUNCT"
"5817","βρέγμα","NOUN"
"5818",",","PUNCT"
"5819","μεσόφρυον","NOUN"
"5820",",","PUNCT"
"5821","εἶτ","ADV"
"5822","ἐκ","ADP"
"5823","πλαγίων","ADJ"
"5824","τῆς","DET"
"5825","ῥινὸς","NOUN"
"5826","παρὰ","ADP"
"5827","μέγαν","ADJ"
"5828","κανθὸν","NOUN"
"5829","ἐπ","ADP"
"5830","εὐθείας","ADJ"
"5831","ἐπὶ","ADP"
"5832","παρακείμενον","ADJ"
"5833","πτερύγιον","NOUN"
"5834","ῥινὸς","NOUN"
"5835","ἐπὶ","ADP"
"5836","χαλινὸν","PROPN"
"5837",",","PUNCT"
"5838","εἶθ","ADV"
"5839","ὑπ","ADP"
"5840","ἀνθερεῶνα","NOUN"
"5841","καὶ","CCONJ"
"5842","ὑπὸ","ADP"
"5843","λοβὸν","NOUN"
"5844","ὠτὸς","NOUN"
"5845","ἐπὶ","ADP"
"5846","ἰνίον","NOUN"
"5847",",","PUNCT"
"5848","ἀπὸ","ADP"
"5849","ἰνίου","PROPN"
"5850","λοξὴ","ADJ"
"5851","παρὰ","ADP"
"5852","κορυφὴν","NOUN"
"5853","καὶ","CCONJ"
"5854","ἐπὶ","ADP"
"5855","βρέγμα","NOUN"
"5856",",","PUNCT"
"5857","ἀντικειμένη","VERB"
"5858","τῇ","DET"
"5859","πρώτῃ","ADJ"
"5860","ἐπὶ","ADP"
"5861","μεσόφρυον","NOUN"
"5862",",","PUNCT"
"5863","ὡς","ADV"
"5864","κατ","ADP"
"5865","αὐτοῦ","PRON"
"5866","χίασμα","NOUN"
"5867","γίνεσθαι","VERB"
"5868",",","PUNCT"
"5869","καὶ","CCONJ"
"5870","ἐκ","ADP"
"5871","πλαγίων","ADJ"
"5872","τῆς","DET"
"5873","ῥινὸς","NOUN"
"5874","ἀντικειμένη","VERB"
"5875","τῇ","DET"
"5876","πρώτῃ","ADJ"
"5877","ἐπὶ","ADP"
"5878","χαλινόν","NOUN"
"5879","·","PUNCT"
"5880","εἶθ","ADV"
"5881","ὑπ","ADP"
"5882","ἀνθερεῶνα","NOUN"
"5883","καὶ","CCONJ"
"5884","ὑπὸ","ADP"
"5885","λοβὸν","NOUN"
"5886","ὠτὸς","NOUN"
"5887","ἀντικειμένου","VERB"
"5888",",","PUNCT"
"5889","εἶτ","ADV"
"5890","ἐπὶ","ADP"
"5891","ἰνίον","NOUN"
"5892",",","PUNCT"
"5893","ἀπὸ","ADP"
"5894","ἰνίου","PROPN"
"5895","μετωπιαία","ADJ"
"5896","καὶ","CCONJ"
"5897","ὑπὸ","ADP"
"5898","τὸ","DET"
"5899","ὕψωμα","NOUN"
"5900","τῆς","DET"
"5901","ῥινός","NOUN"
"5902","·","PUNCT"
"5903","εἶθ","ADV"
"5904","ὑπὸ","ADP"
"5905","λοβὸν","NOUN"
"5906","ὠτὸς","NOUN"
"5907","ἀντικειμένου","VERB"
"5908","καὶ","CCONJ"
"5909","ἐπὶ","ADP"
"5910","ἰνίον","NOUN"
"5911",".","PUNCT"
"5912","ταύτῃ","DET"
"5913","τῇ","DET"
"5914","ἐπιδέσει","NOUN"
"5915","ἔνιοι","ADJ"
"5916","καὶ","ADV"
"5917","γενειάδα","NOUN"
"5918","προστιθέασιν","VERB"
"5919",",","PUNCT"
"5920","ἁρμόζει","VERB"
"5921","δὲ","ADV"
"5922","ἐφ","ADP"
"5923","ὧν","PRON"
"5924","μεσόφρυον","NOUN"
"5925","καὶ","CCONJ"
"5926","τὸ","DET"
"5927","τῆς","DET"
"5928","ῥινὸς","NOUN"
"5929","ὕψωμα","NOUN"
"5930","συνεπιδῆσαι","VERB"
"5931","θέλομεν","VERB"
"5932",".","PUNCT"
"5933","Ἀρχὴ","NOUN"
"5934","κατ","ADP"
"5935","ἰνίου","PROPN"
"5936",".","PUNCT"
"5937","τὸ","DET"
"5938","σπείραμα","NOUN"
"5939","λοξῶς","ADV"
"5940","παρὰ","ADP"
"5941","κορυφὴν","NOUN"
"5942",",","PUNCT"
"5943","βρέγμα","NOUN"
"5944",",","PUNCT"
"5945","ἐπὶ","ADP"
"5946","μεσόφρυον","NOUN"
"5947",",","PUNCT"
"5948","παρὰ","ADP"
"5949","μέγαν","ADJ"
"5950","κανθὸν","NOUN"
"5951",",","PUNCT"
"5952","ἐπὶ","ADP"
"5953","μῆλον","NOUN"
"5954",",","PUNCT"
"5955","ὑπὸ","ADP"
"5956","λοβὸν","NOUN"
"5957","ὠτός","NOUN"
"5958","·","PUNCT"
"5959","ἐπὶ","ADP"
"5960","ἰνίον","NOUN"
"5961","ἀντικειμένη","VERB"
"5962","τῇ","DET"
"5963","πρώτῃ","ADJ"
"5964",",","PUNCT"
"5965","ὡς","ADV"
"5966","χίασμα","NOUN"
"5967","κατὰ","ADP"
"5968","μεσόφρυον","NOUN"
"5969","γίνεσθαι","VERB"
"5970",",","PUNCT"
"5971","καὶ","CCONJ"
"5972","λοξὴ","ADJ"
"5973","παρὰ","ADP"
"5974","βρέγμα","NOUN"
"5975","καὶ","CCONJ"
"5976","κορυφὴν","NOUN"
"5977","ἐπὶ","ADP"
"5978","ἰνίον","NOUN"
"5979",",","PUNCT"
"5980","ἀπὸ","ADP"
"5981","ἰνίου","PROPN"
"5982","ἐπὶ","ADP"
"5983","λοβὸν","NOUN"
"5984","ὠτός","NOUN"
"5985","·","PUNCT"
"5986","ὑπὸ","ADP"
"5987","τὸ","DET"
"5988","ὕψωμα","NOUN"
"5989","τῆς","DET"
"5990","ῥινὸς","NOUN"
"5991","καὶ","CCONJ"
"5992","ἐπὶ","ADP"
"5993","τὸν","DET"
"5994","ἀντικείμενον","ADJ"
"5995","λοβὸν","NOUN"
"5996","ὠτὸς","NOUN"
"5997",",","PUNCT"
"5998","εἶτ","ADV"
"5999","ἐπὶ","ADP"
"6000","ἰνίον","NOUN"
"6001",",","PUNCT"
"6002","ἀπὸ","ADP"
"6003","ἰνίου","PROPN"
"6004","μετωπιαία","ADJ"
"6005",".","PUNCT"
"6006","ταύτῃ","DET"
"6007","τῇ","DET"
"6008","ἐπιδέσει","NOUN"
"6009","ἔνιοι","ADJ"
"6010","δι","ADP"
"6011","εὐπρέπειαν","NOUN"
"6012","καὶ","CCONJ"
"6013","στεφανιαίαν","ADJ"
"6014","προστιθέασιν","VERB"
"6015",",","PUNCT"
"6016","αὕτη","PRON"
"6017","καὶ","ADV"
"6018","ἀπὸ","ADP"
"6019","δύο","NUM"
"6020","ἀρχῶν","NOUN"
"6021","ἐπιδεῖσθαι","VERB"
"6022","δύναται","VERB"
"6023",",","PUNCT"
"6024","ἂν","SCONJ"
"6025","ἀπαιτῇ","VERB"
"6026","χρεία","NOUN"
"6027",".","PUNCT"
"6028","ἁρμόζει","VERB"
"6029","δὲ","ADV"
"6030","ἐφ","ADP"
"6031","ὦν","PRON"
"6032","καὶ","ADV"
"6033","ἡ","DET"
"6034","πρὸ","ADP"
"6035","ταύτης","ADJ"
"6036",".","PUNCT"
"6037","Ἀρχὴ","NOUN"
"6038","κατ","ADP"
"6039","ἰνίου","NOUN"
"6040",".","PUNCT"
"6041","τὸ","DET"
"6042","σπείραμα","NOUN"
"6043","ἐπ","ADP"
"6044","εὐθείας","ADJ"
"6045","κατὰ","ADP"
"6046","κορυφὴν","NOUN"
"6047","ἐπὶ","ADP"
"6048","μεσόφρυον","NOUN"
"6049","παρὰ","ADP"
"6050","μέγαν","ADJ"
"6051","κανθὸν","NOUN"
"6052","ἐκ","ADP"
"6053","πλαγίων","ADJ"
"6054","τῆς","DET"
"6055","ῥινὸς","NOUN"
"6056","ἐπ","ADP"
"6057","αὐτὸ","DET"
"6058","τὸ","DET"
"6059","σφαίριον","NOUN"
"6060","ῥινὸς","NOUN"
"6061","καὶ","CCONJ"
"6062","παρὰ","ADP"
"6063","τὸν","DET"
"6064","τοῦ","DET"
"6065","ἑτέρου","ADJ"
"6066","μεγάλου","ADJ"
"6067","κανθοῦ","NOUN"
"6068","ἐπὶ","ADP"
"6069","μεσόφρυον","NOUN"
"6070","ὡς","ADV"
"6071","χίασμα","NOUN"
"6072","κατὰ","ADP"
"6073","μεσοφρύου","NOUN"
"6074","γίνεσθαι","VERB"
"6075","ἐπ","ADP"
"6076","εὐθείας","ADJ"
"6077","παρακειμένη","VERB"
"6078","τῇ","DET"
"6079","πρώτῃ","ADJ"
"6080","ἐπὶ","ADP"
"6081","κορυφὴν","NOUN"
"6082","καὶ","CCONJ"
"6083","ἰνίον","NOUN"
"6084","·","PUNCT"
"6085","ἀπὸ","ADP"
"6086","ἰνίου","PROPN"
"6087","κλάσαντες","VERB"
"6088","ἄγομεν","VERB"
"6089","τὸ","DET"
"6090","σπείραμα","NOUN"
"6091","ἐπὶ","ADP"
"6092","λοβὸν","NOUN"
"6093","ὠτὸς","NOUN"
"6094",",","PUNCT"
"6095","ἐπὶ","ADP"
"6096","σφαίριον","NOUN"
"6097","ῥινὸς","NOUN"
"6098","καὶ","CCONJ"
"6099","ἀντικείμενον","ADJ"
"6100","λοβὸν","NOUN"
"6101","ὠτὸς","NOUN"
"6102","ἐπὶ","ADP"
"6103","ἰνίον","NOUN"
"6104",",","PUNCT"
"6105","ἀπὸ","ADP"
"6106","ἰνίου","NOUN"
"6107","μετωπιαίαν","ADJ"
"6108",".","PUNCT"
"6109","ἔξεστι","VERB"
"6110","δὲ","ADV"
"6111","καὶ","ADV"
"6112","στεφανιαίαν","ADJ"
"6113","προστιθέναι","VERB"
"6114","·","PUNCT"
"6115","ταύτῃ","DET"
"6116","τῇ","DET"
"6117","ἐπιδέσει","NOUN"
"6118","ἔνιοι","ADJ"
"6119","δι","ADP"
"6120","εὐπρέπειαν","NOUN"
"6121","προστιθέασι","VERB"
"6122","τὸ","DET"
"6123","καλούμενον","VERB"
"6124","ἡμιῤῥόμβιον","NOUN"
"6125","οὗ","PRON"
"6126","τὴν","DET"
"6127","συντέλειαν","NOUN"
"6128","παραδεδώκαμεν","VERB"
"6129",".","PUNCT"
"6130","Ἀρχὴ","NOUN"
"6131","κατ","ADP"
"6132","ἰνίου","NOUN"
"6133",".","PUNCT"
"6134","τὸ","DET"
"6135","σπείραμα","NOUN"
"6136","ἐπ","ADP"
"6137","εὐθείας","ADJ"
"6138","ἐπὶ","ADP"
"6139","κορυφὴν","NOUN"
"6140",",","PUNCT"
"6141","βρέγμα","NOUN"
"6142",",","PUNCT"
"6143","μεσόφρυον","NOUN"
"6144",",","PUNCT"
"6145","κανθὸν","NOUN"
"6146","μέγαν","ADJ"
"6147","ἐκ","ADP"
"6148","πλαγίων","ADJ"
"6149","τῆς","DET"
"6150","ῥινὸς","NOUN"
"6151","ὑπὸ","ADP"
"6152","σφαίριον","NOUN"
"6153",",","PUNCT"
"6154","εἶθ","ADV"
"6155","ὑπὸ","ADP"
"6156","λοβὸν","NOUN"
"6157","ὠτὸς","NOUN"
"6158","ἀντικειμένου","VERB"
"6159","﻿","CCONJ"
"6160","καὶ","CCONJ"
"6161","ὑπὲρ","ADP"
"6162","τὸ","DET"
"6163","σφαίριον","NOUN"
"6164","ῥινὸς","NOUN"
"6165",",","PUNCT"
"6166","εἶθ","ADV"
"6167","οὕτως","ADV"
"6168","ὑπὸ","ADP"
"6169","λοβὸν","NOUN"
"6170","ὠτὸς","NOUN"
"6171",",","PUNCT"
"6172","ἐπὶ","ADP"
"6173","ἰνίον","NOUN"
"6174",",","PUNCT"
"6175","ἀπὸ","ADP"
"6176","ἰνίου","PROPN"
"6177","μετωπιαία","ADJ"
"6178",".","PUNCT"
"6179","Ἁρμόζει","VERB"
"6180","μὲν","ADV"
"6181","ἐφ","ADP"
"6182","ὧν","PRON"
"6183","ἡ","DET"
"6184","πρὸ","ADP"
"6185","ταύτης","ADJ"
"6186","ἐπίδεσις","NOUN"
"6187",".","PUNCT"
"6188","ἐπιτελεῖται","VERB"
"6189","δὲ","ADV"
"6190","οὕτω","ADV"
"6191","·","PUNCT"
"6192","δέρματος","NOUN"
"6193","φοινικίνου","ADJ"
"6194","τὴν","DET"
"6195","ἀρχὴν","NOUN"
"6196","ἐπιμηκεστέρου","ADJ"
"6197",",","PUNCT"
"6198","κόλλῃ","NOUN"
"6199","ἢ","CCONJ"
"6200","κόμμι","NOUN"
"6201","χρίσαντες","VERB"
"6202","κατακολλῶμεν","VERB"
"6203","τῇ","DET"
"6204","ῥινὶ","NOUN"
"6205","κατ","ADP"
"6206","ἐκεῖνα","ADJ"
"6207","καθ","ADP"
"6208","ἃ","PRON"
"6209","διέστραπται","VERB"
"6210",",","PUNCT"
"6211","τὴν","DET"
"6212","δὲ","ADV"
"6213","ἑτέραν","ADJ"
"6214","ἀρχὴν","NOUN"
"6215","ἀπάγομεν","VERB"
"6216","ὑπὸ","ADP"
"6217","λοβὸν","NOUN"
"6218","ὠτὸς","NOUN"
"6219","ἐπὶ","ADP"
"6220","ἰνίου","PROPN"
"6221",",","PUNCT"
"6222","ἀπὸ","ADP"
"6223","ἰνίου","NOUN"
"6224","ἐπὶ","ADP"
"6225","μέτωπον","NOUN"
"6226","ὅτε","ADV"
"6227","καὶ","ADV"
"6228","κατὰ","ADP"
"6229","μετώπου","NOUN"
"6230","κολλῶμεν","VERB"
"6231","ὁμοίως","ADV"
"6232",".","PUNCT"
"6233","Μεσότης","NOUN"
"6234","κατὰ","ADP"
"6235","τοῦ","DET"
"6236","ὠτός","NOUN"
"6237",".","PUNCT"
"6238","τῶν","DET"
"6239","δὲ","ADV"
"6240","ὑπὸ","ADP"
"6241","τὸ","DET"
"6242","οὖς","NOUN"
"6243","ἀρχῶν","NOUN"
"6244","χιασθεισῶν","VERB"
"6245",",","PUNCT"
"6246","ἡ","PRON"
"6247","μὲν","ADV"
"6248","ἐπὶ","ADP"
"6249","μέτωπον","NOUN"
"6250",",","PUNCT"
"6251","ἡ","PRON"
"6252","δὲ","ADV"
"6253","ἐπὶ","ADP"
"6254","κορυφὴν","NOUN"
"6255",",","PUNCT"
"6256","ἐπὶ","ADP"
"6257","ἰνίον","NOUN"
"6258","·","PUNCT"
"6259","ἀπὸ","ADP"
"6260","ἰνίου","PROPN"
"6261","ἡ","PRON"
"6262","μὲν","ADV"
"6263","ἀπὸ","ADP"
"6264","μετώπου","NOUN"
"6265","κατὰ","ADP"
"6266","τοῦ","DET"
"6267","χιάσματος","NOUN"
"6268","ἀγέσθω","VERB"
"6269",",","PUNCT"
"6270","ἡ","DET"
"6271","δὲ","ADV"
"6272","παρὰ","ADP"
"6273","κορυφὴν","NOUN"
"6274","ἐπὶ","ADP"
"6275","μέτωπον","NOUN"
"6276","καὶ","CCONJ"
"6277","παρὰ","ADP"
"6278","μέρος","NOUN"
"6279","ἁμματιζέσθωσαν","VERB"
"6280","·","PUNCT"
"6281","καὶ","CCONJ"
"6282","τῶν","DET"
"6283","ὑποκειμένων","VERB"
"6284","ἀρχῶν","NOUN"
"6285","χιασθεισῶν","VERB"
"6286",",","PUNCT"
"6287","ἡ","PRON"
"6288","μὲν","ADV"
"6289","ὑπὸ","ADP"
"6290","γένειον","NOUN"
"6291",",","PUNCT"
"6292","ἡ","PRON"
"6293","δὲ","ADV"
"6294","ὄπισθεν","ADP"
"6295","ἰνίον","PROPN"
"6296","κἀκεῖ","ADV"
"6297","ἁμματιζέσθωσαν","VERB"
"6298",".","PUNCT"
"6299","Ἀρχὴ","NOUN"
"6300","ἡ","DET"
"6301","τοῦ","DET"
"6302","ἐπιδέσμου","NOUN"
"6303","ταττέσθω","VERB"
"6304","πλησίον","ADP"
"6305","ἰνίου","NOUN"
"6306",",","PUNCT"
"6307","ὄπισθεν","ADP"
"6308","τοῦ","DET"
"6309","πεπονθότος","VERB"
"6310","ὠτὸς","NOUN"
"6311","·","PUNCT"
"6312","ἡ","DET"
"6313","δὲ","ADV"
"6314","ἐπινομὴ","NOUN"
"6315","κατ","ADP"
"6316","αὐτοῦ","PRON"
"6317","γιγνέσθω","VERB"
"6318","·","PUNCT"
"6319","ὡς","ADV"
"6320","εἰ","SCONJ"
"6321","ἐκ","ADP"
"6322","μέρους","NOUN"
"6323","σκεπασθείη","VERB"
"6324","τὸ","DET"
"6325","οὖς","NOUN"
"6326","καὶ","CCONJ"
"6327","ἀναγέσθω","VERB"
"6328","τὸ","DET"
"6329","σπείραμα","NOUN"
"6330","ἐπὶ","ADP"
"6331","βρέγμα","NOUN"
"6332","πλησίον","ADP"
"6333","μετώπου","NOUN"
"6334","καὶ","CCONJ"
"6335","κατὰ","ADP"
"6336","τὰ","DET"
"6337","ἐμπρόσθια","ADJ"
"6338","πλησίον","ADP"
"6339","τοῦ","DET"
"6340","ἀντικειμένου","ADJ"
"6341","ὠτός","NOUN"
"6342","·","PUNCT"
"6343","εἶθ","ADV"
"6344","ὑπὸ","ADP"
"6345","γένειον","NOUN"
"6346","καὶ","CCONJ"
"6347","κατὰ","ADP"
"6348","τοῦ","DET"
"6349","ὠτὸς","NOUN"
"6350","ἐπὶ","ADP"
"6351","βρέγμα","NOUN"
"6352","καὶ","CCONJ"
"6353","τὰ","DET"
"6354","ὀπίσθια","ADJ"
"6355","ἀντικειμένου","ADJ"
"6356","ὠτὸς","NOUN"
"6357","καὶ","CCONJ"
"6358","ὑπὸ","ADP"
"6359","γένειον","NOUN"
"6360","καὶ","CCONJ"
"6361","λοβὸν","NOUN"
"6362","ὠτὸς","NOUN"
"6363","ἐπὶ","ADP"
"6364","ἰνίον","NOUN"
"6365","καὶ","CCONJ"
"6366","ἀπὸ","ADP"
"6367","ἰνίου","NOUN"
"6368","ἐπὶ","ADP"
"6369","μέτωπον","NOUN"
"6370","καὶ","CCONJ"
"6371","ἐπὶ","ADP"
"6372","ἰνίον","NOUN"
"6373",".","PUNCT"
"6374","Ἀρχὴ","NOUN"
"6375","ἐπὶ","ADP"
"6376","ἰνίῳ","PROPN"
"6377",",","PUNCT"
"6378","τὸ","DET"
"6379","εἴλημα","NOUN"
"6380","ὑπὸ","ADP"
"6381","λοβὸν","NOUN"
"6382","ὠτὸς","NOUN"
"6383","ἀπαθοῦς","ADJ"
"6384","ἐπὶ","ADP"
"6385","βρέγμα","NOUN"
"6386","καὶ","CCONJ"
"6387","τὰ","DET"
"6388","ἐμπρόσθια","ADJ"
"6389","τοῦ","DET"
"6390","πεπονθότος","ADJ"
"6391","ὠτὸς","NOUN"
"6392","καὶ","CCONJ"
"6393","ὑπὸ","ADP"
"6394","γένειον","NOUN"
"6395","ἀπὸ","ADP"
"6396","γενείου","NOUN"
"6397","ὑπὸ","ADP"
"6398","λοβὸν","NOUN"
"6399","ὠτὸς","NOUN"
"6400","καὶ","CCONJ"
"6401","ἐπὶ","ADP"
"6402","ἰνίον","NOUN"
"6403",",","PUNCT"
"6404","ἀπὸ","ADP"
"6405","ἰνίου","NOUN"
"6406","λοξὸν","ADJ"
"6407","κατὰ","ADP"
"6408","τοῦ","DET"
"6409","ὠτὸς","NOUN"
"6410",",","PUNCT"
"6411","εἶτα","ADV"
"6412","μετωπιαία","ADJ"
"6413",".","PUNCT"
"6414","Ἡ","DET"
"6415","μεσότης","NOUN"
"6416","κατὰ","ADP"
"6417","τοῦ","DET"
"6418","ἐπιδεσμένου","VERB"
"6419","τῆς","DET"
"6420","ἐπιδέσεως","NOUN"
"6421","τῶν","DET"
"6422","ἀρχῶν","NOUN"
"6423",",","PUNCT"
"6424","ὧν","PRON"
"6425","μὲν","ADV"
"6426","κατὰ","ADP"
"6427","τοῦ","DET"
"6428","τραχήλου","NOUN"
"6429","κάτω","ADV"
"6430","παρειμένων","VERB"
"6431",",","PUNCT"
"6432","ὧν","PRON"
"6433","δὲ","ADV"
"6434","ἄνω","ADV"
"6435","ὡς","ADV"
"6436","ἐπὶ","ADP"
"6437","κεφαλήν","NOUN"
"6438","·","PUNCT"
"6439","τούτων","ADJ"
"6440","αἱ","DET"
"6441","μὲν","ADV"
"6442","ἐμπρόσθιοι","ADJ"
"6443","βρέγμα","NOUN"
"6444","ἁμματιζέσθωσαν","VERB"
"6445",".","PUNCT"
"6446","αἱ","DET"
"6447","δὲ","ADV"
"6448","μέσαι","ADJ"
"6449","ἐπὶ","ADP"
"6450","κορυφὴν","NOUN"
"6451",",","PUNCT"
"6452","πρός","ADP"
"6453","τε","CCONJ"
"6454","αὐτὰς","PRON"
"6455","καὶ","CCONJ"
"6456","πρὸς","ADP"
"6457","τὰς","DET"
"6458","κατὰ","ADP"
"6459","τοῦ","DET"
"6460","βρέγματος","NOUN"
"6461",",","PUNCT"
"6462","αἱ","DET"
"6463","δ","ADV"
"6464","ὀπίσθιοι","ADJ"
"6465","ἐπὶ","ADP"
"6466","ἰνίον","NOUN"
"6467","ἀπαχθεῖσαι","VERB"
"6468","χιαζέσθωσαν","VERB"
"6469","καὶ","CCONJ"
"6470","κατὰ","ADP"
"6471","κύκλον","NOUN"
"6472","περὶ","ADP"
"6473","κεφαλὴν","NOUN"
"6474","καὶ","CCONJ"
"6475","μέτωπον","NOUN"
"6476","ταχθεῖσαι","VERB"
"6477","παρὰ","ADP"
"6478","μέρος","NOUN"
"6479","τῆς","DET"
"6480","κεφαλῆς","NOUN"
"6481","ἁμματιζέσθωσαν","VERB"
"6482",".","PUNCT"
"6483","Ἑνὸς","NUM"
"6484","ἡ","DET"
"6485","μεσότης","NOUN"
"6486","κατὰ","ADP"
"6487","βρέγματος","NOUN"
"6488",".","PUNCT"
"6489","αἱ","DET"
"6490","δ","ADV"
"6491","ἀρχαὶ","NOUN"
"6492","κατὰ","ADP"
"6493","παρειῶν","NOUN"
"6494","ὑπὸ","ADP"
"6495","γένειον","NOUN"
"6496",",","PUNCT"
"6497","ἀπὸ","ADP"
"6498","γενείου","NOUN"
"6499","κατὰ","ADP"
"6500","παρειῶν","NOUN"
"6501","ταῖς","DET"
"6502","πρώταις","ADJ"
"6503","παράλληλοι","ADJ"
"6504","ἐπὶ","ADP"
"6505","βρέγμα","NOUN"
"6506",",","PUNCT"
"6507","κἀκεῖ","ADV"
"6508","ἁμματιζέσθω","VERB"
"6509",".","PUNCT"
"6510","εἰ","SCONJ"
"6511","δὲ","ADV"
"6512","τοὺς","DET"
"6513","ὀφθαλμοὺς","NOUN"
"6514","ἐθέλομεν","VERB"
"6515","ἐπιδῆσαι","VERB"
"6516","μὴ","ADV"
"6517","περὶ","ADP"
"6518","τὰς","DET"
"6519","πρώτας","ADJ"
"6520",",","PUNCT"
"6521","κατὰ","ADP"
"6522","δὲ","ADV"
"6523","τῶν","DET"
"6524","ὀφθαλμῶν","NOUN"
"6525","ἀγέσθωσαν","VERB"
"6526",",","PUNCT"
"6527","εἶτ","CCONJ"
"6528","ἐπὶ","ADP"
"6529","βρέγμα","NOUN"
"6530","καὶ","CCONJ"
"6531","χιασθεῖσαι","VERB"
"6532","ἐπὶ","ADP"
"6533","ἰνίον","NOUN"
"6534","ἀγέσθωσαν","VERB"
"6535",".","PUNCT"
"6536","δευτέρου","ADJ"
"6537","δὲ","ADV"
"6538","τελαμῶνος","NOUN"
"6539","ἡ","DET"
"6540","μεσότης","NOUN"
"6541","κατὰ","ADP"
"6542","τοῦ","DET"
"6543","βρέγματος","NOUN"
"6544",",","PUNCT"
"6545","αἱ","DET"
"6546","δ","ADV"
"6547","ἀρχαὶ","NOUN"
"6548","παρὰ","ADP"
"6549","τοὺς","DET"
"6550","ἔξω","ADV"
"6551","κανθοὺς","NOUN"
"6552","ἐπὶ","ADP"
"6553","γένειον","NOUN"
"6554","κἀκεῖ","ADV"
"6555","ἁμματιζέσθωσαν","VERB"
"6556",".","PUNCT"
"6557","τρίτου","ADJ"
"6558","δὲ","ADV"
"6559","ἡ","DET"
"6560","μεσότης","NOUN"
"6561","κατὰ","ADP"
"6562","τοῦ","DET"
"6563","ὑψώματος","NOUN"
"6564","τῆς","DET"
"6565","ῥινός","NOUN"
"6566",".","PUNCT"
"6567","αἱ","DET"
"6568","δ","ADV"
"6569","ἀρχαὶ","NOUN"
"6570","ὑπὸ","ADP"
"6571","λοβοὺς","NOUN"
"6572","ἐπὶ","ADP"
"6573","ἰνίον","NOUN"
"6574","καὶ","CCONJ"
"6575","χιασθεῖσαι","VERB"
"6576","ἐγκύκλιοι","ADJ"
"6577","ἐπὶ","ADP"
"6578","μέτωπον","NOUN"
"6579",",","PUNCT"
"6580","τὸ","DET"
"6581","δὲ","ADV"
"6582","ἄμμα","NOUN"
"6583","παρὰ","ADP"
"6584","μέρος","NOUN"
"6585","τῆς","DET"
"6586","κεφαλῆς","NOUN"
"6587",".","PUNCT"
"6588","Ἀρχὴ","NOUN"
"6589","κατ","ADP"
"6590","ἰνίου","NOUN"
"6591","ἐπ","ADP"
"6592","εὐθείας","ADJ"
"6593","ἐπὶ","ADP"
"6594","μέτωπον","NOUN"
"6595","καὶ","CCONJ"
"6596","μεσόφρυον","NOUN"
"6597","·","PUNCT"
"6598","εἶτ","ADV"
"6599","ἐπὶ","ADP"
"6600","ἰνίον","NOUN"
"6601",",","PUNCT"
"6602","ἀπὸ","ADP"
"6603","ἰνίου","NOUN"
"6604","μετωπιαία","ADJ"
"6605",".","PUNCT"
"6606","γίνεται","VERB"
"6607","δὲ","ADV"
"6608","καὶ","ADV"
"6609","ἀπὸ","ADP"
"6610","δύο","NUM"
"6611","ἀρχῶν","NOUN"
"6612",".","PUNCT"
"6613","Τὸ","DET"
"6614","μέσον","ADJ"
"6615","ὃ","PRON"
"6616","καὶ","CCONJ"
"6617","συνεχές","ADJ"
"6618","ἐστι","AUX"
"6619","προστίθεμεν","VERB"
"6620","τῷ","DET"
"6621","κάτω","ADV"
"6622","χείλει","NOUN"
"6623",".","PUNCT"
"6624","τῶν","DET"
"6625","δ","ADV"
"6626","ἀρχῶν","NOUN"
"6627","τὰς","DET"
"6628","ὑπερκειμένας","VERB"
"6629","ἄγομεν","VERB"
"6630","ἐπὶ","ADP"
"6631","γένειον","NOUN"
"6632",",","PUNCT"
"6633","ἀπὸ","ADP"
"6634","γενείου","NOUN"
"6635","ἐπὶ","ADP"
"6636","ἰνίον","NOUN"
"6637",",","PUNCT"
"6638","ἀπὸ","ADP"
"6639","ἰνίου","NOUN"
"6640","καὶ","CCONJ"
"6641","χιάσαντες","VERB"
"6642","παρὰ","ADP"
"6643","κορυφὴν","NOUN"
"6644","καὶ","CCONJ"
"6645","βρέγμα","NOUN"
"6646","κελεύσαντές","VERB"
"6647","τε","CCONJ"
"6648","διακρατεῖσθαι","VERB"
"6649","αὐτὰς","DET"
"6650","τὰς","DET"
"6651","λοιπὰς","ADJ"
"6652","αὐτόθι","ADV"
"6653","δύο","NUM"
"6654","ἀρχὰς","NOUN"
"6655","λοβοὺς","NOUN"
"6656","ἐπὶ","ADP"
"6657","γένειον","NOUN"
"6658","ἄγομεν","VERB"
"6659","καὶ","CCONJ"
"6660","χιάσαντες","VERB"
"6661","ἐπὶ","ADP"
"6662","μέτωπον","NOUN"
"6663","ἃς","PRON"
"6664","καὶ","ADV"
"6665","ἀσφαλιζόμεθα","VERB"
"6666","σὺν","ADP"
"6667","καὶ","ADV"
"6668","ταῖς","DET"
"6669","διακρατουμέναις","VERB"
"6670",".","PUNCT"
"6671","Μεσότης","NOUN"
"6672","κατ","ADP"
"6673","αὐτοῦ","PRON"
"6674",".","PUNCT"
"6675","αἱ","DET"
"6676","δ","ADV"
"6677","ὑποκείμεναι","VERB"
"6678","ἀρχαὶ","NOUN"
"6679","παρὰ","ADP"
"6680","τοὺς","DET"
"6681","ἔξω","ADV"
"6682","κανθοὺς","NOUN"
"6683","ἐπὶ","ADP"
"6684","βρέγμα","NOUN"
"6685","χιασθεῖσαι","VERB"
"6686","ἐπὶ","ADP"
"6687","ἰνίον","NOUN"
"6688","ἀπαγέσθωσαν","VERB"
"6689",".","PUNCT"
"6690","αἱ","DET"
"6691","δ","ADV"
"6692","ἄλλαι","DET"
"6693","ἀρχαὶ","NOUN"
"6694","ὑπὸ","ADP"
"6695","λοβοὺς","NOUN"
"6696","ὤτων","NOUN"
"6697","ἐπὶ","ADP"
"6698","ἰνίον","NOUN"
"6699","καὶ","CCONJ"
"6700","χιασθεῖσαι","VERB"
"6701","ἐπὶ","ADP"
"6702","μέτωπον","NOUN"
"6703","καὶ","CCONJ"
"6704","πρὸς","ADP"
"6705","ἀλλήλας","PRON"
"6706","καταλαμβανέσθωσαν","VERB"
"6707",".","PUNCT"
"6708","Ἡ","DET"
"6709","ἀρχὴ","NOUN"
"6710","κατ","ADP"
"6711","ἰνίου","NOUN"
"6712",".","PUNCT"
"6713","τὸ","DET"
"6714","σπείραμα","NOUN"
"6715","ὑπὸ","ADP"
"6716","λοβὸν","NOUN"
"6717","ὠτὸς","NOUN"
"6718","ἐπὶ","ADP"
"6719","τὸ","DET"
"6720","κάτω","ADV"
"6721","χεῖλος","NOUN"
"6722","καὶ","CCONJ"
"6723","ὑπὸ","ADP"
"6724","λοβὸν","NOUN"
"6725","ἐπὶ","ADP"
"6726","ἰνίον","NOUN"
"6727",".","PUNCT"
"6728","Ἡ","DET"
"6729","μεσότης","NOUN"
"6730","κατὰ","ADP"
"6731","τοῦ","DET"
"6732","χείλους","NOUN"
"6733",",","PUNCT"
"6734","αἱ","DET"
"6735","δ","ADV"
"6736","ἀρχαὶ","NOUN"
"6737","ὑπὸ","ADP"
"6738","λοβοὺς","NOUN"
"6739","ἐπὶ","ADP"
"6740","ἰνίον","NOUN"
"6741","τε","CCONJ"
"6742","καὶ","CCONJ"
"6743","μετωπιαία","ADJ"
"6744",".","PUNCT"
"6745","Ἀρχὴ","NOUN"
"6746","κατ","ADP"
"6747","ἰνίου","NOUN"
"6748",".","PUNCT"
"6749","τὸ","DET"
"6750","σπείραμα","NOUN"
"6751","κατὰ","ADP"
"6752","λοβὸν","NOUN"
"6753","ὠτὸς","NOUN"
"6754","ἐπὶ","ADP"
"6755","χεῖλος","NOUN"
"6756","καὶ","CCONJ"
"6757","λοβὸν","NOUN"
"6758","ἀντικείμενον","ADJ"
"6759","ἐπὶ","ADP"
"6760","ἰνίον","PROPN"
"6761","·","PUNCT"
"6762","ἀπὸ","ADP"
"6763","ἰνίου","PROPN"
"6764","παρὰ","ADP"
"6765","κορυφὴν","NOUN"
"6766","καὶ","CCONJ"
"6767","λοξὴν","ADJ"
"6768","ἐπὶ","ADP"
"6769","βρέγμα","NOUN"
"6770",",","PUNCT"
"6771","κρόταφον","NOUN"
"6772",",","PUNCT"
"6773","ἔπειτα","ADV"
"6774","παρειὰς","NOUN"
"6775","ὑπὸ","ADP"
"6776","γένειον","NOUN"
"6777","καὶ","CCONJ"
"6778","ἀντικειμένη","VERB"
"6779","παρειὰς","PROPN"
"6780","ἐπὶ","ADP"
"6781","βρέγμα","NOUN"
"6782",",","PUNCT"
"6783","ἵνα","SCONJ"
"6784","κατ","ADP"
"6785","αὐτοῦ","PRON"
"6786","χίασμα","NOUN"
"6787","γένηται","VERB"
"6788",",","PUNCT"
"6789","εἶτ","ADV"
"6790","ἐπὶ","ADP"
"6791","ἰνίον","NOUN"
"6792","καὶ","CCONJ"
"6793","μετωπιαία","ADJ"
"6794",".","PUNCT"
"6795","Ἀρχὴ","NOUN"
"6796","κατ","ADP"
"6797","ἰνίου","PROPN"
"6798",",","PUNCT"
"6799","τὸ","DET"
"6800","σπείραμα","NOUN"
"6801","λοξῶς","ADV"
"6802","ἐπὶ","ADP"
"6803","βρέγμα","NOUN"
"6804","παρὰ","ADP"
"6805","τὸν","DET"
"6806","ἔξω","ADV"
"6807","κανθὸν","PROPN"
"6808","ἐπὶ","ADP"
"6809","τὸ","DET"
"6810","ἄνω","ADV"
"6811","χεῖλος","NOUN"
"6812",",","PUNCT"
"6813","εἶτ","ADV"
"6814","ἐπὶ","ADP"
"6815","κρόταφον","NOUN"
"6816","ἀντικείμενον","ADJ"
"6817","καὶ","CCONJ"
"6818","τὸν","DET"
"6819","ἔξω","ADV"
"6820","κανθὸν","PROPN"
"6821","ἐπὶ","ADP"
"6822","βρέγμα","NOUN"
"6823","ἀντικειμένη","VERB"
"6824","τῇ","DET"
"6825","πρὸ","ADP"
"6826","ταύτης","ADJ"
"6827","χίασμα","NOUN"
"6828","ποιοῦσα","VERB"
"6829","καὶ","CCONJ"
"6830","βρέγματος","NOUN"
"6831",",","PUNCT"
"6832","εἶτ","ADV"
"6833","ἐπὶ","ADP"
"6834","ἰνίον","NOUN"
"6835","καὶ","CCONJ"
"6836","μετωπιαία","ADJ"
"6837",".","PUNCT"
"6838","Ἡ","DET"
"6839","μεσότης","NOUN"
"6840","κατὰ","ADP"
"6841","τοῦ","DET"
"6842","ἄνω","ADV"
"6843","χείλους","NOUN"
"6844","·","PUNCT"
"6845","αἱ","DET"
"6846","ἀρχαὶ","NOUN"
"6847","παρὰ","ADP"
"6848","κροτάφους","NOUN"
"6849","καὶ","CCONJ"
"6850","τοὺς","DET"
"6851","παρακειμένους","VERB"
"6852","κανθοὺς","NOUN"
"6853","ἐπὶ","ADP"
"6854","βρέγμα","NOUN"
"6855","καὶ","CCONJ"
"6856","κατ","ADP"
"6857","αὐτοῦ","PRON"
"6858","χίασμα","NOUN"
"6859","ἐπὶ","ADP"
"6860","ἰνίον","NOUN"
"6861",",","PUNCT"
"6862","ἀπὸ","ADP"
"6863","ἰνίου","PROPN"
"6864","καὶ","CCONJ"
"6865","μετωπιαία","ADJ"
"6866","καὶ","CCONJ"
"6867","ἐπὶ","ADP"
"6868","ἰνίον","NOUN"
"6869",".","PUNCT"
"6870","Ἡ","DET"
"6871","μεσότης","NOUN"
"6872","κατ","ADP"
"6873","ἰνίου","NOUN"
"6874",".","PUNCT"
"6875","αἱ","DET"
"6876","δὲ","ADV"
"6877","ὑποκείμεναι","VERB"
"6878","ἀρχαὶ","NOUN"
"6879","ἐπὶ","ADP"
"6880","παρειὰς","NOUN"
"6881","παρὰ","ADP"
"6882","τοὺς","DET"
"6883","ἔξω","ADV"
"6884","κανθοὺς","NOUN"
"6885","ἐπὶ","ADP"
"6886","βρέγμα","NOUN"
"6887","κἀκεῖ","ADV"
"6888","ἁμματίζονται","VERB"
"6889",",","PUNCT"
"6890","αἱ","DET"
"6891","δ","ADV"
"6892","ἄλλαι","ADJ"
"6893","ὑπὸ","ADP"
"6894","λοβοὺς","NOUN"
"6895","ἐπὶ","ADP"
"6896","ἰνίον","NOUN"
"6897",",","PUNCT"
"6898","ἀπὸ","ADP"
"6899","ἰνίου","PROPN"
"6900","χιασθεῖσαι","VERB"
"6901",".","PUNCT"
"6902","εἰ","SCONJ"
"6903","μὲν","ADV"
"6904","βραχύτεραι","ADJ"
"6905","εἶεν","AUX"
"6906","ἐπὶ","ADP"
"6907","ἰνίον","NOUN"
"6908","πρὸς","ADP"
"6909","τὰς","DET"
"6910","πρώτας","ADJ"
"6911","ἐφάπτονται","VERB"
"6912",",","PUNCT"
"6913","εἰ","SCONJ"
"6914","δὲ","ADV"
"6915","ἐπιμηκέστεραι","ADJ"
"6916","εἶεν","AUX"
"6917","καὶ","ADV"
"6918","τὰ","DET"
"6919","μετώπια","NOUN"
"6920","προσαποδίδοται","VERB"
"6921",".","PUNCT"
"6922","ἀπηρτηκότες","VERB"
"6923","ἐπὶ","ADP"
"6924","κεφαλῆς","NOUN"
"6925","καὶ","CCONJ"
"6926","προσώπου","NOUN"
"6927","τὰς","DET"
"6928","ἁρμοζούσας","VERB"
"6929","ἐπιδέσεις","NOUN"
"6930","ἁπλᾶς","ADJ"
"6931","καὶ","CCONJ"
"6932","ποικίλας","ADJ"
"6933","ἐπὶ","ADP"
"6934","τὰς","DET"
"6935","ἑξῆς","ADV"
"6936","μεταβαίνωμεν","VERB"
"6937",".","PUNCT"
"6938","Εἴρηται","VERB"
"6939","μὲν","ADV"
"6940","ἀπὸ","ADP"
"6941","τῆς","DET"
"6942","πρὸς","ADP"
"6943","τοὺς","DET"
"6944","στάχυας","NOUN"
"6945","ἐμφερείας","NOUN"
"6946","ἐκ","ADP"
"6947","τῆς","DET"
"6948","τῶν","DET"
"6949","ἐπινεμήσεων","NOUN"
"6950","γινομένης","VERB"
"6951",".","PUNCT"
"6952","εὐχρηστεῖ","VERB"
"6953","τε","CCONJ"
"6954","ἐπὶ","ADP"
"6955","τε","CCONJ"
"6956","κλειδὸς","NOUN"
"6957","καταγείσης","VERB"
"6958","καὶ","CCONJ"
"6959","ἐπὶ","ADP"
"6960","βραχίονος","NOUN"
"6961","ἐξαρθρήσαντος","VERB"
"6962",".","PUNCT"
"6963","ἐπιτελεῖται","VERB"
"6964","δὲ","ADV"
"6965","τὸν","DET"
"6966","τρόπον","NOUN"
"6967","τοῦτον","DET"
"6968","·","PUNCT"
"6969","ἔριον","NOUN"
"6970","μαλακὸν","ADJ"
"6971","συνελίξαντες","VERB"
"6972","τίθεμεν","VERB"
"6973","ἐπὶ","ADP"
"6974","τῆς","DET"
"6975","μασχάλης","NOUN"
"6976","τοῦ","DET"
"6977","μέλλοντος","VERB"
"6978","ἐπιδεῖσθαι","VERB"
"6979","μέρους","NOUN"
"6980",",","PUNCT"
"6981","ἀναπλήρωμα","NOUN"
"6982","τοῦ","DET"
"6983","κοίλου","ADJ"
"6984","ποιοῦντες","VERB"
"6985",",","PUNCT"
"6986","ἔπειτα","ADV"
"6987","εἰλητοῦ","ADJ"
"6988","ἐπιδέσμου","NOUN"
"6989","πλάτος","NOUN"
"6990","καὶ","CCONJ"
"6991","μῆκος","NOUN"
"6992","ἀνάλογον","ADJ"
"6993","τῷ","DET"
"6994","ἐπιδεσμένῳ","VERB"
"6995","τὴν","DET"
"6996","ἀρχὴν","NOUN"
"6997","τάξαντες","VERB"
"6998","κατὰ","ADP"
"6999","τῆς","DET"
"7000","ἀπαθοῦς","ADJ"
"7001","μασχάλης","NOUN"
"7002","τὸ","DET"
"7003","εἴλημα","VERB"
"7004","ἄγομεν","VERB"
"7005","λοξῶς","ADV"
"7006","κατὰ","ADP"
"7007","νώτου","NOUN"
"7008","·","PUNCT"
"7009","ἔπειτα","ADV"
"7010","δὲ","ADV"
"7011","παρ","ADP"
"7012","ἀκρώμιον","NOUN"
"7013","ὑπὸ","ADP"
"7014","μασχάλην","NOUN"
"7015","πεπονθότος","VERB"
"7016","βραχίονος","NOUN"
"7017",",","PUNCT"
"7018","εἶτ","ADV"
"7019","ἐπ","ADP"
"7020","ἀκρώμιον","NOUN"
"7021","ὡς","ADV"
"7022","χίασμα","NOUN"
"7023","κατ","ADP"
"7024","αὐτοῦ","PRON"
"7025","γίνεσθαι","VERB"
"7026","·","PUNCT"
"7027","εἶτα","ADV"
"7028","λοξὴ","ADJ"
"7029","κατὰ","ADP"
"7030","στέρνου","NOUN"
"7031","ὑπὸ","ADP"
"7032","μασχάλην","NOUN"
"7033","ἀπαθῆ","ADJ"
"7034",",","PUNCT"
"7035","ἀπὸ","ADP"
"7036","μασχάλης","NOUN"
"7037","λοξὴ","ADJ"
"7038","κατὰ","ADP"
"7039","νώτου","NOUN"
"7040","ἐπὶ","ADP"
"7041","κλεῖδα","PROPN"
"7042",",","PUNCT"
"7043","ὡς","ADV"
"7044","μέρη","NOUN"
"7045","τινὰ","DET"
"7046","τῆς","DET"
"7047","δευτέρας","ADJ"
"7048","ἐπινεμήσεως","NOUN"
"7049","ἐπιπίπτει","VERB"
"7050","μέρεσι","NOUN"
"7051","τῆς","DET"
"7052","προεμβεβλημένης","VERB"
"7053","ἀπὸ","ADP"
"7054","κλειδὸς","NOUN"
"7055","ὑπὸ","ADP"
"7056","μασχάλην","NOUN"
"7057","καὶ","CCONJ"
"7058","ἐπὶ","ADP"
"7059","κλεῖδα","PROPN"
"7060",",","PUNCT"
"7061","ὡς","ADV"
"7062","χίασμα","NOUN"
"7063","δεύτερον","ADJ"
"7064","γίγνεσθαι","VERB"
"7065",",","PUNCT"
"7066","εἶτα","ADV"
"7067","τὴν","DET"
"7068","μασχάλην","NOUN"
"7069","ἀπαθῆ","ADJ"
"7070",",","PUNCT"
"7071","αἱ","DET"
"7072","δ","ADV"
"7073","ἐπινομαὶ","NOUN"
"7074","κατὰ","ADP"
"7075","τῶν","DET"
"7076","αὐτῶν","ADJ"
"7077",".","PUNCT"
"7078","Ἐπὶ","ADP"
"7079","συντετελεσμένῳ","VERB"
"7080","τῷ","DET"
"7081","ἀστάχυϊ","NOUN"
"7082","ἑτέρου","ADJ"
"7083","τελαμῶνος","NOUN"
"7084","ἡ","DET"
"7085","μεσότης","NOUN"
"7086","μὲν","ADV"
"7087","ὑπὸ","ADP"
"7088","πῆχυν","NOUN"
"7089","ἐγγώνιον","ADJ"
"7090","ἐσχηματισμένον","VERB"
"7091",".","PUNCT"
"7092","αἱ","DET"
"7093","δ","ADV"
"7094","ἀρχαὶ","NOUN"
"7095","ἐπ","ADP"
"7096","εὐθείας","ADJ"
"7097","ἐπ","ADP"
"7098","ἀκρώμιον","NOUN"
"7099",",","PUNCT"
"7100","κἀκεῖ","ADV"
"7101","χιασθεῖσαι","VERB"
"7102","λοξῶς","ADV"
"7103","ἐπὶ","ADP"
"7104","μασχάλην","NOUN"
"7105","ἀπαθῆ","ADJ"
"7106",",","PUNCT"
"7107","εἶτ","CCONJ"
"7108","ἐγκύκλιαι","NOUN"
"7109","περὶ","ADP"
"7110","πλευρὰς","NOUN"
"7111","καὶ","CCONJ"
"7112","βραχίονα","NOUN"
"7113","πεπονθότα","VERB"
"7114","μέχρι","SCONJ"
"7115","τοῦ","DET"
"7116","ὅλου","ADJ"
"7117","σκεπάσωσι","VERB"
"7118",",","PUNCT"
"7119","τὰ","DET"
"7120","δὲ","ADV"
"7121","πέρατα","NOUN"
"7122","ἐπὶ","ADP"
"7123","μασχάλην","NOUN"
"7124","ἀπαθῆ","ADJ"
"7125",".","PUNCT"
"7126","Ἡ","DET"
"7127","μεσότης","NOUN"
"7128","ὑπὸ","ADP"
"7129","μασχάλην","NOUN"
"7130","βραχίονος","NOUN"
"7131","πεπονθότος","VERB"
"7132","αἱ","DET"
"7133","ἀρχαὶ","NOUN"
"7134","ἐπ","ADP"
"7135","ἀκρώμιον","NOUN"
"7136","χιασθεῖσαι","VERB"
"7137","ἀπαγέσθωσαν","VERB"
"7138","λοξῶς","ADV"
"7139","ἡ","PRON"
"7140","μὲν","ADV"
"7141","κατὰ","ADP"
"7142","νῶτον","NOUN"
"7143",",","PUNCT"
"7144","ἡ","DET"
"7145","δὲ","ADV"
"7146","κατὰ","ADP"
"7147","στέρνον","NOUN"
"7148","ὑπὸ","ADP"
"7149","μασχάλην","NOUN"
"7150","ἀπαθῆ","ADJ"
"7151",",","PUNCT"
"7152","αἱ","DET"
"7153","δὲ","ADV"
"7154","ἐπινομαὶ","VERB"
"7155","ὁμοίως","ADV"
"7156",".","PUNCT"
"7157","Ἁρμόζει","VERB"
"7158","μὲν","ADV"
"7159","ἐφ","ADP"
"7160","ὧν","PRON"
"7161","καὶ","ADV"
"7162","ὁ","DET"
"7163","στάχυς","NOUN"
"7164",".","PUNCT"
"7165","ἐπιτελεῖται","VERB"
"7166","δὲ","ADV"
"7167","οὕτως","ADV"
"7168","·","PUNCT"
"7169","μετὰ","ADP"
"7170","τὸ","DET"
"7171","ἑπιδῆσαι","VERB"
"7172","τὸν","DET"
"7173","στάχυν","NOUN"
"7174",",","PUNCT"
"7175","μίαν","NUM"
"7176","δεῖ","VERB"
"7177","ἐγκύκλιον","ADJ"
"7178","ἐπὶ","ADP"
"7179","βραχίονι","NOUN"
"7180","περιειλῆσαι","VERB"
"7181","ἀπὸ","ADP"
"7182","βραχίονος","NOUN"
"7183","·","PUNCT"
"7184","ἀποδόντα","VERB"
"7185","τὸ","DET"
"7186","εἴλημα","NOUN"
"7187","ἀπάγειν","VERB"
"7188","λοξῶς","ADV"
"7189","ἐπὶ","ADP"
"7190","μασχάλην","NOUN"
"7191","ἀπαθῆ","ADJ"
"7192","κἀκεῖ","ADV"
"7193","ἀσφαλίσασθαι","VERB"
"7194",".","PUNCT"
"7195","Ἁρμόζει","VERB"
"7196","καὶ","ADV"
"7197","ἐφ","ADP"
"7198","ὧν","PRON"
"7199","ἡ","DET"
"7200","γερανίς","PROPN"
"7201",".","PUNCT"
"7202","ἐπιτελεῖται","VERB"
"7203","δὲ","ADV"
"7204","οὕτως","ADV"
"7205","·","PUNCT"
"7206","προεπιδήσαντες","VERB"
"7207","τὸν","DET"
"7208","στάχυν","NOUN"
"7209",",","PUNCT"
"7210","μίαν","NUM"
"7211","ἀπὸ","ADP"
"7212","ἀκρώμίου","NOUN"
"7213","ἐπι","ADP"
"7214","νέμησιν","NOUN"
"7215","ἄγομεν","VERB"
"7216","ἐπ","ADP"
"7217","εὐθείας","ADJ"
"7218","ἐπὶ","ADP"
"7219","πῆχυν","NOUN"
"7220","ἐγγωνίως","ADV"
"7221","ἐσχηματισμένον","VERB"
"7222",",","PUNCT"
"7223","κἀκεῖθεν","ADV"
"7224","ἐπ","ADP"
"7225","εὐθείας","ADJ"
"7226","πάλιν","ADV"
"7227","ἐπ","ADP"
"7228","ἀκρώμιον","NOUN"
"7229",",","PUNCT"
"7230","ἀπὸ","ADP"
"7231","ἀκρωμίου","NOUN"
"7232","λοξῶς","ADV"
"7233","ἐπὶ","ADP"
"7234","μασχάλην","NOUN"
"7235","ἀπαθῆ","ADJ"
"7236","·","PUNCT"
"7237","εἶτα","ADV"
"7238","ἐγκύκλιον","ADJ"
"7239","περὶ","ADP"
"7240","βραχίονα","NOUN"
"7241","καὶ","CCONJ"
"7242","πλευρὰς","NOUN"
"7243","ἐπὶ","ADP"
"7244","μασχάλης","NOUN"
"7245",",","PUNCT"
"7246","κἀκεῖ","ADV"
"7247","τὸ","DET"
"7248","πέρας","NOUN"
"7249","ἀσφαλιζόμεθα","VERB"
"7250",".","PUNCT"
"7251","Ἡ","DET"
"7252","μεσότης","NOUN"
"7253","κατὰ","ADP"
"7254","τοῦ","DET"
"7255","πεπονθότος","VERB"
"7256","ὤμου","NOUN"
"7257",",","PUNCT"
"7258","αἱ","DET"
"7259","δ","ADV"
"7260","ἀρχαὶ","NOUN"
"7261","ἐπ","ADP"
"7262","εὐθείας","ADJ"
"7263","ἐπὶ","ADP"
"7264","πῆχυν","NOUN"
"7265","πλησίον","ADP"
"7266","ἀγκῶνος","NOUN"
"7267","ὄρθιοι","ADJ"
"7268","·","PUNCT"
"7269","πάλιν","ADV"
"7270","παράλληλοι","ADJ"
"7271","ταῖς","DET"
"7272","πρώταις","ADJ"
"7273","κατὰ","ADP"
"7274","ἀκρώμιον","NOUN"
"7275",",","PUNCT"
"7276","ἀπὸ","ADP"
"7277","ἀκρωμίου","NOUN"
"7278","ὑπὸ","ADP"
"7279","μασχάλην","NOUN"
"7280","ἀπαθῆ","ADJ"
"7281",",","PUNCT"
"7282","εἶτα","ADV"
"7283","ἐγκύκλια","ADJ"
"7284",".","PUNCT"
"7285","Ἡ","DET"
"7286","μεσότης","NOUN"
"7287","ὑπὸ","ADP"
"7288","ἀπαθῆ","ADJ"
"7289","μασχάλην","NOUN"
"7290",".","PUNCT"
"7291","αἱ","DET"
"7292","δ","ADV"
"7293","ἀρχαὶ","NOUN"
"7294","ἐγκύκλιοι","ADJ"
"7295","περὶ","ADP"
"7296","πλευρὰς","NOUN"
"7297","καὶ","CCONJ"
"7298","βραχίονος","NOUN"
"7299","ἐπεγκύκλιοι","ADJ"
"7300","πάλιν","ADV"
"7301","ἐπὶ","ADP"
"7302","μασχάλην","NOUN"
"7303","ἀπαθῆ","ADJ"
"7304","·","PUNCT"
"7305","ἀπὸ","ADP"
"7306","μασχάλης","NOUN"
"7307","λοξαὶ","ADJ"
"7308","ἐπὶ","ADP"
"7309","ἀκρώμιον","NOUN"
"7310","πεπονθός","VERB"
"7311","·","PUNCT"
"7312","ἀπὸ","ADP"
"7313","ἀκρωμίου","NOUN"
"7314","ὄρθιοι","ADJ"
"7315","παρὰ","ADP"
"7316","βραχίονα","NOUN"
"7317","ἐπ","ADP"
"7318","ἀγκῶνα","NOUN"
"7319","καὶ","CCONJ"
"7320","πάλιν","ADV"
"7321","ἀπ","ADP"
"7322","ἀγκῶνος","NOUN"
"7323","ἐπ","ADP"
"7324","ἀκρώμιον","NOUN"
"7325",",","PUNCT"
"7326","ἀπὸ","ADP"
"7327","ἀκρωμίου","NOUN"
"7328","ἐπὶ","ADP"
"7329","μασχάλην","NOUN"
"7330","ἀπαθῆ","ADJ"
"7331",",","PUNCT"
"7332","εἶτ","ADV"
"7333","ἐγκύκλιοι","ADJ"
"7334","περὶ","ADP"
"7335","βραχίονα","NOUN"
"7336",".","PUNCT"
"7337","Ἁρμόζει","VERB"
"7338","ἐπὶ","ADP"
"7339","τῶν","DET"
"7340","κατ","ADP"
"7341","ἀμφοτέρους","ADJ"
"7342","ὤμους","NOUN"
"7343","ἐχόντων","VERB"
"7344","σίνος","NOUN"
"7345",".","PUNCT"
"7346","ἐπιτελεῖται","VERB"
"7347","δ","ADV"
"7348","οὕτως","ADV"
"7349","·","PUNCT"
"7350","ἐπὶ","ADP"
"7351","συντετελεσμένῳ","VERB"
"7352","τῷ","DET"
"7353","ἁπλῷ","ADJ"
"7354","στάχυϊ","NOUN"
"7355","μετὰ","ADP"
"7356","τὸ","DET"
"7357","ἐπὶ","ADP"
"7358","μασχάλην","NOUN"
"7359","καταντῆσαι","VERB"
"7360","τοῦ","DET"
"7361","ἐπιδεδεμένου","VERB"
"7362","βραχίονος","NOUN"
"7363","ἑξῆς","ADV"
"7364","αὐτὴν","PRON"
"7365","λοξὴν","ADJ"
"7366","ἄγομεν","VERB"
"7367","ἐφ","ADP"
"7368","ἑτέρου","ADJ"
"7369","βραχίονος","NOUN"
"7370","καὶ","CCONJ"
"7371","ἀκρώμιον","NOUN"
"7372",",","PUNCT"
"7373","ὡς","ADV"
"7374","κατ","ADP"
"7375","αὐτοῦ","PRON"
"7376","χίασμα","NOUN"
"7377","γενέσθαι","VERB"
"7378","·","PUNCT"
"7379","εἶτα","ADV"
"7380","μασχάλην","NOUN"
"7381","ἀντικειμένην","VERB"
"7382",",","PUNCT"
"7383","αἱ","DET"
"7384","δ","ADV"
"7385","ἐπινομαὶ","VERB"
"7386","κατὰ","ADP"
"7387","τῶν","DET"
"7388","αὐτῶν","ADJ"
"7389",".","PUNCT"
"7390","Ὠνόμασται","VERB"
"7391","μὲν","ADV"
"7392","ἁπλῶς","ADV"
"7393","οὕτως","ADV"
"7394","ἀπὸ","ADP"
"7395","τοῦ","DET"
"7396","ἐμφερὴς","ADJ"
"7397","εἶναι","AUX"
"7398","τοῖς","DET"
"7399","παρὰ","ADP"
"7400","Ῥωμαίοις","ADJ"
"7401","θώραξιν","NOUN"
"7402",",","PUNCT"
"7403","οὓς","PRON"
"7404","καταφράκτας","NOUN"
"7405","καλοῦσιν","VERB"
"7406",".","PUNCT"
"7407","εὐθετεῖ","VERB"
"7408","δὲ","ADV"
"7409","ἐφ","ADP"
"7410","ὧν","PRON"
"7411","ἐπιδῆσαι","VERB"
"7412","θέλομεν","VERB"
"7413","τὰ","DET"
"7414","περὶ","ADP"
"7415","τὰς","DET"
"7416","κλεῖδας","NOUN"
"7417","μέρη","NOUN"
"7418","καὶ","CCONJ"
"7419","ὠμοπλάτην","NOUN"
"7420","ἢ","CCONJ"
"7421","στέρνον","NOUN"
"7422","ἢ","CCONJ"
"7423","μετάφρενον","NOUN"
"7424","ἢ","CCONJ"
"7425","πλευράς","NOUN"
"7426",".","PUNCT"
"7427","ἔστι","AUX"
"7428","δὲ","ADV"
"7429","ἡ","DET"
"7430","ἐπίδεσις","NOUN"
"7431","κατά","ADP"
"7432","τι","ADJ"
"7433","ὁμοία","ADJ"
"7434","τῷ","DET"
"7435","διπλῷ","ADJ"
"7436","στάχυϊ","NOUN"
"7437",".","PUNCT"
"7438","ἐπιτελεῖται","VERB"
"7439","δ","ADV"
"7440","οὕτως","ADV"
"7441","·","PUNCT"
"7442","ἀρχὴ","NOUN"
"7443","ὑπὸ","ADP"
"7444","μασχάλην","NOUN"
"7445","τὸ","DET"
"7446","εἴλημα","VERB"
"7447","λοξῶς","ADV"
"7448","ἔμπροσθεν","ADV"
"7449","κατὰ","ADP"
"7450","στέρνου","NOUN"
"7451","πλησίον","ADP"
"7452","τῆς","DET"
"7453","τῶν","DET"
"7454","κλειδῶν","NOUN"
"7455","πρὸς","ADP"
"7456","τὸ","DET"
"7457","ξιφοειδὲς","ADJ"
"7458","συμβολῆς","NOUN"
"7459","καὶ","CCONJ"
"7460","παρὰ","ADP"
"7461","τράχηλον","NOUN"
"7462","ἐπ","ADP"
"7463","ὠμοπλάτην","NOUN"
"7464","ἀντικειμένου","VERB"
"7465","βραχίονος","NOUN"
"7466",",","PUNCT"
"7467","εἶτα","ADV"
"7468","ὑπὸ","ADP"
"7469","τὴν","DET"
"7470","παρακειμένην","VERB"
"7471","μασχάλην","NOUN"
"7472",",","PUNCT"
"7473","ἀπὸ","ADP"
"7474","μασχάλης","NOUN"
"7475","ἐπὶ","ADP"
"7476","τράχηλον","NOUN"
"7477","κατὰ","ADP"
"7478","τῆς","DET"
"7479","πρώτης","ADJ"
"7480",",","PUNCT"
"7481","ὡς","ADV"
"7482","χίασμα","NOUN"
"7483","πλησίον","ADP"
"7484","τραχήλου","NOUN"
"7485","γίγνεσθαι","VERB"
"7486","καὶ","CCONJ"
"7487","λοξὴ","ADJ"
"7488","κατὰ","ADP"
"7489","ἀντικειμένης","ADJ"
"7490","ὠμοπλάτης","PROPN"
"7491","·","PUNCT"
"7492","εἶθ","ADV"
"7493","ὑπὸ","ADP"
"7494","μασχάλην","NOUN"
"7495",",","PUNCT"
"7496","ἀπὸ","ADP"
"7497","μασχάλης","NOUN"
"7498","παρὰ","ADP"
"7499","τράχηλον","NOUN"
"7500","ἐπὶ","ADP"
"7501","τὸν","DET"
"7502","τοῦ","DET"
"7503","αὐχένας","NOUN"
"7504","σφόνδυλον","NOUN"
"7505",",","PUNCT"
"7506","ὡς","ADV"
"7507","κατ","ADP"
"7508","αὐτοῦ","PRON"
"7509","χίασμα","NOUN"
"7510","γενέσθαι","VERB"
"7511",",","PUNCT"
"7512","εἶθ","ADV"
"7513","ὑπὸ","ADP"
"7514","μασχάλην","NOUN"
"7515","καὶ","CCONJ"
"7516","λοξὴ","ADJ"
"7517","πλησίον","ADP"
"7518","κλειδῶν","NOUN"
"7519","συμβολῆς","NOUN"
"7520","·","PUNCT"
"7521","ὡς","ADV"
"7522","καὶ","ADV"
"7523","ἐνταῦθα","ADV"
"7524","χίασμα","NOUN"
"7525","γίγνεσθαι","VERB"
"7526","καὶ","CCONJ"
"7527","παρὰ","ADP"
"7528","τράχηλον","NOUN"
"7529","ἐπ","ADP"
"7530","ὠμοπλάτην","NOUN"
"7531","καὶ","CCONJ"
"7532","ἐπὶ","ADP"
"7533","μασχάλην","NOUN"
"7534",",","PUNCT"
"7535","ἵνα","SCONJ"
"7536","τέσσαρα","NUM"
"7537","γένηται","VERB"
"7538","χιάσματα","ADJ"
"7539",",","PUNCT"
"7540","ἓν","NUM"
"7541","μὲν","ADV"
"7542","ἐκ","ADP"
"7543","τῶν","DET"
"7544","ἔμπροσθεν","ADV"
"7545",",","PUNCT"
"7546","ἓν","NUM"
"7547","δὲ","ADV"
"7548","ἐκ","ADP"
"7549","τῶν","DET"
"7550","ὄπισθεν","ADV"
"7551",",","PUNCT"
"7552","δύο","NUM"
"7553","δὲ","ADV"
"7554","κατὰ","ADP"
"7555","τῶν","DET"
"7556","κλειδῶν","NOUN"
"7557",".","PUNCT"
"7558","αἱ","DET"
"7559","δὲ","ADV"
"7560","ἐπινομαὶ","VERB"
"7561","κατὰ","ADP"
"7562","τῶν","DET"
"7563","αὐτῶν","PRON"
"7564","εἰς","ADP"
"7565","ἐγκυκλίους","ADJ"
"7566","περὶ","ADP"
"7567","στῆθος","NOUN"
"7568","καὶ","CCONJ"
"7569","πλευρὰς","NOUN"
"7570",",","PUNCT"
"7571","ὡς","ADV"
"7572","τὴν","DET"
"7573","ὅλην","ADJ"
"7574","ἐπίδεσιν","NOUN"
"7575","θώρακι","NOUN"
"7576","γίνεσθαι","VERB"
"7577","ὁμοίαν","ADJ"
"7578",".","PUNCT"
"7579","Ἡ","DET"
"7580","μεσότης","NOUN"
"7581","ὑπὸ","ADP"
"7582","μασχάλην","NOUN"
"7583",".","PUNCT"
"7584","αἱ","DET"
"7585","ἀρχαὶ","NOUN"
"7586","κατὰ","ADP"
"7587","κλειδὸς","NOUN"
"7588","παρακειμένης","VERB"
"7589","χιαζέσθωσαν","VERB"
"7590","πλησίον","ADP"
"7591","τραχήλου","NOUN"
"7592","·","PUNCT"
"7593","εἶτα","ADV"
"7594","λοξαὶ","ADJ"
"7595","ὑπ","ADP"
"7596","ἀντικειμένην","ADJ"
"7597","μασχάλην","NOUN"
"7598",",","PUNCT"
"7599","ἀπὸ","ADP"
"7600","μασχάλης","NOUN"
"7601","ἐπὶ","ADP"
"7602","παρακειμένην","VERB"
"7603","κλεῖδα","NOUN"
"7604","καὶ","CCONJ"
"7605","κατ","ADP"
"7606","αὐτῆς","PRON"
"7607","χίασμα","NOUN"
"7608","πλησίον","ADP"
"7609","τραχήλου","NOUN"
"7610","καὶ","CCONJ"
"7611","λοξαὶ","ADJ"
"7612","ἐπ","ADP"
"7613","ἀντικειμένην","ADJ"
"7614","μασχάλην","NOUN"
"7615",",","PUNCT"
"7616","εἶτ","ADV"
"7617","ἐγκύκλιοι","ADJ"
"7618","περὶ","ADP"
"7619","θώρακα","NOUN"
"7620",".","PUNCT"
"7621","Εὐθετεῖ","VERB"
"7622","αὕτη","DET"
"7623","ἡ","DET"
"7624","ἐπίδεσις","NOUN"
"7625","ἐφ","ADP"
"7626","ὧν","PRON"
"7627","στέρνον","NOUN"
"7628","ἢ","CCONJ"
"7629","μετάφρενον","NOUN"
"7630","ἢ","CCONJ"
"7631","πλευρὰς","NOUN"
"7632","ἢ","CCONJ"
"7633","θώρακα","NOUN"
"7634","ἐπιδῆσαι","VERB"
"7635","θέλομεν","VERB"
"7636",",","PUNCT"
"7637","δύο","NUM"
"7638","δὲ","ADV"
"7639","τελαμώνων","NOUN"
"7640","μεσότητα","NOUN"
"7641","σύμμετρον","ADJ"
"7642","κατὰ","ADP"
"7643","τῶν","DET"
"7644","ὤμων","NOUN"
"7645","θέντες","VERB"
"7646","τὰς","DET"
"7647","ἀρχὰς","NOUN"
"7648","ἐπ","ADP"
"7649","εὐθείας","ADJ"
"7650","κάτω","ADV"
"7651","παρίεμεν","VERB"
"7652",".","PUNCT"
"7653","ἔπειτα","ADV"
"7654","εἰλητῷ","ADJ"
"7655","ἐπιδέσμῳ","NOUN"
"7656","κατὰ","ADP"
"7657","κύκλον","NOUN"
"7658","ἐπιδήσαντες","VERB"
"7659","τό","DET"
"7660","τε","CCONJ"
"7661","ὅλον","ADJ"
"7662","στῆθος","NOUN"
"7663","καὶ","CCONJ"
"7664","τὰς","DET"
"7665","πλευρὰς","NOUN"
"7666","ὥστε","SCONJ"
"7667","σκεπάσαι","VERB"
"7668","καταλαμβανόμενοι","VERB"
"7669","τὸ","DET"
"7670","πέρας","NOUN"
"7671","τὰς","DET"
"7672","﻿","CCONJ"
"7673","παρειμένας","VERB"
"7674","κάτω","ADV"
"7675","ἀρχὰς","NOUN"
"7676","ὄπισθέν","ADV"
"7677","τε","CCONJ"
"7678","καὶ","CCONJ"
"7679","ἔμπροσθεν","ADV"
"7680","ταῖς","DET"
"7681","ἐγκυκλίοις","ADJ"
"7682","προσαπτόμενοι","VERB"
"7683",",","PUNCT"
"7684","κἂν","SCONJ"
"7685","ἐπιμηκέστεραι","ADJ"
"7686","ὦσιν","AUX"
"7687","ἀνακλάτες","NOUN"
"7688","ἐπ","ADP"
"7689","ἀκρώμιον","NOUN"
"7690","προσασφαλιζόμεθα","VERB"
"7691",".","PUNCT"
"7692","Οἱ","DET"
"7693","προλεχθέντες","VERB"
"7694","τελαμῶνες","NOUN"
"7695","οὐκ","ADV"
"7696","ἐπ","ADP"
"7697","εὐθείας","ADJ"
"7698","κρέμανται","VERB"
"7699",",","PUNCT"
"7700","ἀλλὰ","CCONJ"
"7701","λοξοὶ","ADJ"
"7702","ὥστε","SCONJ"
"7703","κατ","ADP"
"7704","ἰνίου","NOUN"
"7705","καὶ","CCONJ"
"7706","τοῦ","DET"
"7707","μεταφρένου","NOUN"
"7708","χίασμα","NOUN"
"7709","γίγνεσθαι","VERB"
"7710","·","PUNCT"
"7711","τά","DET"
"7712","τε","CCONJ"
"7713","λοιπὰ","ADJ"
"7714","ὅμοια","ADJ"
"7715","τῷ","DET"
"7716","ὀρθίῳ","ADJ"
"7717","συντελεῖται","VERB"
"7718",".","PUNCT"
"7719","Ἁρμόζει","VERB"
"7720","μὲν","ADV"
"7721","ἐφ","ADP"
"7722","ὧν","PRON"
"7723","καὶ","ADV"
"7724","ὁ","DET"
"7725","μασχαλιστήρ","NOUN"
"7726",".","PUNCT"
"7727","ἐπιτελεῖται","VERB"
"7728","δὲ","ADV"
"7729","οὕτως","ADV"
"7730","·","PUNCT"
"7731","ἐπικλείσαντες","VERB"
"7732","τὸν","DET"
"7733","ἀπὸ","ADP"
"7734","δύο","NUM"
"7735","ἀρχῶν","NOUN"
"7736","καταφράκτην","NOUN"
"7737",",","PUNCT"
"7738","μετὰ","ADP"
"7739","πολλὰς","ADJ"
"7740","ἐγκυκλίους","ADJ"
"7741","περιβάλλειν","VERB"
"7742","ἐπινεμήσεις","NOUN"
"7743","τῷ","DET"
"7744","θώρακι","NOUN"
"7745",",","PUNCT"
"7746","ὥστε","SCONJ"
"7747","σκεπάσαι","VERB"
"7748","μέχρις","ADP"
"7749","ὀμφαλοῦ","NOUN"
"7750",",","PUNCT"
"7751","τότε","ADV"
"7752","τὰς","DET"
"7753","ἀρχὰς","NOUN"
"7754","πρὸς","ADP"
"7755","ἀλλήλας","PRON"
"7756","ἁμματίζομεν","VERB"
"7757","τὸν","DET"
"7758","λύκον","PROPN"
"7759","ποιοῦντες","VERB"
"7760","βρόχον","NOUN"
"7761",",","PUNCT"
"7762","ἀπάγοντές","VERB"
"7763","τε","CCONJ"
"7764","τὰ","DET"
"7765","λειπόμενα","VERB"
"7766","τῶν","DET"
"7767","ἀρχῶν","NOUN"
"7768","ἐπὶ","ADP"
"7769","δεξιὰν","ADJ"
"7770","καὶ","CCONJ"
"7771","ἀριστερὰν","ADJ"
"7772","λαγόνα","NOUN"
"7773","ὑποβύομεν","VERB"
"7774","ταῖς","DET"
"7775","ἐγκυκλίοις","ADJ"
"7776","ἐπινεμήσεσι","NOUN"
"7777","τὰ","DET"
"7778","πέρατα","NOUN"
"7779","ἐῶντες","VERB"
"7780","κρεμάσθαι","VERB"
"7781","ὡσανεὶ","ADV"
"7782","τετραδακτυλιαῖα","ADJ"
"7783","τὸ","DET"
"7784","μῆκος","NOUN"
"7785","ὄντα","AUX"
"7786",",","PUNCT"
"7787","ἵνα","SCONJ"
"7788","αὐτῶν","PRON"
"7789","ἡ","DET"
"7790","ὄψις","NOUN"
"7791","ὡσανεὶ","ADV"
"7792","θώρακος","NOUN"
"7793","κροσσοὶ","NOUN"
"7794","γίνωνται","VERB"
"7795",".","PUNCT"
"7796","Ἀρχὴ","NOUN"
"7797","κατὰ","ADP"
"7798","λαγόνος","NOUN"
"7799","δεξιᾶς","ADJ"
"7800",".","PUNCT"
"7801","τὸ","DET"
"7802","δὲ","ADV"
"7803","ἅμμα","NOUN"
"7804","λοξῶς","ADV"
"7805","ἐπὶ","ADP"
"7806","πλευρὰς","NOUN"
"7807",",","PUNCT"
"7808","στέρνον","NOUN"
"7809",",","PUNCT"
"7810","ὦμον","NOUN"
"7811","·","PUNCT"
"7812","εἶθ","ADV"
"7813","ὑπὸ","ADP"
"7814","ὦμον","NOUN"
"7815",",","PUNCT"
"7816","ἵνα","SCONJ"
"7817","κατ","ADP"
"7818","αὐτοῦ","PRON"
"7819","χίασμα","NOUN"
"7820","γένηται","VERB"
"7821",",","PUNCT"
"7822","εἶτα","ADV"
"7823","λοξὴ","ADJ"
"7824","κατὰ","ADP"
"7825","μεταφρένου","NOUN"
"7826","ἐπὶ","ADP"
"7827","λαγόνα","NOUN"
"7828","κατὰ","ADP"
"7829","τῆς","DET"
"7830","προεμβεβλημένης","VERB"
"7831","ἀρχῆς","NOUN"
"7832",",","PUNCT"
"7833","εἶτ","ADV"
"7834","ἐγκύκλιοι","ADJ"
"7835","περὶ","ADP"
"7836","γαστέρα","NOUN"
"7837","ἐπὶ","ADP"
"7838","λαγόνα","NOUN"
"7839","ἀριστερὰν","ADJ"
"7840",",","PUNCT"
"7841","κἀκεῖθεν","ADV"
"7842","λοξὴ","ADJ"
"7843","κατὰ","ADP"
"7844","μεταφρένου","NOUN"
"7845","·","PUNCT"
"7846","ὡς","ADV"
"7847","χίασμα","NOUN"
"7848","κατ","ADP"
"7849","αὐτοῦ","PRON"
"7850","γίγνεσθαι","VERB"
"7851","καὶ","CCONJ"
"7852","ἐπ","ADP"
"7853","ὦμον","NOUN"
"7854","δεξιὸν","ADJ"
"7855",",","PUNCT"
"7856","εἶθ","ADV"
"7857","ὑπὸ","ADP"
"7858","μασχάλην","NOUN"
"7859","καὶ","CCONJ"
"7860","ἐπ","ADP"
"7861","ὦμον","NOUN"
"7862",",","PUNCT"
"7863","ἵνα","SCONJ"
"7864","κατ","ADP"
"7865","αὐτοῦ","PRON"
"7866","χίασμα","NOUN"
"7867","γένηται","VERB"
"7868","καὶ","CCONJ"
"7869","λοξὴ","ADJ"
"7870","κατὰ","ADP"
"7871","στέρνου","NOUN"
"7872","καὶ","CCONJ"
"7873","πλευρὰς","NOUN"
"7874","ἐπὶ","ADP"
"7875","λαγόνα","NOUN"
"7876","ἀριστερὰν","ADJ"
"7877",",","PUNCT"
"7878","εἶτ","ADV"
"7879","ἐγκύκλιος","ADJ"
"7880",",","PUNCT"
"7881","αἱ","DET"
"7882","δὲ","ADV"
"7883","ἐπινομαὶ","NOUN"
"7884","κατὰ","ADP"
"7885","τῶν","DET"
"7886","αὐτῶν","ADJ"
"7887","εἰς","ADP"
"7888","τὸ","DET"
"7889","σκεπάσαι","VERB"
"7890","πάντα","DET"
"7891","τὰ","DET"
"7892","δεόμενα","VERB"
"7893","τῆς","DET"
"7894","ἐπιδέσεως","NOUN"
"7895",".","PUNCT"
"7896","Προσεπιδήσαντες","VERB"
"7897","τῷ","DET"
"7898","χιαστῷ","ADJ"
"7899","θώρακι","NOUN"
"7900","ἑξῆς","ADV"
"7901","διὰ","ADP"
"7902","στενοῦ","ADJ"
"7903","τελαμῶνος","NOUN"
"7904","μίαν","NUM"
"7905","ἢ","CCONJ"
"7906","καὶ","ADV"
"7907","δευτέραν","ADJ"
"7908","ἐγκύκλιον","ADJ"
"7909","περιειλεῖτε","VERB"
"7910","κατὰ","ADP"
"7911","στέρνου","NOUN"
"7912","καὶ","CCONJ"
"7913","μεταφρένου","NOUN"
"7914","καὶ","CCONJ"
"7915","τὸ","DET"
"7916","πέρας","NOUN"
"7917","ἀγκτῆρι","NOUN"
"7918","καταλαβοῦ","VERB"
"7919",".","PUNCT"
"7920","Ἁρμόζει","VERB"
"7921","μὲν","ADV"
"7922","ἐφ","ADP"
"7923","ὧν","PRON"
"7924","καὶ","ADV"
"7925","ὁ","DET"
"7926","καταφράκτης","NOUN"
"7927",".","PUNCT"
"7928","ἐπιτελεῖται","VERB"
"7929","δὲ","ADV"
"7930","οὕτως","ADV"
"7931","·","PUNCT"
"7932","ἀρχὴ","NOUN"
"7933","κατὰ","ADP"
"7934","μεταφρένου","NOUN"
"7935","τὸ","DET"
"7936","σπείραμα","NOUN"
"7937","λοξῶς","ADV"
"7938","ἐπ","ADP"
"7939","ὠμοπλάτην","NOUN"
"7940","ἀκρώμιον","NOUN"
"7941",",","PUNCT"
"7942","ὑπὸ","ADP"
"7943","μασχάλην","NOUN"
"7944",",","PUNCT"
"7945","εἶτ","ADV"
"7946","ἐπ","ADP"
"7947","ἀκρώμιον","NOUN"
"7948","ὡς","ADV"
"7949","χίασμα","NOUN"
"7950","κατ","ADP"
"7951","αὐτοῦ","PRON"
"7952","γίγνεσθαι","VERB"
"7953","καὶ","CCONJ"
"7954","λοξὴ","ADJ"
"7955","κατὰ","ADP"
"7956","μαστοὺς","NOUN"
"7957","ἐπ","ADP"
"7958","ὀμφαλὸν","NOUN"
"7959",",","PUNCT"
"7960","ἀπ","ADP"
"7961","ὀμφαλοῦ","NOUN"
"7962","κλάσαντες","VERB"
"7963","ἄγομεν","VERB"
"7964","ἐπὶ","ADP"
"7965","μαστὸν","NOUN"
"7966","ἀντικείμενον","ADJ"
"7967","λοξὴν","ADJ"
"7968","ἐπ","ADP"
"7969","ἀκρώμιον","NOUN"
"7970","ὡς","ADV"
"7971","χίασμα","NOUN"
"7972","κατ","ADP"
"7973","αὐτοῦ","PRON"
"7974","γίγνεσθαι","VERB"
"7975",",","PUNCT"
"7976","εἶτ","ADV"
"7977","ἐπὶ","ADP"
"7978","μετάφρενον","NOUN"
"7979",",","PUNCT"
"7980","εἶτ","CCONJ"
"7981","ἐν","ADP"
"7982","ἐπικυκλίοις","NOUN"
"7983","περὶ","ADP"
"7984","τὰς","DET"
"7985","πλευρὰς","NOUN"
"7986",",","PUNCT"
"7987","αἱ","DET"
"7988","δ","ADV"
"7989","ἐπινομαὶ","VERB"
"7990","κατὰ","ADP"
"7991","τῶν","DET"
"7992","αὐτῶν","ADJ"
"7993",".","PUNCT"
"7994","Ἁρμόζει","VERB"
"7995","μὲν","ADV"
"7996","ἐφ","ADP"
"7997","ὧν","PRON"
"7998","μετάφρενον","NOUN"
"7999","ἐπιδῆσαι","VERB"
"8000","θέλομεν","VERB"
"8001",".","PUNCT"
"8002","ἐπιτελεῖται","VERB"
"8003","δὲ","ADV"
"8004","οὕτως","ADV"
"8005","·","PUNCT"
"8006","ἀρχὴ","NOUN"
"8007","κατὰ","ADP"
"8008","λαγόνος","NOUN"
"8009","ὡς","ADV"
"8010","ἀριστερᾶς","ADJ"
"8011","τὸ","DET"
"8012","εἴλημα","NOUN"
"8013","κατὰ","ADP"
"8014","μεταφρένου","NOUN"
"8015","ἐπὶ","ADP"
"8016","δεξιὸν","ADJ"
"8017","ὦμον","NOUN"
"8018","καὶ","CCONJ"
"8019","ἐπὶ","ADP"
"8020","μασχάλην","NOUN"
"8021",",","PUNCT"
"8022","ἀπὸ","ADP"
"8023","μασχάλης","NOUN"
"8024","ἐπ","ADP"
"8025","ὠμοπλάτην","NOUN"
"8026","ἀριστεράν","ADJ"
"8027","·","PUNCT"
"8028","εἶθ","ADV"
"8029","ὑπὸ","ADP"
"8030","μασχάλην","NOUN"
"8031","καὶ","CCONJ"
"8032","ἐπ","ADP"
"8033","ὦμον","NOUN"
"8034",",","PUNCT"
"8035","ἀπ","ADP"
"8036","ὤμου","NOUN"
"8037","λοξὴ","ADJ"
"8038","κατὰ","ADP"
"8039","μεταφρένου","NOUN"
"8040","ἀντικειμένη","VERB"
"8041","τῇ","DET"
"8042","πρώτῃ","ADJ"
"8043","·","PUNCT"
"8044","εἶτ","CCONJ"
"8045","ἐγκύκλιος","ADJ"
"8046","περὶ","ADP"
"8047","τὰς","DET"
"8048","λαγόνας","NOUN"
"8049","μιᾷ","NUM"
"8050","καὶ","CCONJ"
"8051","δευτέρᾳ","ADJ"
"8052","καὶ","CCONJ"
"8053","τὸ","DET"
"8054","πέρας","NOUN"
"8055","προσλαμβάνει","VERB"
"8056","ἡ","DET"
"8057","αὐτὴ","ADJ"
"8058",",","PUNCT"
"8059","ἣ","PRON"
"8060","καὶ","ADV"
"8061","ἐμπροσθοφανὴς","ADJ"
"8062","εἶναι","AUX"
"8063","δύναται","VERB"
"8064","καὶ","CCONJ"
"8065","ἄν","SCONJ"
"8066","τις","ADJ"
"8067","τὰς","DET"
"8068","αὐτὰς","DET"
"8069","ἐπινεμήσεις","NOUN"
"8070","μὴ","ADV"
"8071","ὄπισθεν","ADV"
"8072",",","PUNCT"
"8073","ἀλλ","CCONJ"
"8074","ἔμπροσθεν","ADV"
"8075","τάξῃ","VERB"
"8076",".","PUNCT"
"8077","Ἁρμόζει","VERB"
"8078","μὲν","ADV"
"8079","ἐφ","ADP"
"8080","ὧν","PRON"
"8081","καὶ","ADV"
"8082","ἡ","DET"
"8083","πρὸ","ADP"
"8084","αὐτῆς","PRON"
"8085",".","PUNCT"
"8086","τελαμῶνα","NOUN"
"8087","οὖν","ADV"
"8088","λαβόντες","VERB"
"8089","σύμμετρον","ADJ"
"8090","μήκει","NOUN"
"8091","καὶ","CCONJ"
"8092","πλάτει","NOUN"
"8093","κατὰ","ADP"
"8094","τὴν","DET"
"8095","μεσότητα","NOUN"
"8096","σχίζομεν","VERB"
"8097",",","PUNCT"
"8098","ὥστε","SCONJ"
"8099","τὴν","DET"
"8100","κεφαλὴν","NOUN"
"8101","διελθεῖν","VERB"
"8102",".","PUNCT"
"8103","τὰ","DET"
"8104","δὲ","ADV"
"8105","πέρατα","NOUN"
"8106","παρίεμεν","VERB"
"8107",",","PUNCT"
"8108","ὁ","PRON"
"8109","μὲν","ADV"
"8110","κατὰ","ADP"
"8111","νώτου","NOUN"
"8112",",","PUNCT"
"8113","ὁ","PRON"
"8114","δὲ","ADV"
"8115","κατ","ADP"
"8116","ἐπιγαστρίου","NOUN"
"8117","ἐπιπλέκομέν","VERB"
"8118","τε","CCONJ"
"8119","τὸν","DET"
"8120","χιαστὸν","ADJ"
"8121","καλούμενον","VERB"
"8122","θώρακα","NOUN"
"8123",",","PUNCT"
"8124","τὰ","DET"
"8125","δὲ","ADV"
"8126","πέρατα","NOUN"
"8127","αὐτῆς","PRON"
"8128","προϋποτεθέντος","VERB"
"8129","τελαμῶνος","NOUN"
"8130","ἐπισχίσαντες","VERB"
"8131","εἰς","ADP"
"8132","τέλος","NOUN"
"8133","κάτω","ADV"
"8134","κρεμᾶσθαι","VERB"
"8135","ἐῶμεν","VERB"
"8136",".","PUNCT"
"8137","Ἁρμόζει","VERB"
"8138","μὲν","ADV"
"8139","ἐφ","ADP"
"8140","ὧν","PRON"
"8141","τὸ","DET"
"8142","ἕτερον","ADJ"
"8143","μέρος","NOUN"
"8144","τοῦ","DET"
"8145","τραχήλου","NOUN"
"8146","ἐπιδῆσαι","VERB"
"8147","θέλομεν","VERB"
"8148",".","PUNCT"
"8149","ἀρχὴ","NOUN"
"8150","κατὰ","ADP"
"8151","μέσον","ADJ"
"8152","τοῦ","DET"
"8153","πλευροῦ","NOUN"
"8154","τὸ","DET"
"8155","εἴλημα","VERB"
"8156","λοξῶς","ADV"
"8157","κατὰ","ADP"
"8158","μεταφρένου","NOUN"
"8159","ἐπὶ","ADP"
"8160","τράχηλον","NOUN"
"8161","καὶ","CCONJ"
"8162","στέρνον","NOUN"
"8163","·","PUNCT"
"8164","εἶτ","ADV"
"8165","ἐπὶ","ADP"
"8166","πλευρὰν","NOUN"
"8167","κατὰ","ADP"
"8168","τῆς","DET"
"8169","προεμβεβλημένης","VERB"
"8170","ἀρχῆς","NOUN"
"8171","καὶ","CCONJ"
"8172","περὶ","ADP"
"8173","θώρακα","NOUN"
"8174","ἐγκύκλιος","ADJ"
"8175",".","PUNCT"
"8176","Ἡ","DET"
"8177","ἀρχὴ","NOUN"
"8178","ὑπὸ","ADP"
"8179","μασχάλην","NOUN"
"8180",".","PUNCT"
"8181","τὸ","DET"
"8182","εἴλημα","NOUN"
"8183","λοξῶς","ADV"
"8184","κατὰ","ADP"
"8185","μεταφρένου","NOUN"
"8186","ἐπὶ","ADP"
"8187","τράχηλον","NOUN"
"8188","καὶ","CCONJ"
"8189","ἐπὶ","ADP"
"8190","στέρνον","NOUN"
"8191",",","PUNCT"
"8192","μασχάλην","NOUN"
"8193","καὶ","CCONJ"
"8194","ἐπὶ","ADP"
"8195","ἀντικειμένην","ADJ"
"8196","μασχάλην","NOUN"
"8197","καὶ","CCONJ"
"8198","λοξὴ","ADJ"
"8199","ἐπὶ","ADP"
"8200","στέρνον","NOUN"
"8201","καὶ","CCONJ"
"8202","τράχηλον","NOUN"
"8203",",","PUNCT"
"8204","ὡς","ADV"
"8205","χίασμα","NOUN"
"8206","κατ","ADP"
"8207","αὐτοῦ","PRON"
"8208","γενέσθαι","VERB"
"8209","καὶ","CCONJ"
"8210","λοξὴ","ADJ"
"8211","κατὰ","ADP"
"8212","μεταφρένου","NOUN"
"8213","ὑπὸ","ADP"
"8214","μασχάλην","NOUN"
"8215","ἐγκύκλιος","ADJ"
"8216",".","PUNCT"
"8217","αἱ","DET"
"8218","δ","ADV"
"8219","ἐπινομαὶ","NOUN"
"8220","κατὰ","ADP"
"8221","τῶν","DET"
"8222","αὐτῶν","ADJ"
"8223",".","PUNCT"
"8224","Δύο","NUM"
"8225","τελαμῶνες","NOUN"
"8226","πλάτει","NOUN"
"8227","διδακτυλιαίων","ADJ"
"8228","μήκει","NOUN"
"8229","σύμμετροι","ADJ"
"8230","τὰς","DET"
"8231","μεσότητας","NOUN"
"8232","κατὰ","ADP"
"8233","τῶν","DET"
"8234","ὤμων","NOUN"
"8235","θέντες","VERB"
"8236",",","PUNCT"
"8237","ἀρχὰς","NOUN"
"8238","μὲν","ADV"
"8239","ἐπ","ADP"
"8240","ὀμφαλὸν","NOUN"
"8241",",","PUNCT"
"8242","ἃς","PRON"
"8243","δὲ","ADV"
"8244","κατὰ","ADP"
"8245","νώτου","NOUN"
"8246","χιάσαντες","VERB"
"8247","πρὸς","ADP"
"8248","αὐτὰς","PRON"
"8249","ἀγκτηρίζομεν","VERB"
"8250",",","PUNCT"
"8251","εἶτ","CCONJ"
"8252","ἐπιπλέκομεν","VERB"
"8253","τὴν","DET"
"8254","καλουμένην","VERB"
"8255","καλαθοειδῆ","ADJ"
"8256","γερανῖδα","NOUN"
"8257",".","PUNCT"
"8258","Εὐθετεῖ","VERB"
"8259","μὲν","ADV"
"8260","ἐφ","ADP"
"8261","ὧν","PRON"
"8262","καὶ","ADV"
"8263","ἡ","DET"
"8264","πρὸ","ADP"
"8265","ταύτης","ADJ"
"8266",".","PUNCT"
"8267","συντελεῖται","VERB"
"8268","δὲ","ADV"
"8269","ἔκ","ADP"
"8270","τε","CCONJ"
"8271","τοῦ","DET"
"8272","διπλοῦ","ADJ"
"8273","τραχηλιστῆρος","NOUN"
"8274","καὶ","CCONJ"
"8275","τῆς","DET"
"8276","καλαθοειδοῦς","ADJ"
"8277","γερανίδος","NOUN"
"8278","προσεπιτελουμένης","VERB"
"8279",".","PUNCT"
"8280","Ἀρχὴ","NOUN"
"8281","κατὰ","ADP"
"8282","λαγόνα","NOUN"
"8283",".","PUNCT"
"8284","ἡ","DET"
"8285","δὲ","ADV"
"8286","ἐπινομὴ","NOUN"
"8287","λοξῶς","ADV"
"8288","κατὰ","ADP"
"8289","κλειδὸς","NOUN"
"8290","ἐπ","ADP"
"8291","ὠμοπλάτην","NOUN"
"8292",",","PUNCT"
"8293","εἶθ","ADV"
"8294","ὑπὸ","ADP"
"8295","μασχάλην","NOUN"
"8296","καὶ","CCONJ"
"8297","ἐπὶ","ADP"
"8298","κλεῖδα","PROPN"
"8299",",","PUNCT"
"8300","ἵνα","SCONJ"
"8301","χίασμα","NOUN"
"8302","ὑπὲρ","ADP"
"8303","τὸ","DET"
"8304","ἀκρώμιον","NOUN"
"8305","γένηται","VERB"
"8306","·","PUNCT"
"8307","εἶτ","CCONJ"
"8308","ἐγκάρσιος","ADJ"
"8309","ἐπ","ADP"
"8310","αὐχένα","NOUN"
"8311","καὶ","CCONJ"
"8312","ἐπ","ADP"
"8313","ἀντικειμένην","ADJ"
"8314","κλεῖδα","PROPN"
"8315","ὑπὸ","ADP"
"8316","μασχάλην","NOUN"
"8317","καὶ","CCONJ"
"8318","ἐπὶ","ADP"
"8319","κλεῖδα","PROPN"
"8320",",","PUNCT"
"8321","ἵνα","SCONJ"
"8322","χίασμα","NOUN"
"8323","καὶ","ADV"
"8324","ἐνταῦθα","ADV"
"8325","γένηται","VERB"
"8326","καὶ","CCONJ"
"8327","λοξὴ","ADJ"
"8328","παρὰ","ADP"
"8329","μαστὸν","NOUN"
"8330","ἐπὶ","ADP"
"8331","λαγόνα","NOUN"
"8332","ἀντικείμενον","ADJ"
"8333",",","PUNCT"
"8334","ὥστε","SCONJ"
"8335","καὶ","ADV"
"8336","κατὰ","ADP"
"8337","στέρνου","NOUN"
"8338","χίασμα","NOUN"
"8339","γίγνεσθαι","VERB"
"8340",",","PUNCT"
"8341","εἶτ","ADV"
"8342","ἐγκύκλιοι","ADJ"
"8343","περὶ","ADP"
"8344","λαγόνας","NOUN"
"8345","·","PUNCT"
"8346","εἶτα","ADV"
"8347","περὶ","ADP"
"8348","μετάφρενον","NOUN"
"8349","λοξὴ","ADJ"
"8350","καὶ","CCONJ"
"8351","ἐπὶ","ADP"
"8352","ἀκρώμιον","NOUN"
"8353",",","PUNCT"
"8354","μασχάλην","NOUN"
"8355",",","PUNCT"
"8356","εἶτ","ADV"
"8357","ἐπ","ADP"
"8358","ἀκρώμιον","NOUN"
"8359","·","PUNCT"
"8360","εἶτ","CCONJ"
"8361","ἐγκάρσιος","ADJ"
"8362","ἐκ","ADP"
"8363","τῶν","DET"
"8364","ἔμπροσθεν","ADV"
"8365","κατὰ","ADP"
"8366","τὴν","DET"
"8367","ἐμβολὴν","NOUN"
"8368","τῶν","DET"
"8369","κλειδῶν","NOUN"
"8370","καὶ","CCONJ"
"8371","ἐπ","ADP"
"8372","ἀκρώμιον","NOUN"
"8373","καὶ","CCONJ"
"8374","λοξὴ","ADJ"
"8375","κατὰ","ADP"
"8376","μεταφρένου","NOUN"
"8377","ἐπὶ","ADP"
"8378","λαγόνα","NOUN"
"8379","·","PUNCT"
"8380","εἶτ","CCONJ"
"8381","ἐγκύκλιος","ADJ"
"8382","ἐπιπλέκεται","VERB"
"8383","αὐτῇ","PRON"
"8384",",","PUNCT"
"8385","ἤτοι","CCONJ"
"8386","διπλῇ","ADJ"
"8387","γερανὶς","NOUN"
"8388","ἢ","CCONJ"
"8389","χιαστὸς","ADJ"
"8390","τραχηλιστὴρ","NOUN"
"8391","ἢ","CCONJ"
"8392","ἡ","CCONJ"
"8393","διπλοῦς","ADJ"
"8394","λεγόμενος","VERB"
"8395",".","PUNCT"
"8396","﻿","CCONJ"
"8397","Ἁρμόζει","VERB"
"8398","μὲν","ADV"
"8399","ἐφ","ADP"
"8400","ὧν","PRON"
"8401","καὶ","ADV"
"8402","τὸ","DET"
"8403","ὑπὸ","ADP"
"8404","στέρνον","NOUN"
"8405","καὶ","CCONJ"
"8406","νῶτον","NOUN"
"8407","ἐπιδῆσαι","VERB"
"8408","θέλομεν","VERB"
"8409",".","PUNCT"
"8410","ἐπιτελεῖται","VERB"
"8411","δὲ","ADV"
"8412","ἔκ","ADP"
"8413","τε","CCONJ"
"8414","τῆς","DET"
"8415","ἀκίδος","NOUN"
"8416","καὶ","CCONJ"
"8417","τοῦ","DET"
"8418","ἀστέρος","NOUN"
"8419","τῶν","DET"
"8420","περάτων","NOUN"
"8421","ἃ","PRON"
"8422","δὴ","ADV"
"8423","ἐπὶ","ADP"
"8424","τῆς","DET"
"8425","ἀκίδος","NOUN"
"8426","πρὸς","ADP"
"8427","ἄλληλα","PRON"
"8428","ἠγκτηρίζετο","VERB"
"8429","κατὰ","ADP"
"8430","τὰς","DET"
"8431","λαγόνας","NOUN"
"8432","παρηγμένων","VERB"
"8433","κἀκεῖ","ADV"
"8434","καὶ","CCONJ"
"8435","ἀποκρεμαμένων","VERB"
"8436",".","PUNCT"
"8437","Προκαταλαβόμενος","VERB"
"8438","κατὰ","ADP"
"8439","τῶν","DET"
"8440","ὤμων","NOUN"
"8441","τοὺς","DET"
"8442","τελαμῶνας","NOUN"
"8443","οὓς","PRON"
"8444","ὑπὸ","ADP"
"8445","τῆς","DET"
"8446","ἀκίδος","NOUN"
"8447","ὑπεδείξαμεν","VERB"
"8448",",","PUNCT"
"8449","προσαπόδος","NOUN"
"8450","κατὰ","ADP"
"8451","δύο","NUM"
"8452","ἤδη","ADV"
"8453","τραχηλιστὴρ","NOUN"
"8454","ὅς","PRON"
"8455","ἐστι","AUX"
"8456","διπλοῦς","ADJ"
"8457",",","PUNCT"
"8458","εἶτα","ADV"
"8459","τὴν","DET"
"8460","καλαθοειδῆ","ADJ"
"8461","γερανῖδα","NOUN"
"8462",".","PUNCT"
"8463","Θεατρικὴ","ADJ"
"8464","μὲν","ADV"
"8465","ἡ","DET"
"8466","ἐπίδεσις","NOUN"
"8467","ἐπειδὴ","SCONJ"
"8468","συντελεσθεῖσα","VERB"
"8469","ἐμφερὴς","ADJ"
"8470","γίγνεται","VERB"
"8471","ταῖς","DET"
"8472","ὀρθαῖς","ADJ"
"8473","γωνίαις","NOUN"
"8474","τῶν","DET"
"8475","βωμίσκων","NOUN"
"8476","προεπιδεδεμένῳ","VERB"
"8477","τῷ","DET"
"8478","καλαθοειδεῖ","ADJ"
"8479","τραχηλιστῆρι","NOUN"
"8480","τῇ","DET"
"8481","ὁμοιοσχήμονι","ADJ"
"8482","γερανίδι","NOUN"
"8483","προσαποδιδομένην","VERB"
"8484","τὴν","DET"
"8485","Σωστράτου","PROPN"
"8486","στηθοδεσμίδα","NOUN"
"8487","τὴν","DET"
"8488","ὀρθίαν","ADJ"
"8489","μετὰ","ADP"
"8490","τῶν","DET"
"8491","ἀναληπτρίδων","NOUN"
"8492",".","PUNCT"
"8493","Καὶ","CCONJ"
"8494","αὐτὴ","ADJ"
"8495","θεατρικὴ","ADJ"
"8496","ἁρμόζει","VERB"
"8497","μὲν","ADV"
"8498","ἐπὶ","ADP"
"8499","τῶν","DET"
"8500","αὐτῶν","ADJ"
"8501","προσεπιδήσαντες","VERB"
"8502","καὶ","ADV"
"8503","πάλιν","ADV"
"8504","τὴν","DET"
"8505","Σωστράτου","PROPN"
"8506","ὀρθίαν","ADJ"
"8507","τὴν","DET"
"8508","στηθοδεσμίδα","NOUN"
"8509",",","PUNCT"
"8510","ἥν","PRON"
"8511","τινες","ADJ"
"8512","τέτρατον","ADJ"
"8513","καλοῦσι","VERB"
"8514",".","PUNCT"
"8515","Δύο","NUM"
"8516","τελαμῶνας","NOUN"
"8517","κατὰ","ADP"
"8518","τῶν","DET"
"8519","νώτων","NOUN"
"8520","θέντες","VERB"
"8521","ὡς","ADV"
"8522","ἐπὶ","ADP"
"8523","τῆς","DET"
"8524","ὀρθίας","ADJ"
"8525","στηθοδεσμίδος","NOUN"
"8526","ἐπιπλέκομεν","VERB"
"8527","τὸν","DET"
"8528","ἁπλοῦν","ADJ"
"8529","ῥόμβον","NOUN"
"8530",".","PUNCT"
"8531","Ἀρχὴ","NOUN"
"8532","κατὰ","ADP"
"8533","πλευρᾶς","NOUN"
"8534",".","PUNCT"
"8535","τὸ","DET"
"8536","εἴλημα","NOUN"
"8537","λοξῶς","ADV"
"8538","κατὰ","ADP"
"8539","στέρνον","NOUN"
"8540","ἐπὶ","ADP"
"8541","ἀκρώμιον","NOUN"
"8542",",","PUNCT"
"8543","εἶτ","ADV"
"8544","ἐγκάρσιον","ADJ"
"8545","ἐπ","ADP"
"8546","αὐχένος","NOUN"
"8547","κατ","ADP"
"8548","ἀκρώμιον","NOUN"
"8549","ἀντικείμενον","ADJ"
"8550","καὶ","CCONJ"
"8551","ὑπὸ","ADP"
"8552","μασχάλην","NOUN"
"8553","ἐκ","ADP"
"8554","τῶν","DET"
"8555","ἔμπροσθεν","ADV"
"8556","εἰς","ADP"
"8557","τὰ","DET"
"8558","ὀπίσω","ADV"
"8559","καὶ","CCONJ"
"8560","ἐπὶ","ADP"
"8561","τὸ","DET"
"8562","αὐτὸ","DET"
"8563","ἀκρώμιον","NOUN"
"8564","καὶ","CCONJ"
"8565","λοξὴ","ADJ"
"8566","ἐπὶ","ADP"
"8567","στέρνον","NOUN"
"8568",",","PUNCT"
"8569","εἶτ","ADV"
"8570","ἐγκύκλιος","ADJ"
"8571","κατὰ","ADP"
"8572","λαγόνος","NOUN"
"8573",".","PUNCT"
"8574","ἡ","DET"
"8575","αὐτὴ","ADJ"
"8576","ὀπισθοφανὴς","ADJ"
"8577","γίνεται","VERB"
"8578","ἐναλλασσόντων","VERB"
"8579","ἡμῶν","PRON"
"8580",",","PUNCT"
"8581","τὰς","DET"
"8582","μὲν","ADV"
"8583","ἐμπροσθίους","ADJ"
"8584","ἐπινεμήσεις","NOUN"
"8585","ποιούντων","VERB"
"8586","ὀπίσω","ADV"
"8587",",","PUNCT"
"8588","τὰς","DET"
"8589","δὲ","ADV"
"8590","ὀπισθίους","ADJ"
"8591","ἔμπροσθεν","ADV"
"8592",".","PUNCT"
"8593","Ἁρμόζει","VERB"
"8594","μὲν","ADV"
"8595","ἐφ","ADP"
"8596","ὧν","PRON"
"8597","πλευραὶ","NOUN"
"8598","ἐπιδοῦνται","VERB"
"8599",".","PUNCT"
"8600","συντελεῖται","VERB"
"8601","δὲ","ADV"
"8602","οὕτως","ADV"
"8603","·","PUNCT"
"8604","ἡ","DET"
"8605","μεσότης","NOUN"
"8606","τοῦ","DET"
"8607","ἐπιδέσμου","NOUN"
"8608","κατ","ADP"
"8609","αὐχένας","NOUN"
"8610",",","PUNCT"
"8611","αἱ","DET"
"8612","δ","ADV"
"8613","ἀρχαὶ","NOUN"
"8614","λοξαὶ","ADJ"
"8615","κατὰ","ADP"
"8616","στέρνον","NOUN"
"8617","εἰς","ADP"
"8618","αὐτὰς","PRON"
"8619","ἀγκυλωθεῖσαι","VERB"
"8620","ὑπὸ","ADP"
"8621","μασχάλας","NOUN"
"8622","ἐπὶ","ADP"
"8623","μετάφρενον","NOUN"
"8624",",","PUNCT"
"8625","κἀκεῖ","ADV"
"8626","πάλιν","ADV"
"8627","ἀγκυλωθεῖσαι","VERB"
"8628","ἀπαγέσθωσαν","VERB"
"8629",",","PUNCT"
"8630","οὕτω","ADV"
"8631","τε","CCONJ"
"8632","μέχρι","ADP"
"8633","τοῦ","DET"
"8634","ὅλον","ADJ"
"8635","τὸν","DET"
"8636","θώρακα","NOUN"
"8637","ἐπιδεθῆναι","VERB"
"8638",",","PUNCT"
"8639","ὅτε","SCONJ"
"8640","μὲν","ADV"
"8641","ὀπίσω","ADV"
"8642",",","PUNCT"
"8643","ὅτε","SCONJ"
"8644","δὲ","ADV"
"8645","ἔμπροσθεν","ADV"
"8646","ἀγκυλούσθωσαν","VERB"
"8647",".","PUNCT"
"8648","τὰ","DET"
"8649","δὲ","ADV"
"8650","πέρατα","NOUN"
"8651","πρὸς","ADP"
"8652","ἄλληλα","PRON"
"8653","ἁμματιζέσθωσαν","VERB"
"8654",".","PUNCT"
"8655","ταύτῃ","DET"
"8656","τῇ","DET"
"8657","ἐπιδέσει","NOUN"
"8658","ἁρματηλάται","NOUN"
"8659","χρῶνται","VERB"
"8660","συνοχῆς","NOUN"
"8661","χάριν","ADP"
"8662","τῶν","DET"
"8663","πλευρῶν","NOUN"
"8664",".","PUNCT"
"8665","ἀπηρτικότες","VERB"
"8666","καὶ","ADV"
"8667","τὰς","DET"
"8668","περὶ","ADP"
"8669","τὸν","DET"
"8670","θώρακα","NOUN"
"8671","ἐπιδέσεις","NOUN"
"8672","καὶ","CCONJ"
"8673","τὰς","DET"
"8674","ἑξῆς","ADV"
"8675","λέγωμεν","VERB"
"8676",".","PUNCT"
"8677","Ἁρμόζει","VERB"
"8678","μὲν","ADV"
"8679","ἐπὶ","ADP"
"8680","βουβῶνος","NOUN"
"8681",".","PUNCT"
"8682","ἐπιτελεῖται","VERB"
"8683","δὲ","ADV"
"8684","οὕτως","ADV"
"8685","·","PUNCT"
"8686","ἀρχὴ","NOUN"
"8687","κατὰ","ADP"
"8688","λαγόνος","NOUN"
"8689",",","PUNCT"
"8690","ἡ","DET"
"8691","ἀντικειμένη","VERB"
"8692","δὲ","ADV"
"8693","ἐπινέμησις","NOUN"
"8694","λοξὴ","ADJ"
"8695","κατὰ","ADP"
"8696","πυγῆς","NOUN"
"8697","πλησίον","ADP"
"8698","τοῦ","DET"
"8699","πεπονθότος","ADJ"
"8700","βουβῶνος","NOUN"
"8701",",","PUNCT"
"8702","εἶτ","CCONJ"
"8703","ἐπὶ","ADP"
"8704","περίναιον","PROPN"
"8705","κάτωθεν","ADV"
"8706","ἄνω","ADV"
"8707","καὶ","CCONJ"
"8708","λοξὴ","ADJ"
"8709","ἐπὶ","ADP"
"8710","βουβῶνα","NOUN"
"8711",",","PUNCT"
"8712","εἶτ","CCONJ"
"8713","ἐγκύκλιος","ADJ"
"8714","κατὰ","ADP"
"8715","ἰσχίον","NOUN"
"8716","καὶ","CCONJ"
"8717","κατὰ","ADP"
"8718","λαγόνα","NOUN"
"8719","κατὰ","ADP"
"8720","τῆς","DET"
"8721","προεμβεβλημένης","VERB"
"8722","ἀρχῆς","NOUN"
"8723",",","PUNCT"
"8724","αἱ","DET"
"8725","δ","ADV"
"8726","ἐπινομαὶ","NOUN"
"8727","κάτωθεν","ADV"
"8728","ἄνω","ADV"
"8729","αὐτῶν","PRON"
"8730",".","PUNCT"
"8731","Ἀρχὴ","NOUN"
"8732","κατ","ADP"
"8733","ἐπιγαστρίου","NOUN"
"8734","τὸ","DET"
"8735","εἴλημα","VERB"
"8736","λοξῶς","ADV"
"8737","ἐπὶ","ADP"
"8738","κοτύλην","NOUN"
"8739","παρὰ","ADP"
"8740","περίναιον","PROPN"
"8741","ἐπὶ","ADP"
"8742","βουβῶνα","NOUN"
"8743","κάτωθεν","ADV"
"8744","ἄνω","ADV"
"8745","κατὰ","ADP"
"8746","τῆς","DET"
"8747","προεμβεβλημένης","VERB"
"8748","ἐπὶ","ADP"
"8749","ἰσχίον","NOUN"
"8750","καὶ","CCONJ"
"8751","βουβῶνα","NOUN"
"8752","παρὰ","ADP"
"8753","περίναιον","PROPN"
"8754","καὶ","CCONJ"
"8755","κοτύλην","NOUN"
"8756","κάτωθεν","ADV"
"8757","ἄνω","ADV"
"8758","καὶ","CCONJ"
"8759","ἐπὶ","ADP"
"8760","ἦτρον","NOUN"
"8761",",","PUNCT"
"8762","αἱ","DET"
"8763","δ","ADV"
"8764","ἐπινομαὶ","NOUN"
"8765","κατὰ","ADP"
"8766","τῶν","DET"
"8767","αὐτῶν","ADJ"
"8768","ὡς","ADV"
"8769","ἀμφότεροι","ADJ"
"8770","οἱ","DET"
"8771","βουβῶνες","NOUN"
"8772","σκεπασθῶσιν","VERB"
"8773",".","PUNCT"
"8774","Ἡ","DET"
"8775","μεσότης","NOUN"
"8776","κατὰ","ADP"
"8777","τοῦ","DET"
"8778","βουβῶνος","NOUN"
"8779",".","PUNCT"
"8780","αἱ","DET"
"8781","δ","ADV"
"8782","ἀρχαὶ","NOUN"
"8783","ἐπὶ","ADP"
"8784","κοτύλην","NOUN"
"8785","κἀκεῖ","ADV"
"8786","χιασθεῖσαι","VERB"
"8787","·","PUNCT"
"8788","ἡ","PRON"
"8789","μὲν","ADV"
"8790","ἐπὶ","ADP"
"8791","βουβῶνος","NOUN"
"8792",",","PUNCT"
"8793","ἡ","PRON"
"8794","δὲ","ADV"
"8795","ἔξωθεν","ADV"
"8796",".","PUNCT"
"8797","εἶτα","ADV"
"8798","ἐπὶ","ADP"
"8799","τῷ","DET"
"8800","αὐτῷ","ADJ"
"8801","ἀναγέσθωσαν","VERB"
"8802",",","PUNCT"
"8803","αἱ","DET"
"8804","δ","ADV"
"8805","ἐπινομαὶ","NOUN"
"8806","κατὰ","ADP"
"8807","τῶν","DET"
"8808","αὐτῶν","ADJ"
"8809",".","PUNCT"
"8810","Τῆς","DET"
"8811","βραχυτέρας","ADJ"
"8812","ἀρχῆς","NOUN"
"8813","ὡς","SCONJ"
"8814","ἂν","ADV"
"8815","ἢ","ADV"
"8816","δύο","NUM"
"8817","ἢ","CCONJ"
"8818","τρεῖς","NUM"
"8819","τόποι","NOUN"
"8820","παρίενται","VERB"
"8821","κατὰ","ADP"
"8822","βουβῶνος","NOUN"
"8823",".","PUNCT"
"8824","τὸ","DET"
"8825","δὲ","ADV"
"8826","εἴλημα","VERB"
"8827","ἄγεται","VERB"
"8828","κατὰ","ADP"
"8829","λαγόνος","NOUN"
"8830","ἐπὶ","ADP"
"8831","ἰσχίον","NOUN"
"8832","καὶ","CCONJ"
"8833","ἐπιγάστριον","NOUN"
"8834",",","PUNCT"
"8835","εἶτ","CCONJ"
"8836","ἐπὶ","ADP"
"8837","κοτύλην","NOUN"
"8838","λοξῶς","ADV"
"8839","καὶ","CCONJ"
"8840","βουβῶνα","NOUN"
"8841","κάτωθεν","ADV"
"8842","ἄνω","ADV"
"8843","καὶ","CCONJ"
"8844","ἐπὶ","ADP"
"8845","λαγόνα","NOUN"
"8846","καὶ","CCONJ"
"8847","ἰσχίον","NOUN"
"8848","καὶ","CCONJ"
"8849","ἀντικειμένην","ADJ"
"8850","λαγόνα","NOUN"
"8851","καὶ","CCONJ"
"8852","ἐπιγάστριον","NOUN"
"8853",",","PUNCT"
"8854","ὅτε","ADV"
"8855","ἡ","DET"
"8856","παρειμένη","VERB"
"8857","ἀρχὴ","NOUN"
"8858","ἀνακλᾶται","VERB"
"8859","ἐπὶ","ADP"
"8860","βουβῶνα","NOUN"
"8861",",","PUNCT"
"8862","ἵνα","SCONJ"
"8863","κατ","ADP"
"8864","αὐτοῦ","PRON"
"8865","πτύγμα","NOUN"
"8866","γένηται","VERB"
"8867","ἢ","CCONJ"
"8868","καταλαμβάνηται","VERB"
"8869","τῷ","DET"
"8870","εἰλήματι","NOUN"
"8871","·","PUNCT"
"8872","εἶτ","CCONJ"
"8873","ἐπιτελεῖται","VERB"
"8874","πάλιν","ADV"
"8875","βουβῶνι","NOUN"
"8876",",","PUNCT"
"8877","εἶτ","ADV"
"8878","ἐπὶ","ADP"
"8879","ἰσχίον","NOUN"
"8880","καὶ","CCONJ"
"8881","ἐπιγάστριον","NOUN"
"8882","καὶ","CCONJ"
"8883","πάλιν","ADV"
"8884","ἡ","DET"
"8885","πρώτη","ADJ"
"8886","ἀρχὴ","NOUN"
"8887","πτύσσεται","VERB"
"8888","ἄνωθεν","ADV"
"8889","κάτω","ADV"
"8890","καὶ","CCONJ"
"8891","τῷ","DET"
"8892","εἰλήματι","NOUN"
"8893","καταλαμβάνεται","VERB"
"8894","καὶ","CCONJ"
"8895","οὕτως","ADV"
"8896","ἐπιδεῖται","VERB"
"8897","ἄχρις","SCONJ"
"8898","ἂν","ADV"
"8899","συντελεσθῇ","VERB"
"8900","ἀεὶ","ADV"
"8901","τοῦ","DET"
"8902","μὲν","ADV"
"8903","πτυσσομένου","VERB"
"8904",",","PUNCT"
"8905","τοῦ","PRON"
"8906","δὲ","ADV"
"8907","ἐπειλουμένου","VERB"
"8908",",","PUNCT"
"8909","τὸ","DET"
"8910","δὲ","ADV"
"8911","πέρας","NOUN"
"8912","ἀγκτηρίζεται","VERB"
"8913",".","PUNCT"
"8914","Ταινίας","NOUN"
"8915","ἡ","DET"
"8916","μεσότης","NOUN"
"8917","κατ","ADP"
"8918","ὀσφύος","NOUN"
"8919",".","PUNCT"
"8920","αἱ","DET"
"8921","δ","ADV"
"8922","ἀρχαὶ","NOUN"
"8923","κατὰ","ADP"
"8924","βουβῶνα","NOUN"
"8925","ὡς","ADV"
"8926","ἐπὶ","ADP"
"8927","τοῦ","DET"
"8928","ἁπλοῦ","ADJ"
"8929","παριέντες","VERB"
"8930","ἑτέρου","ADJ"
"8931","ἐπιδέσμου","NOUN"
"8932",".","PUNCT"
"8933","ἀρχαὶ","NOUN"
"8934","κατ","ADP"
"8935","ἐπιγαστρίου","NOUN"
"8936","καὶ","CCONJ"
"8937","συντελεῖται","VERB"
"8938","διπλοῦς","ADJ"
"8939","βουβωνίσκος","NOUN"
"8940","τῶν","DET"
"8941","κάτω","ADV"
"8942","παρειμένων","VERB"
"8943","ταινιδίων","NOUN"
"8944","πτυσσομένων","VERB"
"8945","ὡς","ADV"
"8946","ἐπὶ","ADP"
"8947","τοῦ","DET"
"8948","διπλοῦ","ADJ"
"8949","εἴρηται","VERB"
"8950",".","PUNCT"
"8951","Ταινιδίου","NOUN"
"8952","μεσότης","NOUN"
"8953","κατ","ADP"
"8954","ὀσφύος","NOUN"
"8955",",","PUNCT"
"8956","αἱ","DET"
"8957","δ","ADV"
"8958","ἀρχαὶ","NOUN"
"8959","κατ","ADP"
"8960","ἐπιγαστρίου","NOUN"
"8961","ἁμματίζονται","VERB"
"8962",",","PUNCT"
"8963","εἶτ","CCONJ"
"8964","ἐπιδέσμου","NOUN"
"8965","εἰλητοῦ","ADJ"
"8966","ἡ","DET"
"8967","ἀρχὴ","NOUN"
"8968","ὑπὸ","ADP"
"8969","τὴν","DET"
"8970","ζώνην","NOUN"
"8971","τὸ","DET"
"8972","εἴλημα","VERB"
"8973","ὑπὸ","ADP"
"8974","καυλὸν","NOUN"
"8975",",","PUNCT"
"8976","εἶτ","ADV"
"8977","ἐπὶ","ADP"
"8978","τὴν","DET"
"8979","ζώνην","NOUN"
"8980","ἄνωθεν","ADV"
"8981","κάτω","ADV"
"8982","·","PUNCT"
"8983","εἶθ","ADV"
"8984","ὑπὸ","ADP"
"8985","καυλὸν","NOUN"
"8986","καὶ","CCONJ"
"8987","περὶ","ADP"
"8988","τὴν","DET"
"8989","ζώνην","NOUN"
"8990",",","PUNCT"
"8991","εἶτ","ADV"
"8992","ἐπιτελεῖ","VERB"
"8993","ὑπὸ","ADP"
"8994","τοὺς","DET"
"8995","διδύμους","ADJ"
"8996","καὶ","CCONJ"
"8997","ὑπὸ","ADP"
"8998","τὴν","DET"
"8999","ζώνην","NOUN"
"9000",".","PUNCT"
"9001","Μετὰ","ADP"
"9002","τὸ","DET"
"9003","περιθεῖναι","VERB"
"9004","τὴν","DET"
"9005","ταινίαν","NOUN"
"9006","ἡ","DET"
"9007","ἀρχὴ","NOUN"
"9008","τοῦ","DET"
"9009","ἐπιδέσμου","NOUN"
"9010","ἐπὶ","ADP"
"9011","καυλὸν","NOUN"
"9012","καὶ","CCONJ"
"9013","νομαὶ","NOUN"
"9014","ἐγκύκλιοι","ADJ"
"9015","περὶ","ADP"
"9016","αὐτὸν","PRON"
"9017","ἕως","SCONJ"
"9018","σκεπασθῇ","VERB"
"9019","·","PUNCT"
"9020","εἶτα","ADV"
"9021","περὶ","ADP"
"9022","τὴν","DET"
"9023","ζώνην","NOUN"
"9024",",","PUNCT"
"9025","εἶτα","ADV"
"9026","ὑπὸ","ADP"
"9027","καυλὸν","NOUN"
"9028","καὶ","CCONJ"
"9029","περὶ","ADP"
"9030","τὴν","DET"
"9031","ζώνην","NOUN"
"9032",",","PUNCT"
"9033","εἶθ","ADV"
"9034","ὑπὸ","ADP"
"9035","διδύμους","ADJ"
"9036","καὶ","CCONJ"
"9037","ἐπὶ","ADP"
"9038","ζώνην","NOUN"
"9039",".","PUNCT"
"9040","Σύμμετρον","ADJ"
"9041","ῥάκος","NOUN"
"9042","λαβόντες","VERB"
"9043","σχίζομεν","VERB"
"9044","εἰς","ADP"
"9045","σκέλη","NOUN"
"9046","τέσσαρα","NUM"
"9047","τὸ","DET"
"9048","μέσον","ADJ"
"9049","συνεχὲς","ADJ"
"9050","ἐῶντες","VERB"
"9051","καὶ","CCONJ"
"9052","ὑποβάλλομεν","VERB"
"9053","τῷ","DET"
"9054","καυλῷ","NOUN"
"9055",",","PUNCT"
"9056","τὰς","DET"
"9057","δὲ","ADV"
"9058","ἀρχὰς","NOUN"
"9059","ἀνάγοντες","VERB"
"9060","τὰς","DET"
"9061","περὶ","ADP"
"9062","τὸ","DET"
"9063","ἕτερον","ADJ"
"9064","μέρος","NOUN"
"9065","πλησίον","ADP"
"9066","καυλοῦ","NOUN"
"9067","ἐπισχίζομεν","VERB"
"9068",",","PUNCT"
"9069","διὰ","ADP"
"9070","δὲ","ADV"
"9071","αὐτοῦ","PRON"
"9072","διεκβάλλομεν","VERB"
"9073","τὰς","DET"
"9074","ἑτέρας","ADJ"
"9075","ἐπὶ","ADP"
"9076","τὴν","DET"
"9077","ζώνην","NOUN"
"9078",".","PUNCT"
