"ID","TOKEN","UPOS"
"1","Πράξεις","NOUN"
"2","τοῦ","DET"
"3","ἁγίου","ADJ"
"4","ἀσποστόλου","ADJ"
"5","καὶ","CCONJ"
"6","εὐαγγελιστοῖ","ADJ"
"7","Ἰωάννου","PROPN"
"8","τοῦ","DET"
"9","θεολόγου","NOUN"
"10",".","PUNCT"
"11","ἀνήνεγκαν","VERB"
"12","πρὸς","ADP"
"13","βασιλέα","NOUN"
"14","οὕτως","ADV"
"15","·","PUNCT"
"16","Αὐτοκράτορι","NOUN"
"17","Καίσαρι","NOUN"
"18","Σεβαστῷ","ADJ"
"19","νικητῆ","NOUN"
"20","τροπαούχῳ","NOUN"
"21","·","PUNCT"
"22","γνωστὸν","ADJ"
"23","ἔστω","AUX"
"24","σοι","PRON"
"25","ὅτι","SCONJ"
"26","Ἰωάννης","PROPN"
"27","τις","DET"
"28","ὀνόματι","NOUN"
"29",",","PUNCT"
"30","τῷ","DET"
"31","γένει","NOUN"
"32","Ἰουδαῖος","ADJ"
"33",",","PUNCT"
"34","τῆς","DET"
"35","θρησκείας","NOUN"
"36","τῶν","DET"
"37","Γαλιλαίων","ADJ"
"38",",","PUNCT"
"39","καταλαβὼν","VERB"
"40","τὴν","DET"
"41","Ἀσίαν","PROPN"
"42",",","PUNCT"
"43","ἔτι","ADV"
"44","μὴν","ADV"
"45","καὶ","ADV"
"46","τὴν","DET"
"47","δουλικήν","ADJ"
"48","σου","PRON"
"49","πόλιν","NOUN"
"50","Ἐφεσίων","ADJ"
"51",",","PUNCT"
"52","ἐξέστησε","VERB"
"53","πάντας","ADJ"
"54","καὶ","CCONJ"
"55","ἀνέτρεψεν","VERB"
"56","ἐκ","ADP"
"57","τῆς","DET"
"58","πατροπαραδότου","ADJ"
"59","θρησκείας","NOUN"
"60",",","PUNCT"
"61","ἕλκων","VERB"
"62","πάντας","ADJ"
"63","ὀπίσω","ADP"
"64","αὐτοῦ","PRON"
"65",",","PUNCT"
"66","ὥστε","SCONJ"
"67","γενέσθαι","VERB"
"68","ξένον","ADJ"
"69","ὄνομα","NOUN"
"70","καὶ","CCONJ"
"71","ἔθνος","NOUN"
"72","ἕτερον","ADJ"
"73","·","PUNCT"
"74","καὶ","CCONJ"
"75","εἰ","SCONJ"
"76","μὴ","ADV"
"77","σπεύσας","VERB"
"78","τοῦτον","ADJ"
"79","ταχέως","ADV"
"80","σβέσῃς","VERB"
"81",",","PUNCT"
"82","ἀπώλεσε","VERB"
"83","καὶ","CCONJ"
"84","τὸ","DET"
"85","ἔθνος","NOUN"
"86","καὶ","CCONJ"
"87","τὴν","DET"
"88","χώραν","NOUN"
"89",".","PUNCT"
"90","Ὁ","DET"
"91","δὲ","ADV"
"92","βασιλεὺς","NOUN"
"93","Ἀδριανὸς","PROPN"
"94","ταῦτα","ADJ"
"95","ἀκούσας","VERB"
"96","ἀπέστειλε","VERB"
"97","ταχυδρόμους","ADJ"
"98","στρατιώτας","NOUN"
"99","μεταστείλασθαι","VERB"
"100","τὸν","DET"
"101","ἀπόστολον","NOUN"
"102","πρὸς","ADP"
"103","αὐτόν","PRON"
"104",".","PUNCT"
"105","οἱ","DET"
"106","δὲ","ADV"
"107","στρατιῶται","NOUN"
"108","σπεύσαντες","VERB"
"109","κατέλαβον","VERB"
"110","τὴν","DET"
"111","Ἔφεσον","PROPN"
"112",".","PUNCT"
"113","καὶ","CCONJ"
"114","δὴ","ADV"
"115","ἐρωτήσαντες","VERB"
"116","Ποῦ","ADV"
"117","φησίν","VERB"
"118","ἐστιν","AUX"
"119","Ἰωάννης","PROPN"
"120","ὁ","DET"
"121","Γλιλαῖος","NOUN"
"122",";","PUNCT"
"123","ὑπέδειξαν","VERB"
"124","αὐτοῖς","PRON"
"125","τὸ","DET"
"126","κελλίον","NOUN"
"127","ὑμῶν","PRON"
"128",".","PUNCT"
"129","οἳ","PRON"
"130","δὲ","ADV"
"131","ἐγγίσαντες","VERB"
"132","εὗρον","VERB"
"133","τὸν","DET"
"134","θεολόγον","NOUN"
"135","καὶ","CCONJ"
"136","λέγουσιν","VERB"
"137","αὐτῷ","PRON"
"138","·","PUNCT"
"139","Σὺ","PRON"
"140","εἶ","AUX"
"141","Ἰωάννης","PROPN"
"142","ὁ","DET"
"143","Γαλιλαῖος","ADJ"
"144",";","PUNCT"
"145","Ὃ","PRON"
"146","δὲ","ADV"
"147","Ναί","INTJ"
"148","φησιν","VERB"
"149",",","PUNCT"
"150","ἐγώ","PRON"
"151","εἰμι","AUX"
"152",".","PUNCT"
"153","Οἳ","PRON"
"154","δὲ","ADV"
"155","ἰδόντες","VERB"
"156","τὴν","DET"
"157","ἀρετὴν","NOUN"
"158","τοῦ","DET"
"159","ἀνθρός","PROPN"
"160",",","PUNCT"
"161","τό","DET"
"162","τε","CCONJ"
"163","ταπεινὸν","ADJ"
"164","αὐτοῦ","PRON"
"165","καὶ","CCONJ"
"166","ἡσύχιον","ADJ"
"167",",","PUNCT"
"168","ἅμα","ADV"
"169","δὲ","ADV"
"170","καὶ","ADV"
"171","τὸ","DET"
"172","εὐπρεπὲς","ADJ"
"173","τοῦ","DET"
"174","προσώπου","NOUN"
"175",",","PUNCT"
"176","μᾶλλον","ADV"
"177","ἐτίμησαν","VERB"
"178","τὸν","DET"
"179","ἄνδρα","NOUN"
"180","·","PUNCT"
"181","καὶ","CCONJ"
"182","μετὰ","ADP"
"183","αἰδοῦς","NOUN"
"184","λέγουσιν","VERB"
"185","αὐτῷ","PRON"
"186","·","PUNCT"
"187","Καλεῖ","VERB"
"188","σε","PRON"
"189","ὁ","DET"
"190","βασλεὺς","NOUN"
"191","Ῥωμαίων","ADJ"
"192","·","PUNCT"
"193","δεῦρο","INTJ"
"194",",","PUNCT"
"195","πορεύθητι","VERB"
"196","μεθʼ","ADP"
"197","ἡμῶν","PRON"
"198",".","PUNCT"
"199","Ὁ","DET"
"200","δὲ","ADV"
"201","θεολόγος","ADJ"
"202","ταύτην","DET"
"203","τὴν","DET"
"204","ἀγγελίαν","NOUN"
"205","δέξαγειτόνων","VERB"
"206","μενος","NOUN"
"207","ταχέως","ADV"
"208","ἀναστὰς","VERB"
"209","καὶ","CCONJ"
"210","λαβὼν","VERB"
"211","τὸ","DET"
"212","πάλλιον","NOUN"
"213","αὐτοῦ","PRON"
"214","ἔθηκεν","VERB"
"215","ἐν","ADP"
"216","αὐτῷ","PRON"
"217","φοίνικας","NOUN"
"218","ὡσεὶ","ADV"
"219","χεῖρας","NOUN"
"220","δύο","NUM"
"221","·","PUNCT"
"222","καὶ","CCONJ"
"223","ἐξελθὼν","VERB"
"224","λέγει","VERB"
"225","αὐτοῖς","PRON"
"226","·","PUNCT"
"227","Δεῦτε","INTJ"
"228","καὶ","CCONJ"
"229","πορευθῶμεν","VERB"
"230",".","PUNCT"
"231","Αὐτίκα","ADV"
"232","γοῦν","ADV"
"233","λαβόντες","VERB"
"234","οἱ","DET"
"235","στρατιῶται","NOUN"
"236","τὸν","DET"
"237","Ἰωάννην","PROPN"
"238",",","PUNCT"
"239","κἀμὲ","PRON"
"240","ἐπιτρέψαντες","VERB"
"241","ἀκολουθεῖν","VERB"
"242",",","PUNCT"
"243","ἐπορεύθημεν","VERB"
"244","μετὰ","ADP"
"245","σπουδῆς","NOUN"
"246",".","PUNCT"
"247","καὶ","CCONJ"
"248","ἀνύσαντες","VERB"
"249","ὁδὸν","NOUN"
"250","ἡμερῶν","NOUN"
"251","ἑπτὰ","NUM"
"252","οὐθενὸς","DET"
"253","βρώματος","NOUN"
"254","μετέλαβεν","VERB"
"255","ὁ","DET"
"256","Ἰωάννης","PROPN"
"257",".","PUNCT"
"258","ὁρῶντες","VERB"
"259","δὲ","ADV"
"260","αὐτὸν","PRON"
"261","οἱ","DET"
"262","στρατιῶται","NOUN"
"263","ἄσιτον","ADJ"
"264","διαμένοντα","VERB"
"265",",","PUNCT"
"266","ἔσχαλον","ADJ"
"267","δεδοικότες","VERB"
"268","μή","SCONJ"
"269","πως","ADV"
"270","ἐκ","ADP"
"271","τῆς","DET"
"272","πολλῆς","ADJ"
"273","ἀσιτίας","NOUN"
"274","ἀτονύσας","VERB"
"275","τῆς","DET"
"276","ζωῆς","NOUN"
"277","ἀφαιρεθῇ","VERB"
"278","καὶ","CCONJ"
"279","τούτοις","ADJ"
"280","οἴκτιστον","ADJ"
"281","θάνατον","NOUN"
"282","ὑπὸ","ADP"
"283","τοῦ","DET"
"284","βασιλέως","NOUN"
"285","ἐπάξῃ","VERB"
"286",",","PUNCT"
"287","ἐδεξιοῦντο","VERB"
"288","αὐτὸν","PRON"
"289","προσκυλινδούμενοι","VERB"
"290","τοῖς","DET"
"291","τούτου","DET"
"292","ποσὶ","NOUN"
"293","βρώσεως","NOUN"
"294","μεταλαβεῖν","VERB"
"295",".","PUNCT"
"296","ὁ","DET"
"297","δὲ","ADV"
"298","θεολόγος","PROPN"
"299","θέλων","VERB"
"300","αὐτοὺς","PRON"
"301","θεραπεῦσαι","VERB"
"302",",","PUNCT"
"303","λαβὼν","VERB"
"304","ἐκ","ADP"
"305","τῶν","DET"
"306","φοινίκων","NOUN"
"307","ὧν","PRON"
"308","εἶχε","VERB"
"309","δεδεμένων","VERB"
"310","ἐν","ADP"
"311","τῷ","DET"
"312","παλλίῳ","NOUN"
"313","αὐτοῦ","PRON"
"314","ἔφαγεν","VERB"
"315","ἔμπροσθεν","ADP"
"316","αὐτῶν","PRON"
"317",".","PUNCT"
"318","οἱ","DET"
"319","οὖν","ADV"
"320","στρατιῶται","NOUN"
"321","ἰδόντες","VERB"
"322","αὐτὸν","PRON"
"323","βρώσεαως","VERB"
"324","μεταλαβόντα","VERB"
"325","εὐθυμήσαντες","VERB"
"326","σπουδαῖοι","ADJ"
"327","τὴν","DET"
"328","πορείαν","NOUN"
"329","πρὸς","ADP"
"330","τὴν","DET"
"331","Ῥώμην","PROPN"
"332","ἐποιοῦντο","VERB"
"333",".","PUNCT"
"334","Καὶ","CCONJ"
"335","δὴ","ADV"
"336","φθάσαντες","VERB"
"337","τὴν","DET"
"338","Ῥώμην","PROPN"
"339","παρέστησαν","VERB"
"340","τὸν","DET"
"341","ἀπόστολον","NOUN"
"342","τῷ","DET"
"343","βασιλεῖ","NOUN"
"344",".","PUNCT"
"345","ὁ","DET"
"346","δὲ","ADV"
"347","ἀπόστολος","NOUN"
"348","εἰσελθὼν","VERB"
"349","ἐνώπιον","ADP"
"350","τοῦ","DET"
"351","βασιλέως","NOUN"
"352","καὶ","CCONJ"
"353","ἐγγίσας","VERB"
"354","αὐτὸν","PRON"
"355","ἐφίλησεν","VERB"
"356","αὐτὸν","PRON"
"357","κατὰ","ADP"
"358","τοῦ","DET"
"359","στέρνους","NOUN"
"360","καὶ","CCONJ"
"361","τῆς","DET"
"362","κεφαλῆς","NOUN"
"363",".","PUNCT"
"364","ὁ","DET"
"365","δὲ","ADV"
"366","βασιλεὺς","NOUN"
"367","πρὸς","ADP"
"368","αὐτὸν","PRON"
"369","ἔφη","VERB"
"370","·","PUNCT"
"371","Πῶς","ADV"
"372","σὺ","PRON"
"373","ἐμὲ","PRON"
"374","πεφίληκας","VERB"
"375",";","PUNCT"
"376","ἐγὼ","PRON"
"377","γάρ","ADV"
"378","εἰμι","AUX"
"379","ἄνθρωπος","NOUN"
"380","·","PUNCT"
"381","σὺ","PRON"
"382","δὲ","ADV"
"383","ὡς","ADV"
"384","ἀκούω","VERB"
"385","θεὸν","NOUN"
"386","ἐπουράνιον","ADJ"
"387","προσκυνεῖν","VERB"
"388","καὶ","CCONJ"
"389","σέβειν","VERB"
"390","πάντας","DET"
"391","ἀνθρώπους","NOUN"
"392","διθάσκεις","VERB"
"393",".","PUNCT"
"394","Ὁ","DET"
"395","δὲ","ADV"
"396","θεολόγος","ADJ"
"397","πρὸς","ADP"
"398","τὸν","DET"
"399","βασιλέα","NOUN"
"400","ἔφη","VERB"
"401","·","PUNCT"
"402","Ἐπειδὴ","SCONJ"
"403","γέγραπται","VERB"
"404","Καρθία","PROPN"
"405","βασιλέως","NOUN"
"406","ἐν","ADP"
"407","χειρὶ","NOUN"
"408","κυρίου","NOUN"
"409","·","PUNCT"
"410","καὶ","CCONJ"
"411","πάλιν","ADV"
"412","Χεὶρ","NOUN"
"413","κυρίου","NOUN"
"414","ἐπὶ","ADP"
"415","κορυφὴν","NOUN"
"416","βασιλέως","NOUN"
"417",",","PUNCT"
"418","τούτου","ADJ"
"419","χάριν","ADP"
"420","πεφίληκά","VERB"
"421","σου","PRON"
"422","τὸ","DET"
"423","στῆθος","NOUN"
"424","καὶ","CCONJ"
"425","τὴν","DET"
"426","κορυφήν","NOUN"
"427",".","PUNCT"
"428","Ὁ","DET"
"429","δὲ","ADV"
"430","βασιλεὺς","NOUN"
"431","ἀσμένως","ADV"
"432","δεξάμενος","VERB"
"433","τὴν","DET"
"434","ἀπόκρισιο","NOUN"
"435","τοῦ","DET"
"436","θεολόγου","ADJ"
"437","ἔφη","VERB"
"438","πρὸς","ADP"
"439","αὐτόν","PRON"
"440","·","PUNCT"
"441","Ἀγγελία","NOUN"
"442","μοι","PRON"
"443","ἦλθε","VERB"
"444","περὶ","ADP"
"445","σοῦ","PRON"
"446","ὅτιπερ","SCONJ"
"447","ἐξέστησας","VERB"
"448","ὅλον","ADJ"
"449","τὸ","DET"
"450","ἔθνος","NOUN"
"451","καὶ","CCONJ"
"452","μάλιστα","ADV"
"453","τῶν","DET"
"454","Ἐφεσίων","ADJ"
"455","ἐν","ADP"
"456","φαντασίαις","NOUN"
"457","τινὲς","DET"
"458","καὶ","CCONJ"
"459","μαγικαῖς","ADJ"
"460","χρώμενος","VERB"
"461","μαγγανείαις","NOUN"
"462","·","PUNCT"
"463","ἀλλὰ","CCONJ"
"464","καὶ","ADV"
"465","ἕτερον","ADJ"
"466","θεὸν","NOUN"
"467","κηρύττεις","VERB"
"468","καὶ","CCONJ"
"469","προσκυνεῖς","VERB"
"470","παρὰ","ADP"
"471","τοὺς","DET"
"472","ὄντας","AUX"
"473","θεοὺς","NOUN"
"474","τοὺς","DET"
"475","παῤ","ADP"
"476","ὑμῶν","PRON"
"477","σεβομένους","VERB"
"478","·","PUNCT"
"479","πλὴν","ADV"
"480","πειράσομαι","VERB"
"481","καὶ","CCONJ"
"482","γνώσομαι","VERB"
"483","εἰ","SCONJ"
"484","βοηθήσει","VERB"
"485","ὁ","DET"
"486","θεὸς","NOUN"
"487","ὃν","PRON"
"488","κηρύττεις","VERB"
"489",".","PUNCT"
"490","Εἶτα","ADV"
"491","προσκαλεσάμενος","VERB"
"492","ὁ","DET"
"493","βασιλεὺς","NOUN"
"494","μάγον","NOUN"
"495","τινὰ","DET"
"496","ἐπίσημον","ADJ"
"497","ἐργάτην","NOUN"
"498","τοῦ","DET"
"499","διαβόλου","NOUN"
"500","λέγει","VERB"
"501","αὐτῷ","PRON"
"502","·","PUNCT"
"503","Σκεύασόν","VERB"
"504","μοι","PRON"
"505","δηλητήριον","NOUN"
"506","τοιοῦτον","DET"
"507","ὥστε","SCONJ"
"508","μόνωρον","ADJ"
"509","γενέσθαι","VERB"
"510","τὸν","DET"
"511","ἁψάμενον","VERB"
"512","αὐτό","PRON"
"513",".","PUNCT"
"514","Ταῦτα","ADJ"
"515","ἀκούσας","VERB"
"516","ὁ","DET"
"517","μάγος","NOUN"
"518","παρὰ","ADP"
"519","τοῦ","DET"
"520","βασιλέως","NOUN"
"521","ἀπελθὼν","VERB"
"522","ἐποίησε","VERB"
"523","τὸ","DET"
"524","ἐπιταχθὲν","VERB"
"525","αὐτῷ","PRON"
"526","παρὰ","ADP"
"527","τοῦ","DET"
"528","βασιλέως","NOUN"
"529","καὶ","CCONJ"
"530","φέρει","VERB"
"531","αὐτῷ","PRON"
"532",",","PUNCT"
"533","καί","CCONJ"
"534","φησιν","VERB"
"535","ὁ","DET"
"536","βασιλεύς","NOUN"
"537","·","PUNCT"
"538","Δοθήτω","VERB"
"539","Ἰωάννῃ","PROPN"
"540","τῷ","DET"
"541","Γαλιλαίῳ","ADJ"
"542",".","PUNCT"
"543","Καὶ","CCONJ"
"544","γεμίσας","VERB"
"545","ὁ","DET"
"546","μάγος","NOUN"
"547","τὴν","DET"
"548","κύλικα","NOUN"
"549",",","PUNCT"
"550","ἐπιδίδωσι","VERB"
"551","τῷ","DET"
"552","θεολόγῳ","ADJ"
"553",".","PUNCT"
"554","ὃ","PRON"
"555","δὲ","ADV"
"556","δεξαμενος","VERB"
"557","τὸ","DET"
"558","φάρμακον","NOUN"
"559","καὶ","CCONJ"
"560","κατασφραγισάμενος","VERB"
"561","αὐτὸ","PRON"
"562","καὶ","CCONJ"
"563","ἐπικαλεσάμενος","VERB"
"564","τὸν","DET"
"565","κύριον","NOUN"
"566","ὑμῶν","PRON"
"567","Ἰησοῦν","PROPN"
"568","Χριστὸν","PROPN"
"569","ἔπιεν","VERB"
"570","αὐτὸ","PRON"
"571","ὥσπερ","ADV"
"572","μεθʼ","ADP"
"573","ἡδονῆς","NOUN"
"574","πολλῆς","ADJ"
"575",".","PUNCT"
"576","Αὐτοῦ","PRON"
"577","δὲ","ADV"
"578","μηδὲν","ADJ"
"579","πάσχοντος","VERB"
"580","τὸ","DET"
"581","σύνολον","ADV"
"582","ἔμεινεν","VERB"
"583","ὁ","DET"
"584","βασιλεὺς","NOUN"
"585","καὶ","CCONJ"
"586","ὁ","DET"
"587","μάγος","NOUN"
"588","καὶ","CCONJ"
"589","πάντες","DET"
"590","οἱ","DET"
"591","σὺν","ADP"
"592","αὐτοῖς","PRON"
"593","ἐννεοί","ADJ"
"594",",","PUNCT"
"595","ἐξιστάμενοι","VERB"
"596","καὶ","CCONJ"
"597","θαυμάζοντες","VERB"
"598","πῶς","ADV"
"599","ἔμεινεν","VERB"
"600","ἀβλαβὴς","ADJ"
"601","ἀπὸ","ADP"
"602","τοῦ","DET"
"603","φαρμάκου","NOUN"
"604","ὁ","DET"
"605","θεολόγος","ADJ"
"606",".","PUNCT"
"607","ἤρξατο","VERB"
"608","οὖν","ADV"
"609","μέμφεσθαι","VERB"
"610","ὁ","DET"
"611","βασιλεὺς","NOUN"
"612","τὸν","DET"
"613","μάγον","NOUN"
"614","ὡς","ADV"
"615","μὴ","ADV"
"616","σκευάσαντος","VERB"
"617","αὐτοῦ","PRON"
"618","δόκιμον","ADJ"
"619","τὸ","DET"
"620","δηλητήριον","NOUN"
"621",".","PUNCT"
"622","ὁ","DET"
"623","δὲ","ADV"
"624","θεολόγος","ADJ"
"625","λέγει","VERB"
"626","πρὸς","ADP"
"627","τὸν","DET"
"628","βασιλέα","NOUN"
"629","·","PUNCT"
"630","Βασιλεῦ","NOUN"
"631","γνῶθι","VERB"
"632","ὅτι","SCONJ"
"633","τὸ","DET"
"634","μὲν","ADV"
"635","δηλητήριον","NOUN"
"636","θόκιμόν","NOUN"
"637","ἐστιν","AUX"
"638","·","PUNCT"
"639","ἀλλ᾿","CCONJ"
"640","ὁ","DET"
"641","Χριστὸς","PROPN"
"642","καὶ","CCONJ"
"643","θεός","NOUN"
"644","μου","PRON"
"645","ὁ","DET"
"646","εἰπὼν","VERB"
"647","ἡμῖν","PRON"
"648","ὅτι","SCONJ"
"649","κἂν","SCONJ"
"650","θανάσιμόν","ADJ"
"651","τι","PRON"
"652","πίωσιν","VERB"
"653","οἱ","DET"
"654","πιστεύοντες","VERB"
"655","εἰς","ADP"
"656","αὐτόν","PRON"
"657",",","PUNCT"
"658","οὐ","ADV"
"659","μὴ","ADV"
"660","αὐτοὺς","PRON"
"661","βλάψῃ","VERB"
"662",",","PUNCT"
"663","αὐτὸς","PRON"
"664","καὶ","ADV"
"665","τοῦτο","ADJ"
"666","καὶ","CCONJ"
"667","πάσας","DET"
"668","τὰς","DET"
"669","μαγγανείας","NOUN"
"670","τοῦ","DET"
"671","διαβόλου","NOUN"
"672","καὶ","CCONJ"
"673","τῶν","DET"
"674","τούτου","DET"
"675","ὑπηρετῶν","NOUN"
"676","ἀφανεῖς","ADJ"
"677","καὶ","CCONJ"
"678","ἀθοκίμους","ADJ"
"679","ἐργάζεται","VERB"
"680",".","PUNCT"
"681","εἰ","SCONJ"
"682","δὲ","ADV"
"683","βούλει","VERB"
"684","βασιλεῦ","NOUN"
"685","τὴν","DET"
"686","ἀλήθειαν","NOUN"
"687","τῶν","DET"
"688","λεγομένων","VERB"
"689","μαθεῖν","VERB"
"690",",","PUNCT"
"691","κέλευσον","VERB"
"692","ἐνεχθῆναι","VERB"
"693","ἕνα","NUM"
"694","θέσμιον","ADJ"
"695","ἐξ","ADP"
"696","ὧν","PRON"
"697","ἔχεις","VERB"
"698","ἐν","ADP"
"699","τῷ","DET"
"700","δεσμωτηρίῳ","NOUN"
"701","·","PUNCT"
"702","καὶ","CCONJ"
"703","πειράσωμεν","VERB"
"704","τοῦ","DET"
"705","θηλητηρίου","NOUN"
"706","τὴν","DET"
"707","ἐνέργειαν","NOUN"
"708",".","PUNCT"
"709","Ὁ","DET"
"710","δὲ","ADV"
"711","βασιλεὺς","NOUN"
"712","ἀκούσας","VERB"
"713","ταῦτα","ADJ"
"714","παρὰ","ADP"
"715","τοῦ","DET"
"716","θεολόγου","NOUN"
"717","τὸ","DET"
"718","τάχος","NOUN"
"719","ἐποίησε","VERB"
"720","καὶ","CCONJ"
"721","ἤγαγεν","VERB"
"722","ἕνα","NUM"
"723","δέσμιον","NOUN"
"724","καὶ","CCONJ"
"725","λέγει","VERB"
"726","τῷ","DET"
"727","μάγῳ","PROPN"
"728","·","PUNCT"
"729","Πλήσας","VERB"
"730","τὴν","DET"
"731","κύλικα","NOUN"
"732","ἐκ","ADP"
"733","τοῦ","DET"
"734","δηλητηρίου","NOUN"
"735","θὸς","NOUN"
"736","αὐτῷ","PRON"
"737","πιεῖν","VERB"
"738",".","PUNCT"
"739","Ὁ","DET"
"740","δὲ","ADV"
"741","θεολόγος","PROPN"
"742","λέγε","VERB"
"743","·","PUNCT"
"744","Οὐχί","ADV"
"745",",","PUNCT"
"746","ἀλλὰ","CCONJ"
"747","κλύσας","VERB"
"748","τὴν","DET"
"749","φιάλην","NOUN"
"750","ἣν","PRON"
"751","ἐξέπιον","VERB"
"752","μεθ᾿","ADV"
"753","ὕθατος","NOUN"
"754","δοθήτω","VERB"
"755","αὐτῷ","PRON"
"756","·","PUNCT"
"757","καὶ","CCONJ"
"758","ἔδωμεν","VERB"
"759","τί","PRON"
"760","τὸ","DET"
"761","ἀποβησόμενον","VERB"
"762",".","PUNCT"
"763","Καὶ","CCONJ"
"764","κλύσας","VERB"
"765","τὸ","DET"
"766","ποτήριον","NOUN"
"767","μεθ᾿","ADP"
"768","ὕδατος","NOUN"
"769","ὁ","DET"
"770","μάγος","NOUN"
"771","καὶ","CCONJ"
"772","τῷ","DET"
"773","ἀνθρώπῳ","NOUN"
"774","ἐπιδώσας","VERB"
"775",",","PUNCT"
"776","παραχρῆμα","ADV"
"777","πιὼν","VERB"
"778","ἀπέψυξεν","VERB"
"779",".","PUNCT"
"780","Ἰδόντες","VERB"
"781","δὲ","ADV"
"782","ὅ","DET"
"783","τε","CCONJ"
"784","βασλεὺς","PROPN"
"785","καὶ","CCONJ"
"786","οἱ","DET"
"787","σὺν","ADP"
"788","αὐτῷ","PRON"
"789","πάντες","ADJ"
"790","ἐφοβήθησαν","VERB"
"791","σφόδρα","ADV"
"792",".","PUNCT"
"793","τότε","ADV"
"794","λέγει","VERB"
"795","ὁ","DET"
"796","θεολόγος","NOUN"
"797","·","PUNCT"
"798","Επειδὴ","SCONJ"
"799","αἴτιος","ADJ"
"800","θανάτου","NOUN"
"801","γέγονα","VERB"
"802","τοῦ","DET"
"803","ἀνθρώπου","NOUN"
"804","τούτου","DET"
"805",",","PUNCT"
"806","χρή","VERB"
"807","με","PRON"
"808","λοιπὸν","ADJ"
"809","καὶ","ADV"
"810","εὐξαμένου","VERB"
"811","μου","PRON"
"812","ἐγεῖραι","VERB"
"813","αὐτόν","PRON"
"814",".","PUNCT"
"815","Καὶ","CCONJ"
"816","στὰς","VERB"
"817","ἐπὶ","ADP"
"818","ὥραν","NOUN"
"819","μίαν","NUM"
"820","καὶ","CCONJ"
"821","εὐξάμενος","VERB"
"822","ἤγειρε","VERB"
"823","τὸν","DET"
"824","τεθνηκότα","VERB"
"825","ἔμπροσθεν","ADP"
"826","τοῦ","DET"
"827","βασιλέως","NOUN"
"828","καὶ","CCONJ"
"829","τῶν","DET"
"830","συνόντων","VERB"
"831","αὐτῷ","PRON"
"832","πάντων","DET"
"833",".","PUNCT"
"834","Τότε","ADV"
"835","ἰδὼν","VERB"
"836","ὁ","DET"
"837","βασιλεὺς","NOUN"
"838","καὶ","CCONJ"
"839","οἱ","DET"
"840","σὺν","ADP"
"841","αὐτῷ","PRON"
"842","ἐφοβήθησαν","VERB"
"843","τὸν","DET"
"844","θεὸν","NOUN"
"845","τοῦ","DET"
"846","οὐρανοῦ","NOUN"
"847","καὶ","CCONJ"
"848","ἐπίστευσαν","VERB"
"849","πολλοὶ","ADJ"
"850","τῷ","DET"
"851","θεῷ","NOUN"
"852","καὶ","CCONJ"
"853","τῷ","DET"
"854","ἀποστόλῳ","NOUN"
"855",".","PUNCT"
"856","ὁ","DET"
"857","δὲ","ADV"
"858","βασιλεὺς","NOUN"
"859","ἰδὼν","VERB"
"860","ὅτι","SCONJ"
"861","εὔλογον","ADJ"
"862","αἰτίας","NOUN"
"863","εὑρίσκει","VERB"
"864","καθʼ","ADP"
"865","ὑμῶν","PRON"
"866","λέγει","VERB"
"867","τῷ","DET"
"868","ἀποστόλῳ","NOUN"
"869","·","PUNCT"
"870","Ἐπειδὴ","SCONJ"
"871","κατηγορίας","NOUN"
"872","ἐδεξάμην","VERB"
"873","κατὰ","ADP"
"874","σοῦ","PRON"
"875","καὶ","CCONJ"
"876","θεσμοὶ","NOUN"
"877","βασιλικοί","ADJ"
"878","εἰσι","AUX"
"879","νὴ","ADV"
"880","ἀτιμωρήτους","ADJ"
"881","ἐξέρχεσθαι","VERB"
"882","τοὺς","DET"
"883","κατηγορουμένους","VERB"
"884",",","PUNCT"
"885","κελεύομέν","VERB"
"886","σε","PRON"
"887","ἐν","ADP"
"888","νήσῳ","NOUN"
"889","τινὶ","DET"
"890","ἀπενεχθῆναι","VERB"
"891","λεγομένη","VERB"
"892","Πάτμῳ","PROPN"
"893","ἄχρι","ADP"
"894","καιροῦ","NOUN"
"895",".","PUNCT"
"896","Ὁ","DET"
"897","δὲ","ADV"
"898","θεολόγος","NOUN"
"899","λέγει","VERB"
"900","αὐτῷ","PRON"
"901","·","PUNCT"
"902","Ποίει","VERB"
"903","ὃ","PRON"
"904","βούλῃ","NOUN"
"905",".","PUNCT"
"906","Ὁ","DET"
"907","δὲ","ADV"
"908","βασιλεὺς","NOUN"
"909","ἀπέστειλεν","VERB"
"910","ὑμᾶς","PRON"
"911","ἐν","ADP"
"912","τῇ","DET"
"913","νήσῳ","NOUN"
"914",",","PUNCT"
"915","τριετῆ","ADJ"
"916","χρόνον","NOUN"
"917","ποιήσαντες","VERB"
"918","ἐν","ADP"
"919","Πάτμῳ","PROPN"
"920","τοῦ","DET"
"921","δὲ","ADV"
"922","βασιλέως","NOUN"
"923","Ῥωμαίων","ADJ"
"924","τοῦ","DET"
"925","βίου","NOUN"
"926","τούτου","DET"
"927","ἐξελθόντος","VERB"
"928","κατὰ","ADP"
"929","τοὺς","DET"
"930","καιροὺς","NOUN"
"931","τῆς","DET"
"932","ἐξορίας","NOUN"
"933","Ἰωάννου","PROPN"
"934",",","PUNCT"
"935","αὐτίκα","ADV"
"936","καὶ","ADV"
"937","ὁ","DET"
"938","ἀπόστολος","NOUN"
"939","διὰ","ADP"
"940","τὸ","DET"
"941","μὴ","ADV"
"942","εἶναι","AUX"
"943","πλοῖον","NOUN"
"944","ἐν","ADP"
"945","τῇ","DET"
"946","νήσῳ","NOUN"
"947","ὅπερ","PRON"
"948","ἐξορμήσει","VERB"
"949","πρὸς","ADP"
"950","τὴν","DET"
"951","στερεὰν","ADJ"
"952","γῆν","NOUN"
"953","ξύλου","NOUN"
"954","εὐτελοῦς","ADJ"
"955","ἐπιλαβόμενος","VERB"
"956","φελλοῦ","NOUN"
"957","τοὔ","NOUN"
"958","νομα","NOUN"
"959","καὶ","CCONJ"
"960","τοῦτο","ADJ"
"961","ἐπιθήσας","VERB"
"962","ἐπὶ","ADP"
"963","τὰ","DET"
"964","νῶτα","NOUN"
"965","τῆς","DET"
"966","θαλάσσης","NOUN"
"967","καὶ","CCONJ"
"968","ἐπιβιβάσας","VERB"
"969","ἑαυτὸν","PRON"
"970","ἐπὶ","ADP"
"971","τὸ","DET"
"972","ξύλον","NOUN"
"973","κἀμὲ","CCONJ"
"974","ἐπιτρέψας","VERB"
"975","ἀνελθεῖν","VERB"
"976",",","PUNCT"
"977","εὐθυδρομεῖν","VERB"
"978","ἠπείγετο","VERB"
"979","ἄντκρυς","NOUN"
"980","τῆς","DET"
"981","τῶν","DET"
"982","Μιλησίων","ADJ"
"983","πόλεως","NOUN"
"984",".","PUNCT"
"985","ἰδοῦσα","VERB"
"986","δὲ","ADV"
"987","ἡ","DET"
"988","θάλασσα","NOUN"
"989","τὸν","DET"
"990","τοῖ","ADV"
"991","κυρίου","NOUN"
"992","ἀπόστολον","NOUN"
"993","καὶ","CCONJ"
"994","ἠγαπημένον","VERB"
"995","μαθητὴν","NOUN"
"996","καθάπερ","ADV"
"997","εὔσημος","ADJ"
"998","δούλη","NOUN"
"999","τὰ","DET"
"1000","νῶτα","NOUN"
"1001","ὑφαπλώσασα","VERB"
"1002","τοῦτον","ADJ"
"1003","μετὰ","ADP"
"1004","πάσης","DET"
"1005","εὐλαβείας","NOUN"
"1006","πρὸς","ADP"
"1007","τὴν","DET"
"1008","γῆν","NOUN"
"1009","παραστῆσαι","VERB"
"1010","ἐσπούδασεν","VERB"
"1011",".","PUNCT"
"1012","Ἀποβάντος","VERB"
"1013","δὲ","ADV"
"1014","αὐτοῦ","PRON"
"1015","ἀπὸ","ADP"
"1016","τῆς","DET"
"1017","θαλάσσης","NOUN"
"1018","ἐν","ADP"
"1019","ἀκτῇ","NOUN"
"1020","τινι","DET"
"1021","ὡς","ADV"
"1022","ἀπὸ","ADP"
"1023","ὀκτὼ","NUM"
"1024","σημείων","NOUN"
"1025","τς","ADV"
"1026","πόλεως","NOUN"
"1027","Μιλήτου","PROPN"
"1028","εὗρεν","VERB"
"1029","ἐκεῖσε","ADV"
"1030","κώμην","NOUN"
"1031","μικράν","ADJ"
"1032",".","PUNCT"
"1033","καὶ","CCONJ"
"1034","εἰσελθὼν","VERB"
"1035","ἐν","ADP"
"1036","αὐτῇ","PRON"
"1037",",","PUNCT"
"1038","καὶ","CCONJ"
"1039","καθίσαντος","VERB"
"1040","ἐπάνω","ADP"
"1041","πέτρας","NOUN"
"1042",",","PUNCT"
"1043","ὡς","ADV"
"1044","ἔθος","NOUN"
"1045","ἦν","AUX"
"1046","τῷ","DET"
"1047","ἀποστόλῳ","NOUN"
"1048","ποεῖν","VERB"
"1049","εἰς","ADP"
"1050","πάντα","DET"
"1051","τὰ","DET"
"1052","ἔθνη","NOUN"
"1053","ἃ","PRON"
"1054","ἐδίδαξε","VERB"
"1055",",","PUNCT"
"1056","πεποίηκε","VERB"
"1057","καὶ","CCONJ"
"1058","ἐν","ADP"
"1059","τῇ","DET"
"1060","κώμῃ","NOUN"
"1061","ταύτῃ","DET"
"1062",",","PUNCT"
"1063","καὶ","CCONJ"
"1064","κατεφώτισε","VERB"
"1065","πάντας","DET"
"1066","τοὺς","DET"
"1067","κατοικοῦντας","VERB"
"1068","ἐν","ADP"
"1069","αὐτῇ","PRON"
"1070","διὰ","ADP"
"1071","τῆς","DET"
"1072","αὐτοῦ","PRON"
"1073","διδασκαλίας","NOUN"
"1074",".","PUNCT"
"1075","ἶτα","CCONJ"
"1076","ἐκεῖθεν","ADV"
"1077","ἀναστὰς","VERB"
"1078","ἐπορεύετο","VERB"
"1079","πρὸς","ADP"
"1080","τὴν","DET"
"1081","τῶν","DET"
"1082","Ἐφεσίων","ADJ"
"1083","πόλιν","NOUN"
"1084",".","PUNCT"
"1085","πορευομένου","VERB"
"1086","δὲ","ADV"
"1087","αὐτοῦ","PRON"
"1088","εἰσῆλθε","VERB"
"1089","καὶ","ADV"
"1090","ἐν","ADP"
"1091","τῇ","DET"
"1092","τῶν","DET"
"1093","Μιλησίων","ADJ"
"1094","πόλει","NOUN"
"1095","·","PUNCT"
"1096","καὶ","CCONJ"
"1097","πολλὰς","ADJ"
"1098","θαυματουργίας","NOUN"
"1099","κἀκεῖσε","ADV"
"1100","ἐπιτελέσας","VERB"
"1101","τῇ","DET"
"1102","τοῦ","DET"
"1103","ἁγίου","ADJ"
"1104","πνεύματος","NOUN"
"1105","χάριτι","NOUN"
"1106","πολλοὺς","ADJ"
"1107","καὶ","CCONJ"
"1108","τῶν","DET"
"1109","ἐκεῖσε","ADV"
"1110","μαθητὰς","NOUN"
"1111","τοῦ","DET"
"1112","Χριστοῦ","PROPN"
"1113","καὶ","CCONJ"
"1114","οὐρανοπολίτας","ADJ"
"1115","εἰργάσατο","VERB"
"1116",".","PUNCT"
"1117","τινὲς","ADJ"
"1118","δὲ","ADV"
"1119","τῶν","DET"
"1120","ἐθελοκακούργων","ADJ"
"1121","ἀναστάντες","VERB"
"1122","καὶ","CCONJ"
"1123","πολλοὺς","ADJ"
"1124","πειρασμοὺς","NOUN"
"1125","τῷ","DET"
"1126","ἀποστολῳ","NOUN"
"1127","προσενέγκαντες","VERB"
"1128",",","PUNCT"
"1129","ἔτι","ADV"
"1130","μὴν","ADV"
"1131","καὶ","ADV"
"1132","δηλητήριον","NOUN"
"1133","θανάτου","NOUN"
"1134","ποτίσαντες","VERB"
"1135","αὐτόν","PRON"
"1136",",","PUNCT"
"1137","οὐδὲν","ADJ"
"1138","ἴσχυσαν","VERB"
"1139","κατʼ","ADP"
"1140","αὐτοῦ","PRON"
"1141","·","PUNCT"
"1142","αὐτὸς","PRON"
"1143","γὰρ","ADV"
"1144","παραυτὰ","ADV"
"1145","ἐξεμέσας","VERB"
"1146","τὸ","DET"
"1147","φάρμακον","NOUN"
"1148","ἔμεινεν","VERB"
"1149","ἀβλαβής","ADJ"
"1150",",","PUNCT"
"1151","καὶ","CCONJ"
"1152","λοπὸν","NOUN"
"1153","ὥδευε","VERB"
"1154","τὴν","DET"
"1155","ὀδὸν","NOUN"
"1156","αὐτοῦ","PRON"
"1157","χαίρων","VERB"
"1158",".","PUNCT"
"1159","Οἱ","DET"
"1160","δὲ","ADV"
"1161","ἄνθρες","NOUN"
"1162","τῆς","DET"
"1163","κώμης","NOUN"
"1164","ἐκείνης","DET"
"1165","ἔνθα","ADV"
"1166","κατήντησεν","VERB"
"1167","ὁ","DET"
"1168","ἀπόστολος","NOUN"
"1169","ἐξελθὼν","VERB"
"1170","ἀπὸ","ADP"
"1171","τῆς","DET"
"1172","θαλάσσης","NOUN"
"1173","ἀναστάντες","VERB"
"1174","ἤγειραν","VERB"
"1175","εὐκτήριον","NOUN"
"1176","μικρὸν","ADJ"
"1177","τοῦ","DET"
"1178","θεολόγου","PROPN"
"1179","εἰς","ADP"
"1180","μέσον","ADJ"
"1181","περιλαβόντες","VERB"
"1182","τὴν","DET"
"1183","πέτραν","NOUN"
"1184","ἔνθα","ADV"
"1185","καθεσθεὶς","VERB"
"1186","ὁ","DET"
"1187","ἀπόστολος","NOUN"
"1188","ὑπέδειξεν","VERB"
"1189","αὐτοῖς","PRON"
"1190","προσκυνεῖν","VERB"
"1191","καὶ","CCONJ"
"1192","δοξάζειν","VERB"
"1193","Χριστὸν","PROPN"
"1194","τὸν","DET"
"1195","ἀληθινὸν","ADJ"
"1196","θεὸν","NOUN"
"1197","ἡμῶν","PRON"
"1198",".","PUNCT"
"1199","ἡ","DET"
"1200","δὲ","ADV"
"1201","πέτρα","NOUN"
"1202","ἐκείνη","DET"
"1203","οὐκ","ADV"
"1204","ἐπαύσατο","VERB"
"1205","ἐκβλύζειν","VERB"
"1206","τὸ","DET"
"1207","κατὰ","ADP"
"1208","καιρὸν","NOUN"
"1209","μύρον","NOUN"
"1210","εὐωδίας","NOUN"
"1211","εἰς","ADP"
"1212","ἐπίδειξιν","NOUN"
"1213","καὶ","CCONJ"
"1214","πίστιν","NOUN"
"1215","πάντων","DET"
"1216","τῶν","DET"
"1217","πιστῶν","ADJ"
"1218",".","PUNCT"
"1219","ἐλθόντων","VERB"
"1220","δὲ","ADV"
"1221","ἡμῶν","PRON"
"1222","ἐν","ADP"
"1223","Ἐφέσῳ","PROPN"
"1224","ἐξῆλθε","VERB"
"1225","πᾶς","DET"
"1226","ὁ","DET"
"1227","λαὸς","NOUN"
"1228","εἰς","ADP"
"1229","ἀπάντησιν","NOUN"
"1230","τοῦ","DET"
"1231","ἀποστόλου","NOUN"
"1232",".","PUNCT"
"1233","Μετὰ","ADP"
"1234","δὲ","ADV"
"1235","τρεῖς","NUM"
"1236","ἡμέρας","NOUN"
"1237","ἐνεφάνισεν","VERB"
"1238","ἑαυτὸν","PRON"
"1239","ὁ","DET"
"1240","Ἰωάννης","PROPN"
"1241","τοῖς","DET"
"1242","Ἐφεσίοις","ADJ"
"1243","καὶ","CCONJ"
"1244","ἤρζατο","VERB"
"1245","διδάσκειν","VERB"
"1246","αὐτούς","PRON"
"1247",".","PUNCT"
"1248","καὶ","CCONJ"
"1249","οἳ","PRON"
"1250","μὲν","ADV"
"1251","ἐπείθοντο","VERB"
"1252","τοῖς","DET"
"1253","λεγομένοις","VERB"
"1254","ὑπʼ","ADP"
"1255","αὐτοῦ","PRON"
"1256",",","PUNCT"
"1257","οἳ","PRON"
"1258","δὲ","ADV"
"1259","μυκτηρίζοντες","VERB"
"1260","ἀνεχώρουν","VERB"
"1261",".","PUNCT"
"1262","Συνηγμένων","VERB"
"1263","οὖν","ADV"
"1264","πάντων","ADJ"
"1265","ἐν","ADP"
"1266","τῇ","DET"
"1267","ἑορτῇ","NOUN"
"1268","τῆς","DET"
"1269","μιαρᾶς","ADJ"
"1270","Ἀρτέμιδος","PROPN"
"1271","καὶ","CCONJ"
"1272","τὰς","DET"
"1273","θυσίας","NOUN"
"1274","ἐπιτελούντων","VERB"
"1275","—","SCONJ"
"1276","τὸν","DET"
"1277","γὰρ","ADV"
"1278","ναὸν","NOUN"
"1279","αὐτῆς","PRON"
"1280","καταστραφέντα","VERB"
"1281","ὑπὸ","ADP"
"1282","Ἰωάννου","PROPN"
"1283","ὄντων","AUX"
"1284","ἡμῶν","PRON"
"1285","ἐν","ADP"
"1286","τῇ","DET"
"1287","ἐξορίᾳ","NOUN"
"1288","οὗτοι","ADJ"
"1289","πάλιν","ADV"
"1290","ἀνοικοδόμησαν","VERB"
"1291","—","SCONJ"
"1292","ὁ","DET"
"1293","δὲ","ADV"
"1294","Ἰωάννης","PROPN"
"1295","ἐν","ADP"
"1296","τῇ","DET"
"1297","ἑορτῇ","NOUN"
"1298","αὐτῶν","PRON"
"1299","ἔστη","VERB"
"1300","ἐφʼ","ADP"
"1301","ὑψηλοῦ","ADJ"
"1302","τόπου","NOUN"
"1303","καὶ","CCONJ"
"1304","ἐδίδασκεν","VERB"
"1305","τοὺς","DET"
"1306","ὄχλους","NOUN"
"1307","ἀποστῆναι","VERB"
"1308","τῆς","DET"
"1309","μυσαρᾶς","ADJ"
"1310","θυσίας","NOUN"
"1311",".","PUNCT"
"1312","οἳ","PRON"
"1313","δὲ","ADV"
"1314","οὐκ","ADV"
"1315","ἠνέσχοντο","VERB"
"1316","ἀκοῦσαι","VERB"
"1317","αὐτοῦ","PRON"
"1318","λέγοντες","VERB"
"1319","·","PUNCT"
"1320","Τίς","PRON"
"1321","σε","PRON"
"1322","ἥφερεν","VERB"
"1323","ὧδε","ADV"
"1324","μάγε","PROPN"
"1325",";","PUNCT"
"1326","μὴ","ADV"
"1327","καὶ","ADV"
"1328","τοῦτον","DET"
"1329","τὸν","DET"
"1330","ναόν","NOUN"
"1331",",","PUNCT"
"1332","ὃν","PRON"
"1333","μετὰ","ADP"
"1334","πολλοῦ","ADJ"
"1335","κόπου","NOUN"
"1336","οἰκοδομήσαμεν","VERB"
"1337",",","PUNCT"
"1338","βούλει","VERB"
"1339","καταστρέψαι","VERB"
"1340","ὃν","PRON"
"1341","τρόπον","NOUN"
"1342","καὶ","ADV"
"1343","πρότερον","ADJ"
"1344","πεποίηκας","VERB"
"1345",";","PUNCT"
"1346","Ὁ","DET"
"1347","δὲ","ADV"
"1348","Ἰωάννης","PROPN"
"1349","ἔφη","VERB"
"1350","πρὸς","ADP"
"1351","αὐτούς","PRON"
"1352","·","PUNCT"
"1353","Οὐ","ADV"
"1354","μόνον","ADJ"
"1355","ὁ","DET"
"1356","ναὸς","NOUN"
"1357","ὑμῶν","PRON"
"1358","ἀφίεται","VERB"
"1359","ἔρημος","ADJ"
"1360",",","PUNCT"
"1361","ἀλλὰ","CCONJ"
"1362","καὶ","ADV"
"1363","ὑμεῖς","PRON"
"1364","καὶ","CCONJ"
"1365","τὰ","DET"
"1366","τέκνα","NOUN"
"1367","ὑμῶν","PRON"
"1368","πανολεθρίᾳ","NOUN"
"1369","παραδοθήσεσθε","VERB"
"1370",",","PUNCT"
"1371","ἐὰν","SCONJ"
"1372","μὴ","ADV"
"1373","ἐπιγνῶτε","VERB"
"1374","τὸν","DET"
"1375","ὄντως","ADV"
"1376","ὄντα","AUX"
"1377","θεόν","NOUN"
"1378",",","PUNCT"
"1379","τὸν","DET"
"1380","κύριον","NOUN"
"1381","ἡμῶν","PRON"
"1382","Ἰησοῦν","PROPN"
"1383","Χριστόν","PROPN"
"1384",".","PUNCT"
"1385","Πλησθέντες","VERB"
"1386","δὲ","ADV"
"1387","θυνοῦ","NOUN"
"1388","καὶ","CCONJ"
"1389","καταγαγόντες","VERB"
"1390","αὐτὸν","PRON"
"1391","τύπτοντες","VERB"
"1392","ἔσυραν","VERB"
"1393","ἀνηλεῶς","ADV"
"1394",".","PUNCT"
"1395","κείμενος","VERB"
"1396","δὲ","ADV"
"1397","ὁ","DET"
"1398","ἀπόστολος","NOUN"
"1399","τοῦ","DET"
"1400","Χριστοῦ","PROPN"
"1401","ἐπὶ","ADP"
"1402","τὴν","DET"
"1403","γῆν","NOUN"
"1404","προσηύξατο","VERB"
"1405","λέγων","VERB"
"1406","·","PUNCT"
"1407","Κύριε","NOUN"
"1408","Ἰησοῦ","PROPN"
"1409","Χριστέ","PROPN"
"1410",",","PUNCT"
"1411","καταπέσοι","VERB"
"1412","τὸ","DET"
"1413","ἱερὸν","NOUN"
"1414","τῆς","DET"
"1415","μιαρᾶς","ADJ"
"1416","Ἀρτέμιδος","PROPN"
"1417","καὶ","CCONJ"
"1418","ἔμβαλε","VERB"
"1419","εὐθύτητα","NOUN"
"1420","εἰς","ADP"
"1421","τὰς","DET"
"1422","καρδίας","NOUN"
"1423","τοῦ","DET"
"1424","λαοῦ","NOUN"
"1425","τούτου","DET"
"1426",",","PUNCT"
"1427","ἐπιγνῶναι","VERB"
"1428","σὲ","PRON"
"1429","τὸν","DET"
"1430","ἀληθινὸν","ADJ"
"1431","θεὸν","NOUN"
"1432","καὶ","CCONJ"
"1433","ὃν","PRON"
"1434","ἀπέστειλας","VERB"
"1435","υἱόν","NOUN"
"1436","σου","PRON"
"1437","μονογενῆ","ADJ"
"1438","Ἰησοῦν","PROPN"
"1439","Χριστὸν","PROPN"
"1440","σωτῆρα","NOUN"
"1441","τοῦ","DET"
"1442","κόσμου","NOUN"
"1443",".","PUNCT"
"1444","Καὶ","CCONJ"
"1445","εὐθέως","ADV"
"1446","σεισμὸς","NOUN"
"1447","ἐγένετο","VERB"
"1448","καὶ","CCONJ"
"1449","βροντὴ","NOUN"
"1450","φοβερὰ","ADJ"
"1451","καὶ","CCONJ"
"1452","κατεστράφη","VERB"
"1453","ὁ","DET"
"1454","ναὸς","NOUN"
"1455","τῆς","DET"
"1456","Ἀρτέμιδος","PROPN"
"1457","ἄνω","ADV"
"1458","κάτω","ADV"
"1459",",","PUNCT"
"1460","καὶ","CCONJ"
"1461","τὰ","DET"
"1462","εἴδωλα","NOUN"
"1463","πάντα","DET"
"1464","συνετρίβησαν","VERB"
"1465",",","PUNCT"
"1466","καὶ","CCONJ"
"1467","πλῆθος","NOUN"
"1468","τοῦ","DET"
"1469","λαοῦ","NOUN"
"1470","ἐκ","ADP"
"1471","τοῦ","DET"
"1472","φόβου","NOUN"
"1473","ἀπέθανον","VERB"
"1474",".","PUNCT"
"1475","ἰδόντες","VERB"
"1476","δὲ","ADV"
"1477","οἱ","DET"
"1478","λοιποὶ","ADJ"
"1479","τὸ","DET"
"1480","γεγονὸς","VERB"
"1481","εἶπον","VERB"
"1482","·","PUNCT"
"1483","Οὐαὶ","INTJ"
"1484","ἡμῖν","PRON"
"1485","·","PUNCT"
"1486","ἕως","ADP"
"1487","πότε","ADV"
"1488","παροργίζομεν","VERB"
"1489","τὸν","DET"
"1490","θεὸν","NOUN"
"1491","ἀνεχόμενος","VERB"
"1492","ἐπὶ","ADP"
"1493","ταῖς","DET"
"1494","κακίαις","NOUN"
"1495","ἡμῶν","PRON"
"1496",";","PUNCT"
"1497","μή","ADV"
"1498","ποτε","ADV"
"1499","ἐν","ADP"
"1500","τῇ","DET"
"1501","ἀπιστίᾳ","NOUN"
"1502","ἡμῶν","PRON"
"1503","πανολεθρίᾳ","NOUN"
"1504","παραπέμψει","VERB"
"1505","ἡμᾶς","PRON"
"1506","καὶ","CCONJ"
"1507","τὴν","DET"
"1508","πόλιον","NOUN"
"1509","ἡμῶν","PRON"
"1510",".","PUNCT"
"1511","Καὶ","CCONJ"
"1512","ἐλθόντες","VERB"
"1513","ἅπαντες","ADJ"
"1514","ὁμοθυμαδὸν","ADV"
"1515","κράζοντες","VERB"
"1516","καὶ","CCONJ"
"1517","λέγοντες","VERB"
"1518","·","PUNCT"
"1519","Μηδαμῶς","ADV"
"1520","ἀπολλώμεθα","VERB"
"1521","δοῦλε","NOUN"
"1522","τοῦ","DET"
"1523","θεοῦ","NOUN"
"1524",",","PUNCT"
"1525","ἀλλʼ","CCONJ"
"1526","εὖξαι","VERB"
"1527","ὑπὲρ","ADP"
"1528","ἡμῶν","PRON"
"1529",".","PUNCT"
"1530","νῦν","ADV"
"1531","ἔγνωμεν","VERB"
"1532","ὅτι","SCONJ"
"1533","παρὰ","ADP"
"1534","θεοῦ","NOUN"
"1535","ἀπεστάλης","VERB"
"1536","ἐπὶ","ADP"
"1537","σωτηρίᾳ","NOUN"
"1538","ἡμῶν","PRON"
"1539","καὶ","CCONJ"
"1540","μέγας","ADJ"
"1541","ἐστὶν","AUX"
"1542","ὁ","DET"
"1543","θεὸς","NOUN"
"1544","ὃν","PRON"
"1545","κηρύττεις","VERB"
"1546","καὶ","CCONJ"
"1547","οὐκ","ADV"
"1548","ἔστιν","AUX"
"1549","θεὸς","NOUN"
"1550","πλὴν","ADP"
"1551","αὐτοῦ","PRON"
"1552",".","PUNCT"
"1553","Τότε","ADV"
"1554","ἀναστὰς","VERB"
"1555","ὁ","DET"
"1556","ἀπόστολος","NOUN"
"1557","εὐλογήσας","VERB"
"1558","αὐτοὺς","PRON"
"1559","καὶ","CCONJ"
"1560","ἱκανῶς","ADV"
"1561","διδάξας","VERB"
"1562","καθʼ","ADP"
"1563","ἑκάστην","ADJ"
"1564","ἡμέραν","NOUN"
"1565","ἐβάπτιζεν","VERB"
"1566","χιλιάδας","NOUN"
"1567","καὶ","CCONJ"
"1568","ἑκατοντάδας","NOUN"
"1569",".","PUNCT"
"1570","Καὶ","CCONJ"
"1571","πάντες","ADJ"
"1572","ἔφερον","VERB"
"1573","τὰ","DET"
"1574","εἴδωλα","NOUN"
"1575","αὐτῶν","PRON"
"1576","καὶ","CCONJ"
"1577","συνέτριβον","VERB"
"1578","αὐτὰ","PRON"
"1579","πρὸ","ADP"
"1580","προσώπου","NOUN"
"1581","Ἰωάννου","PROPN"
"1582",".","PUNCT"
"1583","προσελθὼν","VERB"
"1584","δὲ","ADV"
"1585","Ἰωάννης","PROPN"
"1586","καὶ","ADV"
"1587","ἐπὶ","ADP"
"1588","τοῖς","DET"
"1589","τεθνήξασιν","VERB"
"1590","ἀνθρώποις","NOUN"
"1591","προσευξάμενος","VERB"
"1592","ἀνέστησεν","VERB"
"1593","αὐτούς","PRON"
"1594",".","PUNCT"
"1595","καὶ","CCONJ"
"1596","οὐκέτι","ADV"
"1597","λοιπὸν","ADJ"
"1598","ἦν","AUX"
"1599","ἐν","ADP"
"1600","αὐτοῖς","PRON"
"1601","σκάνδαλον","NOUN"
"1602",",","PUNCT"
"1603","ἀλλὰ","CCONJ"
"1604","πᾶσα","DET"
"1605","πόλις","NOUN"
"1606","ἀπὸ","ADP"
"1607","μικροῦ","ADJ"
"1608","ἕως","ADP"
"1609","μεγάλου","ADJ"
"1610","γεγόνασιν","VERB"
"1611","χριστιανοί","NOUN"
"1612",",","PUNCT"
"1613","οὐ","ADV"
"1614","μὴν","ADV"
"1615","ἀλλὰ","CCONJ"
"1616","καὶ","ADV"
"1617","πᾶσα","DET"
"1618","ἡ","DET"
"1619","περίχωρος","NOUN"
"1620","·","PUNCT"
"1621","καὶ","CCONJ"
"1622","ἦν","AUX"
"1623","Ἰωάννης","PROPN"
"1624","οἰκοδομῶν","VERB"
"1625","ναοὺς","NOUN"
"1626","καὶ","CCONJ"
"1627","καταρτίζων","VERB"
"1628","ἱερεῖς","NOUN"
"1629","καὶ","CCONJ"
"1630","ἐπισκόπους","NOUN"
"1631","καὶ","CCONJ"
"1632","πρεσβυτέρους","ADJ"
"1633","καὶ","CCONJ"
"1634","θεραπεύων","VERB"
"1635","πᾶσαν","DET"
"1636","νόσον","NOUN"
"1637","καὶ","CCONJ"
"1638","πᾶσαν","DET"
"1639","μαλακίαν","NOUN"
"1640","ἐν","ADP"
"1641","τῷ","DET"
"1642","λαῷ","NOUN"
"1643",".","PUNCT"
"1644","Εἶθ᾿","ADV"
"1645","οὕτως","ADV"
"1646","ἐν","ADP"
"1647","τῇ","DET"
"1648","Σμυρναίων","ADJ"
"1649","πόλει","NOUN"
"1650","ἀπελθόντων","VERB"
"1651","ὑμῶν","PRON"
"1652","πάντα","DET"
"1653","τὰ","DET"
"1654","εἴδωλα","NOUN"
"1655","συνετρίβησαν","VERB"
"1656","τῇ","DET"
"1657","δυνάμει","NOUN"
"1658","τοῦ","DET"
"1659","Χριστοῦ","PROPN"
"1660",".","PUNCT"
"1661","καὶ","CCONJ"
"1662","καθιερώσας","VERB"
"1663","ναοὺς","NOUN"
"1664","ὁ","DET"
"1665","ἀπόστολος","NOUN"
"1666","τοῦ","DET"
"1667","Χλριστοῦ","PROPN"
"1668","καὶ","CCONJ"
"1669","κατηχήσας","VERB"
"1670","αὐτοὺς","PRON"
"1671","ἐβάπτισεν","VERB"
"1672","ἅπαντας","ADJ"
"1673","καὶ","CCONJ"
"1674","πᾶσαν","DET"
"1675","τὴν","DET"
"1676","παράλιον","ADJ"
"1677","ἐκείνην","DET"
"1678",",","PUNCT"
"1679","καταλιπὼν","VERB"
"1680","ἐκεῖσε","ADV"
"1681","πρόεδρον","NOUN"
"1682","Βούκολον","NOUN"
"1683","καὶ","CCONJ"
"1684","Πολύκαρπον","PROPN"
"1685","τοὺς","DET"
"1686","αὐτοῦ","PRON"
"1687","μαθητὰς","NOUN"
"1688","καὶ","CCONJ"
"1689","Ἀνδρόνικον","PROPN"
"1690",".","PUNCT"
"1691","Καὶ","CCONJ"
"1692","ἦσαν","AUX"
"1693","ἐκεῖ","ADV"
"1694","δύο","NUM"
"1695","ἱερεῖς","NOUN"
"1696","τῆς","DET"
"1697","Ἀρτέμιθος","PROPN"
"1698","ἀδελφοὶ","NOUN"
"1699","τυγχάνοντες","VERB"
"1700","σαρκικοί","ADJ"
"1701",".","PUNCT"
"1702","συνέβη","VERB"
"1703","οὖν","ADV"
"1704","τὸν","DET"
"1705","ἕνα","NUM"
"1706","τελευτῆσαι","VERB"
"1707","·","PUNCT"
"1708","καὶ","CCONJ"
"1709","δραμὼν","VERB"
"1710","ὁ","DET"
"1711","ἕτερος","ADJ"
"1712","πρὸς","ADP"
"1713","Ἰωάννην","PROPN"
"1714","λέγων","VERB"
"1715","ἐν","ADP"
"1716","ἑαυτῷ","PRON"
"1717","·","PUNCT"
"1718","Πάντως","ADV"
"1719","ἐμοῦ","PRON"
"1720","πιστεύοντος","VERB"
"1721","καὶ","CCONJ"
"1722","τὴν","DET"
"1723","ἐμαυτοῦ","PRON"
"1724","ψυχὴν","NOUN"
"1725","διασῴσαντος","VERB"
"1726","οὐκ","ADV"
"1727","ἀντερεῖ","VERB"
"1728","ὁ","DET"
"1729","Ἰωάννης","PROPN"
"1730","ἀναστῆσαι","VERB"
"1731","νεκρὸν","ADJ"
"1732","τὸν","DET"
"1733","ἀδελφόν","NOUN"
"1734","μου","PRON"
"1735",".","PUNCT"
"1736","Καὶ","CCONJ"
"1737","ἡνίκα","SCONJ"
"1738","ἤγγισεν","VERB"
"1739","πρὸς","ADP"
"1740","Ἰωάννην","PROPN"
"1741",",","PUNCT"
"1742","εἶπεν","VERB"
"1743","πρὸς","ADP"
"1744","αὐτόν","PRON"
"1745","·","PUNCT"
"1746","Οὐ","ADV"
"1747","ταῦτα","ADJ"
"1748","ἐνεθυμήθης","VERB"
"1749","τέκνον","NOUN"
"1750",";","PUNCT"
"1751","ὄντως","ADV"
"1752",",","PUNCT"
"1753","καὶ","CCONJ"
"1754","καλὴν","ADJ"
"1755","βουλὴν","NOUN"
"1756","ἐποιήσῳ","VERB"
"1757",".","PUNCT"
"1758","Τρόμος","NOUN"
"1759","δὲ","ADV"
"1760","καὶ","CCONJ"
"1761","φρίκη","NOUN"
"1762","κατέσχεν","VERB"
"1763","τὸν","DET"
"1764","ἱερέα","NOUN"
"1765","ὅτι","SCONJ"
"1766","οὕτως","ADV"
"1767","εἶπεν","VERB"
"1768","αὐτὸν","PRON"
"1769","ῥᾳδίως","ADV"
"1770","ὁ","DET"
"1771","ἀπόστολος","NOUN"
"1772","τοῦ","DET"
"1773","Χριστοῦ","PROPN"
"1774","τὰ","DET"
"1775","ἐνθυμήματα","NOUN"
"1776","αὐτοῦ","PRON"
"1777",".","PUNCT"
"1778","Τότε","ADV"
"1779","λαβόμενος","VERB"
"1780","αὐτοῦ","PRON"
"1781","τῆς","DET"
"1782","χερὸς","NOUN"
"1783","ἀνῆλθεν","VERB"
"1784","ἐν","ADP"
"1785","ᾧ","PRON"
"1786","τὸ","DET"
"1787","πτῶμα","NOUN"
"1788","ἦν","AUX"
"1789","τοῦ","DET"
"1790","τεθνηκότος","VERB"
"1791",",","PUNCT"
"1792","ὄχλου","NOUN"
"1793","πολλοῦ","ADJ"
"1794","περιόντος","VERB"
"1795",",","PUNCT"
"1796","καὶ","CCONJ"
"1797","κρατήσας","VERB"
"1798","τῇς","DET"
"1799","χειρὸς","NOUN"
"1800","αὐτοῦ","PRON"
"1801","εἶπεν","VERB"
"1802","·","PUNCT"
"1803","Ἀνάστα","VERB"
"1804","ὁ","DET"
"1805","καθεύδων","VERB"
"1806","ἐν","ADP"
"1807","τῷ","DET"
"1808","ὀνόματι","NOUN"
"1809","Ἰησοῦ","PROPN"
"1810","Χριστοῦ","PROPN"
"1811","τοῦ","DET"
"1812","Ναζωραίου","ADJ"
"1813","·","PUNCT"
"1814","Καὶ","CCONJ"
"1815","εὐθέως","ADV"
"1816","ἀνέστη","VERB"
"1817","ὁ","DET"
"1818","ἱερεὐς","NOUN"
"1819","ὑγιής","ADJ"
"1820",".","PUNCT"
"1821","τοῦ","DET"
"1822","δὲ","ADV"
"1823","ὄχλου","NOUN"
"1824","θαυμάζοντος","VERB"
"1825","καὶ","CCONJ"
"1826","κράζοντος","VERB"
"1827","·","PUNCT"
"1828","Μέγας","ADJ"
"1829","ὁ","DET"
"1830","θεὸς","NOUN"
"1831","Ἰωάννου","PROPN"
"1832","·","PUNCT"
"1833","ἐπιλαβόμενος","VERB"
"1834","αὐτοὺς","PRON"
"1835","ὁ","DET"
"1836","Ἰωάννης","PROPN"
"1837","καὶ","CCONJ"
"1838","κατηχήσας","VERB"
"1839","ἐβάπτισεν","VERB"
"1840","εἰς","ADP"
"1841","τὸ","DET"
"1842","ὄνομα","NOUN"
"1843","τοῦ","DET"
"1844","πατρὸς","NOUN"
"1845","καὶ","CCONJ"
"1846","τοῦ","DET"
"1847","υὑοῦ","NOUN"
"1848","καὶ","CCONJ"
"1849","τοῦ","DET"
"1850","ἁγίου","ADJ"
"1851","πνεύματος","NOUN"
"1852","σὺν","ADP"
"1853","πολλῷ","ADJ"
"1854","πλείονι","ADJ"
"1855","ὄχλῳ","NOUN"
"1856",".","PUNCT"
"1857","ἐμείναμεν","VERB"
"1858","δὲ","ADV"
"1859","ἐν","ADP"
"1860","ταῖς","DET"
"1861","πέριξ","ADP"
"1862","χώραις","NOUN"
"1863","ἔτη","NOUN"
"1864","δ΄","CCONJ"
"1865","βαπτίζοντες","VERB"
"1866","καὶ","CCONJ"
"1867","καταρτίζοντες","VERB"
"1868","ἱερεῖς","NOUN"
"1869","καὶ","CCONJ"
"1870","θεραπεύοντες","VERB"
"1871","πᾶσαν","DET"
"1872","νόσον","NOUN"
"1873","καὶ","CCONJ"
"1874","πᾶσαν","DET"
"1875","μαλακίαν","NOUN"
"1876",",","PUNCT"
"1877","πάντων","DET"
"1878","πιστευσάντων","VERB"
"1879","ἀπὸ","ADP"
"1880","θάλασσαν","NOUN"
"1881","ἕως","ADP"
"1882","θάλασσαν","NOUN"
"1883","·","PUNCT"
"1884","καὶ","CCONJ"
"1885","μετὰ","ADP"
"1886","ταῦτα","ADJ"
"1887","ὑπεστρέψαμεν","VERB"
"1888","ἐν","ADP"
"1889","Ἐφέσῳ","PROPN"
"1890","δοξάζοντες","VERB"
"1891","τὸν","DET"
"1892","θεόν","NOUN"
"1893",".","PUNCT"
"1894","Μετὰ","ADP"
"1895","οὖν","ADV"
"1896","ἡμέρας","NOUN"
"1897","τινὰς","DET"
"1898","κατὰ","ADP"
"1899","θείαν","ADJ"
"1900","ἀποκάλυψιν","NOUN"
"1901","ἐξῆλθεν","VERB"
"1902","ὁ","DET"
"1903","Ἰωάννης","PROPN"
"1904","ἔν","ADP"
"1905","τινι","DET"
"1906","κώμῃ","NOUN"
"1907","εἰς","ADP"
"1908","ἐπίσκεψιν","NOUN"
"1909","τῶν","DET"
"1910","ἀδελφῶν","NOUN"
"1911",".","PUNCT"
"1912","καὶ","CCONJ"
"1913","ἦν","AUX"
"1914","ἐκεῖ","ADV"
"1915","τις","DET"
"1916","νεανίας","NOUN"
"1917","χωρικός","ADJ"
"1918",",","PUNCT"
"1919","νουθετούμενος","VERB"
"1920","πολλάκις","ADV"
"1921","παρὰ","ADP"
"1922","τοῦ","DET"
"1923","ἰδίου","ADJ"
"1924","πατρὸς","NOUN"
"1925","ἵνα","SCONJ"
"1926","μὴ","ADV"
"1927","λάβῃ","VERB"
"1928","τοῦ","DET"
"1929","συνεργοῦ","ADJ"
"1930","τὴν","DET"
"1931","γυναῖκα","NOUN"
"1932","·","PUNCT"
"1933","φθόνῳ","NOUN"
"1934","δὲ","ADV"
"1935","διαβόλῳ","NOUN"
"1936","κινηθείς","VERB"
"1937",",","PUNCT"
"1938","μὴ","ADV"
"1939","φέρων","VERB"
"1940","ὁ","DET"
"1941","παῖς","NOUN"
"1942","τὴν","DET"
"1943","τοῦ","DET"
"1944","πατρὸς","NOUN"
"1945","νουθεσίαν","NOUN"
"1946",",","PUNCT"
"1947","λακτίσας","VERB"
"1948","αὐτὸν","PRON"
"1949","ἄφνω","ADV"
"1950","ἔθηκεν","VERB"
"1951","ἐπὶ","ADP"
"1952","τὴν","DET"
"1953","γῆν","NOUN"
"1954","νεκρόν","ADJ"
"1955",".","PUNCT"
"1956","τοῦτον","ADJ"
"1957","οὖν","ADV"
"1958","ὁ","DET"
"1959","Ἰωάννης","PROPN"
"1960","ἰδὼν","VERB"
"1961","εἶπεν","VERB"
"1962","·","PUNCT"
"1963","Ὦ","INTJ"
"1964","κύριε","NOUN"
"1965",",","PUNCT"
"1966","σήμερον","ADV"
"1967","ἕνεκεν","ADP"
"1968","τούτου","ADJ"
"1969","με","PRON"
"1970","ἐκάλεσας","VERB"
"1971","ἐνθάδε","ADV"
"1972",";","PUNCT"
"1973","Ὁ","DET"
"1974","δὲ","ADV"
"1975","νεανίας","NOUN"
"1976","ὁρῶν","VERB"
"1977","τὸν","DET"
"1978","ἄωρον","ADJ"
"1979","θάνατον","NOUN"
"1980","τοῦ","DET"
"1981","πατρὸς","NOUN"
"1982","αὐτοῦ","PRON"
"1983",",","PUNCT"
"1984","προσδοκῶν","VERB"
"1985","συλληφθῆναι","VERB"
"1986","καὶ","CCONJ"
"1987","ἀντιφονευθῆναι","VERB"
"1988",",","PUNCT"
"1989","τὴν","DET"
"1990","λύπην","NOUN"
"1991","μὴ","ADV"
"1992","φέρων","VERB"
"1993",",","PUNCT"
"1994","ὃ","PRON"
"1995","ἐπεφέρετο","VERB"
"1996","δρέπανον","NOUN"
"1997","τρέχων","VERB"
"1998","ἐν","ADP"
"1999","τῇ","DET"
"2000","οἰκίᾳ","NOUN"
"2001","ἠβουλήθη","VERB"
"2002","σφάξαι","VERB"
"2003","τὴν","DET"
"2004","γυναῖκα","NOUN"
"2005",",","PUNCT"
"2006","εἶθ᾿","ADV"
"2007","οὕτως","ADV"
"2008","ἑαυτόν","PRON"
"2009",".","PUNCT"
"2010","τοῦτον","ADJ"
"2011","οὖν","ADV"
"2012","ἰδὼν","VERB"
"2013","ὁ","DET"
"2014","Ἰωάννης","PROPN"
"2015","τρέχοντα","VERB"
"2016","καὶ","CCONJ"
"2017","γνοὺς","VERB"
"2018","τῷ","DET"
"2019","πνεύματι","NOUN"
"2020","εἶπεν","VERB"
"2021","πρὸς","ADP"
"2022","αὐτόν","PRON"
"2023","·","PUNCT"
"2024","Στῆθι","VERB"
"2025","δαῖμον","NOUN"
"2026","καὶ","CCONJ"
"2027","ἀνάγγειλόν","VERB"
"2028","μοι","PRON"
"2029","τί","PRON"
"2030","τρέχεις","VERB"
"2031",".","PUNCT"
"2032","Ὁ","DET"
"2033","δὲ","ADV"
"2034","παῖς","NOUN"
"2035","τρέμων","VERB"
"2036","καὶ","CCONJ"
"2037","κλαίων","VERB"
"2038","διηγήσατο","VERB"
"2039","τὸν","DET"
"2040","Ἰωάννην","PROPN"
"2041","ὅτι","SCONJ"
"2042","Πατρὸς","NOUN"
"2043","φονεὺς","NOUN"
"2044","γέγονα","VERB"
"2045","ὁ","DET"
"2046","ταλαίπωρος","ADJ"
"2047","·","PUNCT"
"2048","καὶ","CCONJ"
"2049","ἰδοὺ","INTJ"
"2050","διὰ","ADP"
"2051","τὴν","DET"
"2052","πολλὴν","ADJ"
"2053","θλῖψιν","NOUN"
"2054","μέλλω","VERB"
"2055","καὶ","ADV"
"2056","ἣν","PRON"
"2057","ἐμοίχευσα","VERB"
"2058","γυναῖκα","NOUN"
"2059","ἀνελεῖν","VERB"
"2060","καὶ","CCONJ"
"2061","ἐμαυτόν","PRON"
"2062",".","PUNCT"
"2063","ἀλλ᾿","CCONJ"
"2064","εἴ","SCONJ"
"2065","τι","ADJ"
"2066","δύνασαι","VERB"
"2067",",","PUNCT"
"2068","βοήθησον","VERB"
"2069","ἡμῖν","PRON"
"2070","μαθητὰ","NOUN"
"2071","τοῦ","DET"
"2072","Χριστοῦ","PROPN"
"2073",",","PUNCT"
"2074","ἐὰν","SCONJ"
"2075","οὖν","ADV"
"2076","τοῦτον","ADJ"
"2077","ἀναστήσῃς","VERB"
"2078",",","PUNCT"
"2079","ἀπὸ","ADP"
"2080","τοῦ","DET"
"2081","λοιποῦ","ADJ"
"2082","ἀποστήσομαι","VERB"
"2083","τὸ","DET"
"2084","κακὸν","ADJ"
"2085",".","PUNCT"
"2086","Τοῦ","DET"
"2087","δὲ","ADV"
"2088","Ἰωάννου","PROPN"
"2089","εἰπόντος","VERB"
"2090","πρὸς","ADP"
"2091","αὐτὸν","PRON"
"2092","Οὐδὲ","ADV"
"2093","τὰς","DET"
"2094","πολιὰς","NOUN"
"2095","τοῦ","DET"
"2096","πατρός","NOUN"
"2097","σου","PRON"
"2098","ᾤκτιρας","VERB"
"2099","ταλαίπωρε","ADJ"
"2100",";","PUNCT"
"2101","εἰς","ADP"
"2102","τὸν","DET"
"2103","οὐρανὸν","NOUN"
"2104","ἀναβλέψας","VERB"
"2105","καὶ","CCONJ"
"2106","στενάξας","VERB"
"2107","εἶπεν","VERB"
"2108","·","PUNCT"
"2109","Κύριε","NOUN"
"2110","σοῦ","PRON"
"2111","μόνου","ADJ"
"2112","ἐστὶν","AUX"
"2113","τὸ","DET"
"2114","ἔργον","NOUN"
"2115","τοῦτο","DET"
"2116",".","PUNCT"
"2117","Καὶ","CCONJ"
"2118","κρατήσας","VERB"
"2119","τῆς","DET"
"2120","χειρὸς","NOUN"
"2121","τοῦ","DET"
"2122","τεθνηκότος","VERB"
"2123","εἶπεν","VERB"
"2124","·","PUNCT"
"2125","Ἐν","ADP"
"2126","τῷ","DET"
"2127","ὀνόματι","NOUN"
"2128","Ἰησοῦ","PROPN"
"2129","Χριστοῦ","PROPN"
"2130","τοῦ","DET"
"2131","υἱοῦ","NOUN"
"2132","τοῦ","DET"
"2133","θεοῦ","NOUN"
"2134","ἀνάστα","VERB"
"2135",".","PUNCT"
"2136","Καὶ","CCONJ"
"2137","εὐθέως","ADV"
"2138","ἀνέστη","VERB"
"2139",".","PUNCT"
"2140","Ἰδὼν","VERB"
"2141","δὲ","ADV"
"2142","ὁ","DET"
"2143","παῖς","NOUN"
"2144","τὴν","DET"
"2145","παρʼ","ADP"
"2146","ἐλπίδα","NOUN"
"2147","ἀναβίωσιν","NOUN"
"2148","τοῦ","DET"
"2149","πατρὸς","NOUN"
"2150","αὐτοῦ","PRON"
"2151","καὶ","CCONJ"
"2152","τὴν","DET"
"2153","ἑαυτοῦ","PRON"
"2154","σωτηρίαν","NOUN"
"2155",",","PUNCT"
"2156","λαβὼν","VERB"
"2157","τὸ","DET"
"2158","δρέπανον","NOUN"
"2159","τὰ","DET"
"2160","ἑαυτοῦ","PRON"
"2161","μόρια","NOUN"
"2162","ἀφείλετο","VERB"
"2163","·","PUNCT"
"2164","καὶ","CCONJ"
"2165","δραμὼν","VERB"
"2166","εἰς","ADP"
"2167","τὴν","DET"
"2168","οἰκίαν","NOUN"
"2169","εἰς","ADP"
"2170","ὄψιν","NOUN"
"2171","τῆς","DET"
"2172","μοιχαλίδος","NOUN"
"2173","αὐτοῦ","PRON"
"2174","ἔρριψεν","VERB"
"2175","αὐτὰ","PRON"
"2176","λέγων","VERB"
"2177","·","PUNCT"
"2178","Διὰ","ADP"
"2179","σὲ","PRON"
"2180","πατρὸς","NOUN"
"2181","φονεὺς","NOUN"
"2182","καὶ","CCONJ"
"2183","ἡμῶν","PRON"
"2184","τῶν","DET"
"2185","δύο","NUM"
"2186","γέγονα","VERB"
"2187","·","PUNCT"
"2188","καὶ","CCONJ"
"2189","ἰδοὺ","INTJ"
"2190","ἔχεις","VERB"
"2191","τὰ","DET"
"2192","τούτων","DET"
"2193","αἴτια","NOUN"
"2194",".","PUNCT"
"2195","ἐμὲ","PRON"
"2196","γὰρ","ADV"
"2197","ὁ","DET"
"2198","θεὸς","NOUN"
"2199","ἠλέησεν","VERB"
"2200","ἐπιγνῶναι","VERB"
"2201","αὐτὸν","PRON"
"2202","διὰ","ADP"
"2203","τοῦ","DET"
"2204","δούλου","NOUN"
"2205","αὐτοῦ","PRON"
"2206","Ἰωάννου","PROPN"
"2207",".","PUNCT"
"2208","Ταῦτα","ADJ"
"2209","ἀκούσας","VERB"
"2210","ὁ","DET"
"2211","Ἰωάννης","PROPN"
"2212","καὶ","CCONJ"
"2213","λυπηθεὶς","VERB"
"2214","εἶπεν","VERB"
"2215","πρὸς","ADP"
"2216","αὐτόν","PRON"
"2217","·","PUNCT"
"2218","Ταλαίπωρε","ADJ"
"2219",",","PUNCT"
"2220","ὁ","DET"
"2221","ὑποβάλας","VERB"
"2222","σε","PRON"
"2223","τὸν","DET"
"2224","πατέρα","NOUN"
"2225","σου","PRON"
"2226","φονεῦσαι","VERB"
"2227","δαίμων","NOUN"
"2228",",","PUNCT"
"2229","αὐτός","ADJ"
"2230","σε","PRON"
"2231","ὑπέβαλεν","VERB"
"2232","καὶ","CCONJ"
"2233","τοῦτο","ADJ"
"2234","ποιῆσαι","VERB"
"2235",".","PUNCT"
"2236","ἔδει","VERB"
"2237","γάρ","ADV"
"2238","σε","PRON"
"2239","οὐχὶ","ADV"
"2240","τοὺς","DET"
"2241","τόπους","NOUN"
"2242","αὐτῶν","PRON"
"2243","ἀφανίσαι","VERB"
"2244",",","PUNCT"
"2245","ἀλλὰ","CCONJ"
"2246","τὴν","DET"
"2247","ἔννοιαν","NOUN"
"2248","ἐκ","ADP"
"2249","τῆς","DET"
"2250","ψυχῆς","NOUN"
"2251","σου","PRON"
"2252","·","PUNCT"
"2253","οὐ","ADV"
"2254","γὰρ","ADV"
"2255","τὰ","DET"
"2256","ὄργανά","NOUN"
"2257","εἰσιν","AUX"
"2258","βλαπτικά","ADJ"
"2259",",","PUNCT"
"2260","ἀλλʼ","CCONJ"
"2261","ὁ","DET"
"2262","νοῦς","NOUN"
"2263","ὁ","DET"
"2264","συγκαταβαίνων","VERB"
"2265","τῇ","DET"
"2266","ἁμαρτίᾳ","NOUN"
"2267",".","PUNCT"
"2268","μετανόησον","VERB"
"2269","οὖν","ADV"
"2270","ἄθλιε","ADJ"
"2271","ἐπὶ","ADP"
"2272","τῇ","DET"
"2273","παρανόμῳ","ADJ"
"2274","τόλμῃ","NOUN"
"2275","ᾗ","PRON"
"2276","ἐποίησας","VERB"
"2277",".","PUNCT"
"2278","Ὁ","DET"
"2279","δὲ","ADV"
"2280","παῖς","NOUN"
"2281","στένων","VERB"
"2282","καὶ","CCONJ"
"2283","τρέμων","VERB"
"2284","παρεκάλει","VERB"
"2285","τὸν","DET"
"2286","τοῦ","DET"
"2287","Χριστοῦ","PROPN"
"2288","ἀπόστολον","NOUN"
"2289","συγγνώμην","NOUN"
"2290","λαβὼν","VERB"
"2291","τῶν","DET"
"2292","ἡμαρτημένων","VERB"
"2293",".","PUNCT"
"2294","ὃν","PRON"
"2295","λαβὼν","VERB"
"2296","ὁ","DET"
"2297","ἀπόστολος","NOUN"
"2298","τοῦ","DET"
"2299","Χριστοῦ","PROPN"
"2300","εἰσήγαγεν","VERB"
"2301","ἐν","ADP"
"2302","τῇ","DET"
"2303","πόλει","NOUN"
"2304","·","PUNCT"
"2305","καὶ","CCONJ"
"2306","κατηχήσας","VERB"
"2307","καὶ","CCONJ"
"2308","βαπτίσας","VERB"
"2309","αὐτῷ","PRON"
"2310","ἅμα","ADP"
"2311","τοῦ","DET"
"2312","πατρὸς","NOUN"
"2313","αὐτοῦ","PRON"
"2314","προσήγαγεν","VERB"
"2315","τῇ","DET"
"2316","ἐκκλησίᾳ","NOUN"
"2317","·","PUNCT"
"2318","καὶ","CCONJ"
"2319","ἦν","AUX"
"2320","ὁ","DET"
"2321","παῖς","NOUN"
"2322","μεθ᾿","ADP"
"2323","ἡμῶν","PRON"
"2324","πάντοτε","ADV"
"2325","ὑπηρετῶν","VERB"
"2326",",","PUNCT"
"2327","ὥστε","SCONJ"
"2328","πάντας","ADJ"
"2329","θαυμάζει","VERB"
"2330","καὶ","CCONJ"
"2331","δοξάζειν","VERB"
"2332","τὸν","DET"
"2333","θεόν","NOUN"
"2334",".","PUNCT"
"2335","Ἐν","ADP"
"2336","μιᾷ","NUM"
"2337","οὖν","ADV"
"2338","τῶν","DET"
"2339","ἡμερῶν","NOUN"
"2340","ὡς","SCONJ"
"2341","ἦν","AUX"
"2342","Ἰωάννης","PROPN"
"2343","καθεζόμενος","VERB"
"2344","πέρδιξ","NOUN"
"2345","διαπτᾶσα","VERB"
"2346","καὶ","CCONJ"
"2347","ἐλθοῦσα","VERB"
"2348","ἐκονίζετο","VERB"
"2349","ἔμπροσθεν","ADP"
"2350","αὐτοῦ","PRON"
"2351",".","PUNCT"
"2352","ὁ","DET"
"2353","οὖν","ADV"
"2354","Ἰωάννης","PROPN"
"2355","βλέπων","VERB"
"2356","αὐτὸ","PRON"
"2357","ἐθαύμαζεν","VERB"
"2358",".","PUNCT"
"2359","ἱερεὺς","NOUN"
"2360","δέ","ADV"
"2361","τις","DET"
"2362","ἐλθών","VERB"
"2363",",","PUNCT"
"2364","εἷς","NUM"
"2365","τῶν","DET"
"2366","ἀκροατῶν","NOUN"
"2367","ὤν","AUX"
"2368",",","PUNCT"
"2369","εἰσελθὼν","VERB"
"2370","πρὸς","ADP"
"2371","Ἰωάννην","PROPN"
"2372",",","PUNCT"
"2373","εἶδεν","VERB"
"2374","τὴν","DET"
"2375","πέρδικα","NOUN"
"2376","κονιζομένην","VERB"
"2377","ἔμπροσθεν","ADP"
"2378","αὐτοῦ","PRON"
"2379","·","PUNCT"
"2380","καὶ","CCONJ"
"2381","σκανδαλισθεὶς","VERB"
"2382","ἐν","ADP"
"2383","ἑαυτῷ","PRON"
"2384","ἔλεγεν","VERB"
"2385","·","PUNCT"
"2386","Ὁ","DET"
"2387","τοιοῦτος","ADJ"
"2388","καὶ","ADV"
"2389","τηλικοῦτος","ADJ"
"2390","τέρπεται","VERB"
"2391","ἐπὶ","ADP"
"2392","πέρδικος","NOUN"
"2393","κονιαζομένης","VERB"
"2394",";","PUNCT"
"2395","Γνοὺς","VERB"
"2396","δὲ","ADV"
"2397","ὁ","DET"
"2398","Ἰωάννης","PROPN"
"2399","τῷ","DET"
"2400","πνεύματι","NOUN"
"2401","τὴν","DET"
"2402","ἐνθύμησιν","NOUN"
"2403","αὐτοῦ","PRON"
"2404","εἶπεν","VERB"
"2405","πρὸς","ADP"
"2406","αὐτόν","PRON"
"2407","·","PUNCT"
"2408","Ἄμεινον","ADJ"
"2409","ἦν","AUX"
"2410","καὶ","ADV"
"2411","σὲ","PRON"
"2412","τέκνον","NOUN"
"2413","ὁρᾶν","VERB"
"2414","πέρδικα","NOUN"
"2415","κονιζομένην","VERB"
"2416","καὶ","CCONJ"
"2417","μὴ","ADV"
"2418","εἰς","ADP"
"2419","αἰσχρὰς","ADJ"
"2420","καὶ","CCONJ"
"2421","βεβήλους","ADJ"
"2422","πράξεις","NOUN"
"2423","μολύνεσθαι","VERB"
"2424",".","PUNCT"
"2425","ὁ","DET"
"2426","γὰρ","ADV"
"2427","πάντων","ADJ"
"2428","τὴν","DET"
"2429","ἐπιστροφὴν","NOUN"
"2430","καὶ","CCONJ"
"2431","τὴν","DET"
"2432","μετάνοιαν","NOUN"
"2433","ἀναμένων","VERB"
"2434","διὰ","ADP"
"2435","τοῦτο","ADJ"
"2436","ἐνταῦθά","ADV"
"2437","σε","PRON"
"2438","ἤγαγεν","VERB"
"2439","·","PUNCT"
"2440","ἐπεὶ","ADV"
"2441","ἐγὼ","PRON"
"2442","πέρδικος","NOUN"
"2443","κονιζομένης","VERB"
"2444","οὐ","ADV"
"2445","χρῄζω","VERB"
"2446","·","PUNCT"
"2447","ἡ","DET"
"2448","γὰρ","ADV"
"2449","πέρδιξ","NOUN"
"2450","ἡ","DET"
"2451","σή","ADJ"
"2452","ἐστιν","AUX"
"2453","ψυχή","NOUN"
"2454",".","PUNCT"
"2455","Ταῦτα","ADJ"
"2456","ἀκούσας","VERB"
"2457","ὁ","DET"
"2458","πρεσβύτης","NOUN"
"2459","καὶ","CCONJ"
"2460","ἰδὼν","VERB"
"2461","ὅτι","SCONJ"
"2462","οὐκ","ADV"
"2463","ἔλαθεν","VERB"
"2464","ἀλλὰ","CCONJ"
"2465","πάντα","DET"
"2466","τὰ","DET"
"2467","ἐν","ADP"
"2468","τῇ","DET"
"2469","καρδίᾳ","NOUN"
"2470","αὐτοῦ","PRON"
"2471","εἶπεν","VERB"
"2472","αὐτῷ","PRON"
"2473","ὁ","DET"
"2474","ἀπόστολος","NOUN"
"2475","τοῦ","DET"
"2476","Χριστοῦ","PROPN"
"2477",",","PUNCT"
"2478","πεσὼν","VERB"
"2479","ἐπὶ","ADP"
"2480","πρόσωπον","NOUN"
"2481","ἐπὶ","ADP"
"2482","τὴν","DET"
"2483","γῆν","NOUN"
"2484","ἐβόα","VERB"
"2485","λέγων","VERB"
"2486","·","PUNCT"
"2487","Νῦν","ADV"
"2488","οἶδα","VERB"
"2489","ὅτι","SCONJ"
"2490","ὁ","DET"
"2491","θεὸς","NOUN"
"2492","οἰκεῖ","VERB"
"2493","ἐν","ADP"
"2494","σοὶ","PRON"
"2495","μακάριε","ADJ"
"2496","Ἰωάννη","PROPN"
"2497","·","PUNCT"
"2498","καὶ","CCONJ"
"2499","μακόριος","PROPN"
"2500","ὅστις","PRON"
"2501","οὐκ","ADV"
"2502","ἐπείρασεν","VERB"
"2503","ἐν","ADP"
"2504","σοὶ","PRON"
"2505","τὸν","DET"
"2506","θεόν","NOUN"
"2507","·","PUNCT"
"2508","ὁ","DET"
"2509","γὰρ","ADV"
"2510","σὲ","PRON"
"2511","πειράζων","VERB"
"2512","τὸν","DET"
"2513","ἀπείραστον","ADJ"
"2514","πειράζει","VERB"
"2515",".","PUNCT"
"2516","Παρεκάλει","VERB"
"2517","δὲ","ADV"
"2518","αὐτὸν","PRON"
"2519","εὔχεσθαι","VERB"
"2520","ὑπὲρ","ADP"
"2521","αὐτοῦ","PRON"
"2522","·","PUNCT"
"2523","καὶ","CCONJ"
"2524","κατηχήσας","VERB"
"2525","αὐτὸν","PRON"
"2526","καὶ","CCONJ"
"2527","δοὺς","VERB"
"2528","κανόνας","NOUN"
"2529","ἀπέλυσεν","VERB"
"2530","εἰς","ADP"
"2531","τὸν","DET"
"2532","οἶκον","NOUN"
"2533","αὐτοῦ","PRON"
"2534","δοξάζων","VERB"
"2535","τὸν","DET"
"2536","ἐπὶ","ADP"
"2537","πάντων","DET"
"2538","θεόν","NOUN"
"2539",".","PUNCT"
"2540","Ὡς","SCONJ"
"2541","δὲ","ADV"
"2542","ἔγνω","VERB"
"2543","τὴν","DET"
"2544","μετάστασιν","NOUN"
"2545","αὐτοῦ","PRON"
"2546","δι᾿","ADP"
"2547","ἀποκαλύψεως","NOUN"
"2548","κυρίου","NOUN"
"2549",",","PUNCT"
"2550","κυριακῆς","ADJ"
"2551","ἡμέρας","NOUN"
"2552","οὔσης","AUX"
"2553","συνὼν","VERB"
"2554","τοῖς","DET"
"2555","ἀδελφοῖς","NOUN"
"2556","μετὰ","ADP"
"2557","τὴν","DET"
"2558","θείαν","ADJ"
"2559","καὶ","CCONJ"
"2560","φρικτὴν","ADJ"
"2561","μυσταγωγίαν","NOUN"
"2562","καὶ","CCONJ"
"2563","τὴν","DET"
"2564","κλάσιν","NOUN"
"2565","τοῦ","DET"
"2566","ἄρτου","NOUN"
"2567","πάντων","ADJ"
"2568","συνηγμένων","VERB"
"2569","ἑἶπεν","VERB"
"2570","·","PUNCT"
"2571","Ἐπειδὴ","SCONJ"
"2572","ὦ","INTJ"
"2573","τεκνία","NOUN"
"2574","μου","PRON"
"2575","ὁ","DET"
"2576","χρόνος","NOUN"
"2577","τῆς","DET"
"2578","ζωῆς","NOUN"
"2579","μου","PRON"
"2580","βραχὺς","ADJ"
"2581","καὶ","CCONJ"
"2582","ὀλιγοστός","ADJ"
"2583","ἐστιν","AUX"
"2584","καὶ","CCONJ"
"2585","μέλλω","VERB"
"2586","πρὸς","ADP"
"2587","τὸν","DET"
"2588","κύριόν","NOUN"
"2589","μου","PRON"
"2590","πορεύεσθα","VERB"
"2591",",","PUNCT"
"2592","στηρίζεσθε","VERB"
"2593","ἐν","ADP"
"2594","τῇ","DET"
"2595","πίστει","NOUN"
"2596","καὶ","CCONJ"
"2597","ἀγάπῃ","NOUN"
"2598","τοῦ","DET"
"2599","Κριστοῦ","PROPN"
"2600","·","PUNCT"
"2601","καὶ","CCONJ"
"2602","ἃ","PRON"
"2603","εἴδετε","VERB"
"2604","παῤ","ADP"
"2605","ἐμοῦ","PRON"
"2606","ἐπιτελούμενα","VERB"
"2607","καὶ","CCONJ"
"2608","παρελάβετε","VERB"
"2609","μὴ","ADV"
"2610","ἐπιλάθεσθε","VERB"
"2611",",","PUNCT"
"2612","ἵνα","SCONJ"
"2613","κἀ","PRON"
"2614","γὼ","PRON"
"2615","ἐν","ADP"
"2616","τῇ","DET"
"2617","ἀναστάσει","NOUN"
"2618","τοῦ","DET"
"2619","κυρίου","NOUN"
"2620","εἴπω","VERB"
"2621","·","PUNCT"
"2622","Ἰδοὺ","INTJ"
"2623","ἐγὼ","PRON"
"2624","καὶ","CCONJ"
"2625","τὰ","DET"
"2626","παιδία","NOUN"
"2627","ἅ","PRON"
"2628","μοι","PRON"
"2629","ἔδωκεν","VERB"
"2630","ὁ","DET"
"2631","θεός","NOUN"
"2632",".","PUNCT"
"2633","Μνημονεύετε","VERB"
"2634","ὅσας","PRON"
"2635","δι᾿","ADP"
"2636","ἐμοῦ","PRON"
"2637","ὑμῖν","PRON"
"2638","παρέσχεν","VERB"
"2639","ὁ","DET"
"2640","θεὸς","NOUN"
"2641","ἀντιλήψεις","NOUN"
"2642",",","PUNCT"
"2643","χαρίσματα","NOUN"
"2644","ἰαμάτων","NOUN"
"2645",",","PUNCT"
"2646","κυβερνήσεις","NOUN"
"2647",",","PUNCT"
"2648","γνώσεις","NOUN"
"2649",",","PUNCT"
"2650","κοινωνίας","NOUN"
"2651",",","PUNCT"
"2652","πίστεις","NOUN"
"2653",",","PUNCT"
"2654","διδασκαλίας","NOUN"
"2655",",","PUNCT"
"2656","δωρεὰς","NOUN"
"2657","ἰαμάτων","NOUN"
"2658","·","PUNCT"
"2659","καὶ","CCONJ"
"2660","γίνεσθε","VERB"
"2661","χρηστοὶ","ADJ"
"2662","καὶ","CCONJ"
"2663","οἴκτίρμονες","ADJ"
"2664",",","PUNCT"
"2665","ἀλλήλους","PRON"
"2666","οἰκοδομοῦντες","VERB"
"2667",",","PUNCT"
"2668","ἀναστρεφόμενοι","VERB"
"2669","ἐν","ADP"
"2670","πάσῃ","DET"
"2671","ἐγκρατείᾳ","NOUN"
"2672","καὶ","CCONJ"
"2673","σεμνότητι","NOUN"
"2674",".","PUNCT"
"2675","ταῦτα","ADJ"
"2676","λέγω","VERB"
"2677","πρὸς","ADP"
"2678","ὑμᾶς","PRON"
"2679","ἀδελφοὶ","NOUN"
"2680","ἤδη","ADV"
"2681","πρὸς","ADP"
"2682","τὸ","DET"
"2683","προκείμενόν","VERB"
"2684","μοι","PRON"
"2685","ἔργον","NOUN"
"2686","πορεύομαι","VERB"
"2687","·","PUNCT"
"2688","καὶ","CCONJ"
"2689","εἰ","SCONJ"
"2690","καὶ","ADV"
"2691","τῷ","DET"
"2692","σώματι","NOUN"
"2693","ἀπολειφθῶ","VERB"
"2694","ἀφʼ","ADP"
"2695","ὑμῶν","PRON"
"2696",",","PUNCT"
"2697","ἀλλὰ","CCONJ"
"2698","τῷ","DET"
"2699","πνεύματι","NOUN"
"2700","οὐκ","ADV"
"2701","ἀπολειφθήσομαι","VERB"
"2702",".","PUNCT"
"2703","ἔχετε","VERB"
"2704","τοῦ","DET"
"2705","θεοῦ","NOUN"
"2706","ἡμῶν","PRON"
"2707","τὰ","DET"
"2708","ἐνέχυρα","NOUN"
"2709","·","PUNCT"
"2710","ἔχετε","VERB"
"2711","τοὺς","DET"
"2712","ἀρραβῶνας","NOUN"
"2713","τῆς","DET"
"2714","ἀγαθωσύνης","NOUN"
"2715","αὐτοῦ","PRON"
"2716","·","PUNCT"
"2717","ἔχετε","VERB"
"2718","αὐτὸν","PRON"
"2719","ἐν","ADP"
"2720","μέσῳ","ADJ"
"2721","ὑμῶν","PRON"
"2722","πάντοτε","ADV"
"2723","καλῶς","ADV"
"2724","πολιτευομένων","VERB"
"2725","ὑμῶν","PRON"
"2726",".","PUNCT"
"2727","Καὶ","CCONJ"
"2728","ταῦτα","ADJ"
"2729","πλείονα","ADJ"
"2730","εἰπόντος","VERB"
"2731","αὐτοῦ","PRON"
"2732","καὶ","CCONJ"
"2733","τοῦ","DET"
"2734","λαοῦ","NOUN"
"2735","τοῖς","DET"
"2736","δάκρυσιν","NOUN"
"2737","τῷ","DET"
"2738","ἐδάφει","NOUN"
"2739","βρεχόντων","VERB"
"2740","εἶπεν","VERB"
"2741","πρὸς","ADP"
"2742","Εὐτυχῆ","ADJ"
"2743","καὶ","CCONJ"
"2744","τὸν","DET"
"2745","Οὐῆρον","ADJ"
"2746","·","PUNCT"
"2747","Τέκνον","NOUN"
"2748","Εὐτυχῆ","ADJ"
"2749",",","PUNCT"
"2750","σὲ","PRON"
"2751","καθίστημι","VERB"
"2752","μετὰ","ADP"
"2753","θεὸν","NOUN"
"2754","πρωτόθρονον","ADJ"
"2755","καὶ","CCONJ"
"2756","ποιμένα","NOUN"
"2757","τοῦ","DET"
"2758","λαοῦ","NOUN"
"2759","τούτου","DET"
"2760","·","PUNCT"
"2761","βλέπε","VERB"
"2762","τέκνον","NOUN"
"2763","Οὐῆρε","ADJ"
"2764","πῶς","ADV"
"2765","μέλλεις","VERB"
"2766","ποιμᾶναι","VERB"
"2767","τὸ","DET"
"2768","ποίμνι","NOUN"
