"ID","TOKEN","IS_PUNCT"
"1","ἀλλὰ","FALSE"
"2","σὺ","FALSE"
"3","μὲν","FALSE"
"4","ἐρωτᾷς","FALSE"
"5",";","TRUE"
"6","τίνι","FALSE"
"7","λόγῳ","FALSE"
"8","Πυθαγόρας","FALSE"
"9","ἀπείχετο","FALSE"
"10","σαρκοφαγίας","FALSE"
"11",",","TRUE"
"12","ἐγὼ","FALSE"
"13","δὲ","FALSE"
"14","θαυμάζω","FALSE"
"15","καὶ","FALSE"
"16","τίνι","FALSE"
"17","πάθει","FALSE"
"18","καὶ","FALSE"
"19","ποίᾳ","FALSE"
"20","ψυχῇ","FALSE"
"21","ἢ","FALSE"
"22","λόγῳ","FALSE"
"23","ὁ","FALSE"
"24","πρῶτος","FALSE"
"25","ἄνθρωπος","FALSE"
"26","ἥψατο","FALSE"
"27","φόνου","FALSE"
"28","στόματι","FALSE"
"29","καὶ","FALSE"
"30","τεθνηκότος","FALSE"
"31","ζῴου","FALSE"
"32","χείλεσι","FALSE"
"33","προσήψατο","FALSE"
"34","σαρκός","FALSE"
"35","·","TRUE"
"36","καὶ","FALSE"
"37","νεκρῶν","FALSE"
"38","σωμάτων","FALSE"
"39","καὶ","FALSE"
"40","ἑώλων","FALSE"
"41","προθέμενος","FALSE"
"42","τραπέζας","FALSE"
"43","ὄψα","FALSE"
"44","καὶ","FALSE"
"45","τρυφὰς","FALSE"
"46","καὶ","FALSE"
"47","προσέτι","FALSE"
"48","εἰπεῖν","FALSE"
"49","τὰ","FALSE"
"50","μικρὸν","FALSE"
"51","ἔμπροσθεν","FALSE"
"52","βρυχώμενα","FALSE"
"53","μέρη","FALSE"
"54","καὶ","FALSE"
"55","φθεγγόμενα","FALSE"
"56","καὶ","FALSE"
"57","κινούμενα","FALSE"
"58","καὶ","FALSE"
"59","βλέποντα","FALSE"
"60","·","TRUE"
"61","πῶς","FALSE"
"62","ἡ","FALSE"
"63","ὄψις","FALSE"
"64","ὑπέμεινε","FALSE"
"65","τὸν","FALSE"
"66","φόνον","FALSE"
"67","σφαζομένων","FALSE"
"68","δερομένων","FALSE"
"69","διαμελιζομένων","FALSE"
"70",",","TRUE"
"71","πῶς","FALSE"
"72","ἡ","FALSE"
"73","ὄσφρησις","FALSE"
"74","ἤνεγκε","FALSE"
"75","τὴν","FALSE"
"76","ἀποφοράν","FALSE"
"77","πῶς","FALSE"
"78","τὴν","FALSE"
"79","γεῦσιν","FALSE"
"80","οὐκ","FALSE"
"81","ἀπέτρεψεν","FALSE"
"82","ὁ","FALSE"
"83","μολυσμὸς","FALSE"
"84","ἑλκῶν","FALSE"
"85","ψαύουσαν","FALSE"
"86","ἀλλοτρίων","FALSE"
"87","καὶ","FALSE"
"88","τραυμάτων","FALSE"
"89","θανασίμων","FALSE"
"90","χυμοὺς","FALSE"
"91","·","TRUE"
"92","καὶ","FALSE"
"93","ἰχῶρας","FALSE"
"94","ἀπολαμβάνουσαν","FALSE"
"95",".","TRUE"
"96","εἷρπον","FALSE"
"97","μὲν","FALSE"
"98","ῥινοί","FALSE"
"99",",","TRUE"
"100","κρέα","FALSE"
"101","δʼ","FALSE"
"102","ἀμφʼ","FALSE"
"103","ὀβελοῖς","FALSE"
"104","ἐμεμύκει","FALSE"
"105","ὀπταλέα","FALSE"
"106","τε","FALSE"
"107","καὶ","FALSE"
"108","ὠμά","FALSE"
"109",",","TRUE"
"110","βοῶν","FALSE"
"111","δʼ","FALSE"
"112","ὣς","FALSE"
"113","γίγνετο","FALSE"
"114","φωνὴ","FALSE"
"115","τοῦτο","FALSE"
"116","πλάσμα","FALSE"
"117","καὶ","FALSE"
"118","μῦθός","FALSE"
"119","ἐστι","FALSE"
"120",",","TRUE"
"121","τὸ","FALSE"
"122","δέ","FALSE"
"123","γε","FALSE"
"124","δεῖπνον","FALSE"
"125","ἀληθῶς","FALSE"
"126","τερατῶδες","FALSE"
"127",",","TRUE"
"128","πεινῆν","FALSE"
"129","τινα","FALSE"
"130","τῶν","FALSE"
"131","μυκωμένων","FALSE"
"132","ἔτι","FALSE"
"133",",","TRUE"
"134","καὶ","FALSE"
"135","διδάσκοντα","FALSE"
"136","ἀφʼ","FALSE"
"137","ὧν","FALSE"
"138","δεῖ","FALSE"
"139","τρέφεσθαι","FALSE"
"140","ζώντων","FALSE"
"141","ἔτι","FALSE"
"142","καὶ","FALSE"
"143","λαλούντων","FALSE"
"144",",","TRUE"
"145","καὶ","FALSE"
"146","διαταττόμενον","FALSE"
"147","ἀρτύσεις","FALSE"
"148","τινὰς","FALSE"
"149","καὶ","FALSE"
"150","ὀπτήσεις","FALSE"
"151","καὶ","FALSE"
"152","παραθέσεις","FALSE"
"153","·","TRUE"
"154","τούτων","FALSE"
"155","ἔδει","FALSE"
"156","ζητεῖν","FALSE"
"157","τὸν","FALSE"
"158","πρῶτον","FALSE"
"159","ἀρξάμενον","FALSE"
"160","οὐ","FALSE"
"161","τὸν","FALSE"
"162","ὀψὲ","FALSE"
"163","παυσάμενον","FALSE"
"164","ἢ","FALSE"
"165","τοῖς","FALSE"
"166","μὲν","FALSE"
"167","πρώτοις","FALSE"
"168","ἐκείνοις","FALSE"
"169","ἐπιχειρήσασι","FALSE"
"170","σαρκοφαγεῖν","FALSE"
"171","τὴν","FALSE"
"172","αἰτίαν","FALSE"
"173","ἂν","FALSE"
"174","εἴποι","FALSE"
"175","τις","FALSE"
"176","πᾶσαν","FALSE"
"177","εἶναι","FALSE"
"178","τὴν","FALSE"
"179","ἀπορίαν","FALSE"
"180","·","TRUE"
"181","οὐ","FALSE"
"182","γὰρ","FALSE"
"183","ἐπιθυμίαις","FALSE"
"184","ἀνόμοις","FALSE"
"185","συνδιάγοντες","FALSE"
"186","οὐδʼ","FALSE"
"187","ἐν","FALSE"
"188","περιουσίᾳ","FALSE"
"189","τινὶ","FALSE"
"190","ἀναγκαίων","FALSE"
"191","ὑβρίσαντες","FALSE"
"192","εἰς","FALSE"
"193","ἡδονὰς","FALSE"
"194","παρὰ","FALSE"
"195","φύσιν","FALSE"
"196","ἀσυμφύλους","FALSE"
"197","ἐπὶ","FALSE"
"198","ταῦτʼ","FALSE"
"199","ἦλθον","FALSE"
"200","·","TRUE"
"201","ἀλλʼ","FALSE"
"202","εἴποιεν","FALSE"
"203","ἂν","FALSE"
"204","αἴσθησιν","FALSE"
"205","ἐν","FALSE"
"206","τῷ","FALSE"
"207","παρόντι","FALSE"
"208","καὶ","FALSE"
"209","φωνὴν","FALSE"
"210","λαβόντες","FALSE"
"211","·","TRUE"
"212","ὦ","FALSE"
"213","μακάριοι","FALSE"
"214",".","TRUE"
"215","καὶ","FALSE"
"216","θεοφιλεῖς","FALSE"
"217","οἱ","FALSE"
"218","νῦν","FALSE"
"219","ὄντες","FALSE"
"220","ὑμεῖς","FALSE"
"221","οἷον","FALSE"
"222","βίου","FALSE"
"223","λαχόντες","FALSE"
"224","αἰῶνα","FALSE"
"225","καρποῦσθε","FALSE"
"226","καὶ","FALSE"
"227","νέμεσθε","FALSE"
"228","κλῆρον","FALSE"
"229","ἀγαθῶν","FALSE"
"230","ἄφθονον","FALSE"
"231",",","TRUE"
"232","ὅσα","FALSE"
"233","φύεται","FALSE"
"234","ὑμῖν","FALSE"
"235",";","TRUE"
"236","ὅσα","FALSE"
"237","τρυγᾶται","FALSE"
"238",";","TRUE"
"239","ὅσον","FALSE"
"240","πλοῦτον","FALSE"
"241","ἐκ","FALSE"
"242","πεδίων","FALSE"
"243",",","TRUE"
"244","ὅσας","FALSE"
"245","ἀπὸ","FALSE"
"246","φυτῶν","FALSE"
"247","ἡδονὰς","FALSE"
"248","δρέπεσθαι","FALSE"
"249","πάρεστιν","FALSE"
"250",";","TRUE"
"251","ἔξεστιν","FALSE"
"252","ὑμῖν","FALSE"
"253","καὶ","FALSE"
"254","τρυφᾶν","FALSE"
"255","μὴ","FALSE"
"256","μιαινομένοις","FALSE"
"257",".","TRUE"
"258","ἡμᾶς","FALSE"
"259","δὲ","FALSE"
"260","σκυθρωπότατον","FALSE"
"261","καὶ","FALSE"
"262","φοβερώτατον","FALSE"
"263","ἐδέξατο","FALSE"
"264","βίου","FALSE"
"265","καὶ","FALSE"
"266","χρόνου","FALSE"
"267","μέρος","FALSE"
"268",",","TRUE"
"269","εἰς","FALSE"
"270","πολλὴν","FALSE"
"271","καὶ","FALSE"
"272","ἀμήχανον","FALSE"
"273","ἐκπεσόντας","FALSE"
"274","ὑπὸ","FALSE"
"275","τῆς","FALSE"
"276","πρώτης","FALSE"
"277","γενέσεως","FALSE"
"278","ἀπορίαν","FALSE"
"279","ἔτι","FALSE"
"280","μὲν","FALSE"
"281","οὐρανὸν","FALSE"
"282","ἔκρυπτεν","FALSE"
"283","ἀήρ","FALSE"
"284",",","TRUE"
"285","καὶ","FALSE"
"286","ἄστρα","FALSE"
"287","θολερῷ","FALSE"
"288","καὶ","FALSE"
"289","δυσδιαστατοῦντι","FALSE"
"290","πεφυρμένα","FALSE"
"291","ὑγρῷ","FALSE"
"292","καὶ","FALSE"
"293","πυρὶ","FALSE"
"294","καὶ","FALSE"
"295","ζάλαις","FALSE"
"296","ἀνέμων","FALSE"
"297","οὔπω","FALSE"
"298","δʼ","FALSE"
"299","ἥλιος","FALSE"
"300","ἵδρυτο","FALSE"
"301","ἀπλανῆ","FALSE"
"302","καὶ","FALSE"
"303","βέβαιον","FALSE"
"304","ἔχων","FALSE"
"305","δρόμον","FALSE"
"306","ἠὼ","FALSE"
"307","καὶ","FALSE"
"308","δύσιν","FALSE"
"309","ἔκρινεν","FALSE"
"310",",","TRUE"
"311","περὶ","FALSE"
"312","δʼ","FALSE"
"313","ἢγαγεν","FALSE"
"314","αὖθις","FALSE"
"315","ὀπίσσω","FALSE"
"316","καρποφόροισιν","FALSE"
"317","ἐπιστέψας","FALSE"
"318","κάλυκος","FALSE"
"319","στεφάνοισιν","FALSE"
"320","ὥρας","FALSE"
"321","·","TRUE"
"322","γῆ","FALSE"
"323","δʼ","FALSE"
"324","ὕβριστο","FALSE"
"325","ποταμῶν","FALSE"
"326","ἐκβολαῖς","FALSE"
"327","ἀτάκτοις","FALSE"
"328",",","TRUE"
"329","καὶ","FALSE"
"330","πολλὰ","FALSE"
"331","λίμναισιν","FALSE"
"332","ἄμορφα","FALSE"
"333","καὶ","FALSE"
"334","πηλοῖς","FALSE"
"335","βαθέσι","FALSE"
"336","καὶ","FALSE"
"337","λόχμαις","FALSE"
"338","ἀφόροις","FALSE"
"339","καὶ","FALSE"
"340","ὕλαις","FALSE"
"341","ἐξηγρίωτο","FALSE"
"342","·","TRUE"
"343","φορᾶς","FALSE"
"344","δʼ","FALSE"
"345","ἡμέρων","FALSE"
"346","καρπῶν","FALSE"
"347","καὶ","FALSE"
"348","τέχνης","FALSE"
"349","ὄργανον","FALSE"
"350","οὐδὲν","FALSE"
"351","οὐδὲ","FALSE"
"352","μηχανὴ","FALSE"
"353","σοφίας","FALSE"
"354","·","TRUE"
"355","ὁ","FALSE"
"356","δὲ","FALSE"
"357","λιμὸς","FALSE"
"358","οὐκ","FALSE"
"359","ἐδίδου","FALSE"
"360","χρόνον","FALSE"
"361","οὐδʼ","FALSE"
"362","ὥρας","FALSE"
"363","ἐτησίους","FALSE"
"364","σπόρος","FALSE"
"365","οὐκ","FALSE"
"366","ὢν","FALSE"
"367","τότʼ","FALSE"
"368","ἀνέμενε","FALSE"
"369",".","TRUE"
"370","τί","FALSE"
"371","θαυμαστόν","FALSE"
"372",",","TRUE"
"373","εἰ","FALSE"
"374","ζῴων","FALSE"
"375","ἐχρησάμεθα","FALSE"
"376","σαρξὶ","FALSE"
"377","παρὰ","FALSE"
"378","φύσιν","FALSE"
"379",",","TRUE"
"380","ὅτʼ","FALSE"
"381","ἰλὺς","FALSE"
"382","ἠσθίετο","FALSE"
"383","καὶ","FALSE"
"384","φλοιὸς","FALSE"
"385","ἐβρώθη","FALSE"
"386","ξύλου","FALSE"
"387",",","TRUE"
"388","καὶ","FALSE"
"389","ἄγρωστιν","FALSE"
"390","εὑρεῖν","FALSE"
"391","βλαστάνουσαν","FALSE"
"392","ἢ","FALSE"
"393","φλεώ","FALSE"
"394","τινα","FALSE"
"395","ῥίζαν","FALSE"
"396","εὐτυχὲς","FALSE"
"397","ἦν","FALSE"
"398",";","TRUE"
"399","βαλάνου","FALSE"
"400","δὲ","FALSE"
"401","γευσάμενοι","FALSE"
"402","καὶ","FALSE"
"403","φαγόντες","FALSE"
"404","ἐχόρευσαν","FALSE"
"405","ὑφʼ","FALSE"
"406","ἡδονῆς","FALSE"
"407","περὶ","FALSE"
"408","δρῦν","FALSE"
"409","τινα","FALSE"
"410","καὶ","FALSE"
"411","φηγόν","FALSE"
"412",",","TRUE"
"413","ζείδωρον","FALSE"
"414","καὶ","FALSE"
"415","μητέρα","FALSE"
"416","καὶ","FALSE"
"417","τροφὸν","FALSE"
"418","ἀποκαλοῦντες","FALSE"
"419","·","TRUE"
"420","ἐκείνην","FALSE"
"421","ὁ","FALSE"
"422","τότε","FALSE"
"423","βίος","FALSE"
"424","ἑορτὴν","FALSE"
"425","ἔγνω","FALSE"
"426",",","TRUE"
"427","τὰ","FALSE"
"428","δʼ","FALSE"
"429","ἄλλα","FALSE"
"430","φλεγμονῆς","FALSE"
"431","ἦν","FALSE"
"432","ἅπαντα","FALSE"
"433","μεστὰ","FALSE"
"434","καὶ","FALSE"
"435","στυγνότητος","FALSE"
"436",".","TRUE"
"437","ὑμᾶς","FALSE"
"438","δὲ","FALSE"
"439","τοὺς","FALSE"
"440","νῦν","FALSE"
"441","τίς","FALSE"
"442","λύσσα","FALSE"
"443","καὶ","FALSE"
"444","τίς","FALSE"
"445","οἶστρος","FALSE"
"446","ἄγει","FALSE"
"447","πρὸς","FALSE"
"448","μιαιφονίαν","FALSE"
"449",",","TRUE"
"450","οἷς","FALSE"
"451","τοσαῦτα","FALSE"
"452","περίεστι","FALSE"
"453","τῶν","FALSE"
"454","ἀναγκαίων","FALSE"
"455",";","TRUE"
"456","τί","FALSE"
"457","καταψεύδεσθε","FALSE"
"458","τῆς","FALSE"
"459","γῆς","FALSE"
"460","ὡς","FALSE"
"461","·","TRUE"
"462","τρέφειν","FALSE"
"463","μὴ","FALSE"
"464","δυναμένης","FALSE"
"465",";","TRUE"
"466","τί","FALSE"
"467","τὴν","FALSE"
"468","θεσμοφόρον","FALSE"
"469","ἀσεβεῖτε","FALSE"
"470","Δήμητρα","FALSE"
"471","καὶ","FALSE"
"472","τὸν","FALSE"
"473","ἡμερίδην","FALSE"
"474","καὶ","FALSE"
"475","μειλίχιον","FALSE"
"476","δε","FALSE"
"477","εσυ","FALSE"
"478","ξαρνιυμ","FALSE"
"479","αἰσχύνετε","FALSE"
"480","Διόνυσον","FALSE"
"481",",","TRUE"
"482","ὡς","FALSE"
"483","οὐχ","FALSE"
"484","ἱκανὰ","FALSE"
"485","παρὰ","FALSE"
"486","τούτων","FALSE"
"487","λαμβάνοντες","FALSE"
"488",";","TRUE"
"489","οὐκ","FALSE"
"490","αἰδεῖσθε","FALSE"
"491","τοὺς","FALSE"
"492","ἡμέρους","FALSE"
"493","καρποὺς","FALSE"
"494","αἵματι","FALSE"
"495","καὶ","FALSE"
"496","φόνῳ","FALSE"
"497","μιγνύοντες","FALSE"
"498",";","TRUE"
"499","ἀλλὰ","FALSE"
"500","δράκοντας","FALSE"
"501","ἀγρίους","FALSE"
"502","καλεῖτε","FALSE"
"503","καὶ","FALSE"
"504","παρδάλεις","FALSE"
"505","καὶ","FALSE"
"506","λέοντας","FALSE"
"507",",","TRUE"
"508","αὐτοὶ","FALSE"
"509","δὲ","FALSE"
"510","μιαιφονεῖτε","FALSE"
"511","εἰς","FALSE"
"512","ὠμότητα","FALSE"
"513","καταλιπόντες","FALSE"
"514","ἐκείνοις","FALSE"
"515","οὐδέν","FALSE"
"516","·","TRUE"
"517","ἐκείνοις","FALSE"
"518","μὲν","FALSE"
"519","γὰρ","FALSE"
"520","ὁ","FALSE"
"521","φόνος","FALSE"
"522","τροφή","FALSE"
"523",",","TRUE"
"524","ὑμῖν","FALSE"
"525","δʼ","FALSE"
"526","ὄψον","FALSE"
"527","ἐστίν","FALSE"
"528",".","TRUE"
"529","οὐ","FALSE"
"530","γὰρ","FALSE"
"531","δὴ","FALSE"
"532","λέοντὰς","FALSE"
"533","γʼ","FALSE"
"534","ἀμυνόμενοι","FALSE"
"535","καὶ","FALSE"
"536","λύκους","FALSE"
"537","ἐσθίομεν","FALSE"
"538","·","TRUE"
"539","ἀλλὰ","FALSE"
"540","ταῦτα","FALSE"
"541","μὲν","FALSE"
"542","ἐῶμεν","FALSE"
"543",",","TRUE"
"544","τὰ","FALSE"
"545","δʼ","FALSE"
"546","ἀβλαβῆ","FALSE"
"547","καὶ","FALSE"
"548","χειροήθη","FALSE"
"549","καὶ","FALSE"
"550","ἄκεντρα","FALSE"
"551","καὶ","FALSE"
"552","νωδὰ","FALSE"
"553","πρὸς","FALSE"
"554","τὸ","FALSE"
"555","δακεῖν","FALSE"
"556","συλλαμβάνοντες","FALSE"
"557","ἀποκτιννύομεν","FALSE"
"558",",","TRUE"
"559","ἃ","FALSE"
"560","νὴ","FALSE"
"561","Δία","FALSE"
"562","καὶ","FALSE"
"563","κάλλους","FALSE"
"564","ἕνεκα","FALSE"
"565","καὶ","FALSE"
"566","χάριτος","FALSE"
"567","ἡ","FALSE"
"568","φύσις","FALSE"
"569","ἔοικεν","FALSE"
"570","ἐξενεγκεῖν","FALSE"
"571",".","TRUE"
"572","ὅμοιον","FALSE"
"573","ὡς","FALSE"
"574","εἴ","FALSE"
"575","τις","FALSE"
"576","τὸν","FALSE"
"577","Νεῖλον","FALSE"
"578","ὁρῶν","FALSE"
"579","πλημμυροῦντα","FALSE"
"580","καὶ","FALSE"
"581","τὴν","FALSE"
"582","χώραν","FALSE"
"583","ἐμπιπλάντα","FALSE"
"584","γονίμου","FALSE"
"585","καὶ","FALSE"
"586","καρποφόρου","FALSE"
"587","ῥεύματος","FALSE"
"588","μὴ","FALSE"
"589","τοῦτο","FALSE"
"590","θαυμάζοι","FALSE"
"591","τοῦ","FALSE"
"592","φερομένου","FALSE"
"593",",","TRUE"
"594","τὸ","FALSE"
"595","φυτάλμιον","FALSE"
"596","καὶ","FALSE"
"597","εὔκαρπον","FALSE"
"598","τῶν","FALSE"
"599","ἡμερωτάτων","FALSE"
"600","καὶ","FALSE"
"601","βιωφελεστάτων","FALSE"
"602","καρπῶν","FALSE"
"603",",","TRUE"
"604","ἀλλʼ","FALSE"
"605","ἰδών","FALSE"
"606","που","FALSE"
"607","καὶ","FALSE"
"608","κροκόδειλον","FALSE"
"609","ἐννηχόμενον","FALSE"
"610","καὶ","FALSE"
"611","ἀσπίδα","FALSE"
"612","κατασυρομένην","FALSE"
"613","καὶ","FALSE"
"614","μύας","FALSE"
"615",",","TRUE"
"616","ἄγρια","FALSE"
"617","ζῷα","FALSE"
"618","καὶ","FALSE"
"619","μιαρά","FALSE"
"620",",","TRUE"
"621","ταύτας","FALSE"
"622","λέγοι","FALSE"
"623","τὰς","FALSE"
"624","αἰτίας","FALSE"
"625","τῆς","FALSE"
"626","μέμψεως","FALSE"
"627","καὶ","FALSE"
"628","τῆς","FALSE"
"629","τοῦ","FALSE"
"630","πράγματος","FALSE"
"631","ἀνάγκης","FALSE"
"632","·","TRUE"
"633","ἢ","FALSE"
"634","νὴ","FALSE"
"635","Δία","FALSE"
"636","τὴν","FALSE"
"637","γῆν","FALSE"
"638","ταύτην","FALSE"
"639","καὶ","FALSE"
"640","τὴν","FALSE"
"641","ἄρουραν","FALSE"
"642","ἀποβλέψας","FALSE"
"643","ἐμπεπλησμένην","FALSE"
"644","ἡμέρων","FALSE"
"645","καρπῶν","FALSE"
"646","καὶ","FALSE"
"647","βρίθουσαν","FALSE"
"648","ἀσταχύων","FALSE"
"649",",","TRUE"
"650","ἔπειτα","FALSE"
"651","ὑποβλέψας","FALSE"
"652","που","FALSE"
"653","τοῖς","FALSE"
"654","ληίοις","FALSE"
"655","τούτοις","FALSE"
"656","καὶ","FALSE"
"657","πού","FALSE"
"658","τινος","FALSE"
"659","αἴρας","FALSE"
"660","στάχυν","FALSE"
"661","ἰδὼν","FALSE"
"662","καὶ","FALSE"
"663","ὀροβάγχην","FALSE"
"664",",","TRUE"
"665","εἶτʼ","FALSE"
"666","ἀφεὶς","FALSE"
"667","ἐκεῖνα","FALSE"
"668","καρποῦσθαι","FALSE"
"669","καὶ","FALSE"
"670","ληίζεσθαι","FALSE"
"671","μέμφοιτο","FALSE"
"672","περὶ","FALSE"
"673","τούτων","FALSE"
"674",".","TRUE"
"675","τοιοῦτόν","FALSE"
"676","τι","FALSE"
"677",",","TRUE"
"678","καὶ","FALSE"
"679","λόγον","FALSE"
"680","ῥήτορος","FALSE"
"681","ὁρῶν","FALSE"
"682","ἐν","FALSE"
"683","δίκῃ","FALSE"
"684","τινὶ","FALSE"
"685","καὶ","FALSE"
"686","συνηγορίᾳ","FALSE"
"687","πληθύοντα","FALSE"
"688","καὶ","FALSE"
"689","φερόμενον","FALSE"
"690","ἐπὶ","FALSE"
"691","βοηθείᾳ","FALSE"
"692","κινδύνων","FALSE"
"693",",","TRUE"
"694","ἢ","FALSE"
"695","νὴ","FALSE"
"696","Δίʼ","FALSE"
"697","ἐλέγχῳ","FALSE"
"698","καὶ","FALSE"
"699","κατηγορίᾳ","FALSE"
"700","τολμημάτων","FALSE"
"701","καὶ","FALSE"
"702","ἀποδείξεων","FALSE"
"703",",","TRUE"
"704","ῥέοντα","FALSE"
"705","δὲ","FALSE"
"706","καὶ","FALSE"
"707","φερόμενον","FALSE"
"708","οὐχ","FALSE"
"709","ἁπλῶς","FALSE"
"710","οὐδὲ","FALSE"
"711","λιτῶς","FALSE"
"712",",","TRUE"
"713","ἀλλʼ","FALSE"
"714","ὁμοῦ","FALSE"
"715","πάθεσι","FALSE"
"716","πολλοῖς","FALSE"
"717","μᾶλλον","FALSE"
"718","δὲ","FALSE"
"719","παντοδαποῖς","FALSE"
"720",",","TRUE"
"721","εἰς","FALSE"
"722","ψυχὰς","FALSE"
"723","ὁμοίως","FALSE"
"724","πολλὰς","FALSE"
"725","καὶ","FALSE"
"726","ποικίλας","FALSE"
"727","καὶ","FALSE"
"728","διαφόρους","FALSE"
"729","τῶν","FALSE"
"730","ἀκροωμένων","FALSE"
"731","ἢ","FALSE"
"732","τῶν","FALSE"
"733","δικαζόντων","FALSE"
"734",",","TRUE"
"735","ἃς","FALSE"
"736","δεῖ","FALSE"
"737","τρέψαι","FALSE"
"738","καὶ","FALSE"
"739","μεταβαλεῖν","FALSE"
"740","ἢ","FALSE"
"741","νὴ","FALSE"
"742","Δία","FALSE"
"743","πραῧναι","FALSE"
"744","καὶ","FALSE"
"745","ἡμερῶσαι","FALSE"
"746","καὶ","FALSE"
"747","καταστῆσαι","FALSE"
"748","·","TRUE"
"749","εἶτα","FALSE"
"750","παρεὶς","FALSE"
"751","τοῦτο","FALSE"
"752","τοῦ","FALSE"
"753","πράγματος","FALSE"
"754","ὁρᾶν","FALSE"
"755","καὶ","FALSE"
"756","μετρεῖν","FALSE"
"757","τὸ","FALSE"
"758","φύλαιον","FALSE"
"759","καὶ","FALSE"
"760","ἀγώνισμα","FALSE"
"761",",","TRUE"
"762","παραρρήσεις","FALSE"
"763","ἐκλέγων","FALSE"
"764",",","TRUE"
"765","ἃς","FALSE"
"766","κατιὼν","FALSE"
"767","ὁ","FALSE"
"768","λόγος","FALSE"
"769","συγκατήνεγκε","FALSE"
"770","τῇ","FALSE"
"771","ῥύμῃ","FALSE"
"772","τῆς","FALSE"
"773","φορᾶς","FALSE"
"774",",","TRUE"
"775","συνεκπεσούσας","FALSE"
"776","καὶ","FALSE"
"777","παρολισθούσας","FALSE"
"778","τῷ","FALSE"
"779","λοιπῷ","FALSE"
"780","τοῦ","FALSE"
"781","λόγου","FALSE"
"782",".","TRUE"
"783","καὶ","FALSE"
"784","δημηγόρου","FALSE"
"785","τινὸς","FALSE"
"786","ὁρῶν","FALSE"
"787",".","TRUE"
"788","ἀλλʼ","FALSE"
"789","οὐδὲν","FALSE"
"790","ἡμᾶς","FALSE"
"791","δυσωπεῖ","FALSE"
"792",",","TRUE"
"793","οὐ","FALSE"
"794","χρόας","FALSE"
"795","ἀνθηρὸν","FALSE"
"796","εἶδος","FALSE"
"797",",","TRUE"
"798","οὐ","FALSE"
"799","φωνῆς","FALSE"
"800","ἐμμελοῦς","FALSE"
"801","πιθανότης","FALSE"
"802",",","TRUE"
"803","οὐ","FALSE"
"804","πανουργία","FALSE"
"805","ψυχῆς","FALSE"
"806",",","TRUE"
"807","οὐ","FALSE"
"808","τὸ","FALSE"
"809","καθάριον","FALSE"
"810","ἐν","FALSE"
"811","διαίτῃ","FALSE"
"812","καὶ","FALSE"
"813","περιττὸν","FALSE"
"814","ἐν","FALSE"
"815","συνέσει","FALSE"
"816","τῶν","FALSE"
"817","ἀθλίων","FALSE"
"818",",","TRUE"
"819","ἀλλὰ","FALSE"
"820","σαρκιδίου","FALSE"
"821","μικροῦ","FALSE"
"822","χάριν","FALSE"
"823","ἀφαιρούμεθα","FALSE"
"824","ψυχῆς","FALSE"
"825","ἥλιον","FALSE"
"826",",","TRUE"
"827","φῶς","FALSE"
"828",",","TRUE"
"829","τὸν","FALSE"
"830","τοῦ","FALSE"
"831","βίου","FALSE"
"832","χρόνον","FALSE"
"833",",","TRUE"
"834","ἐφʼ","FALSE"
"835","ᾧ","FALSE"
"836","γέγονε","FALSE"
"837","καὶ","FALSE"
"838","πέφυκεν","FALSE"
"839",".","TRUE"
"840","εἶθʼ","FALSE"
"841","ἃς","FALSE"
"842","φθέγγεται","FALSE"
"843","καὶ","FALSE"
"844","διέτρισε","FALSE"
"845","φωνὰς","FALSE"
"846","ἀνάρθρους","FALSE"
"847","εἶναι","FALSE"
"848","δοκοῦμεν","FALSE"
"849",",","TRUE"
"850","οὐ","FALSE"
"851","παραιτήσεις","FALSE"
"852","καὶ","FALSE"
"853","δεήσεις","FALSE"
"854","καὶ","FALSE"
"855","δικαιολογίας","FALSE"
"856","ἑκάστου","FALSE"
"857","λέγοντος","FALSE"
"858","οὐ","FALSE"
"859","παραιτοῦμαί","FALSE"
"860","σου","FALSE"
"861","τὴν","FALSE"
"862","ἀνάγκην","FALSE"
"863","ἀλλὰ","FALSE"
"864","τὴν","FALSE"
"865","ὕβριν","FALSE"
"866",",","TRUE"
"867","ἵνα","FALSE"
"868","φάγῃς","FALSE"
"869","ἀπόκτεινον","FALSE"
"870",",","TRUE"
"871","ἵνα","FALSE"
"872","δʼ","FALSE"
"873","ἥδιον","FALSE"
"874","φάγῃς","FALSE"
"875","μὴ","FALSE"
"876","μʼ","FALSE"
"877","ἀναίρει","FALSE"
"878","ὢ","FALSE"
"879","τῆς","FALSE"
"880","ὠμότητος","FALSE"
"881","δεινὸν","FALSE"
"882","μέν","FALSE"
"883","ἐστι","FALSE"
"884","καὶ","FALSE"
"885","τιθεμένην","FALSE"
"886","ἰδεῖν","FALSE"
"887","τράπεζαν","FALSE"
"888","ἀνθρώπων","FALSE"
"889","πλουσίων","FALSE"
"890","νεκροκόσμοις","FALSE"
"891","χρωμένων","FALSE"
"892","μαγείροις","FALSE"
"893","καὶ","FALSE"
"894","ὀψοποιοῖς","FALSE"
"895",",","TRUE"
"896","δεινότερον","FALSE"
"897","δʼ","FALSE"
"898","ἀποκομιζομένην","FALSE"
"899","πλείονα","FALSE"
"900","γὰρ","FALSE"
"901","τὰ","FALSE"
"902","λειπόμενα","FALSE"
"903","τῶν","FALSE"
"904","βεβρωμένων","FALSE"
"905","ἐστίν","FALSE"
"906","οὐκοῦν","FALSE"
"907","ταῦτα","FALSE"
"908","μάτην","FALSE"
"909","ἀπέθανεν","FALSE"
"910","ἕτεροι","FALSE"
"911","δὲ","FALSE"
"912","φειδόμενοι","FALSE"
"913","τῶν","FALSE"
"914","παρατεθέντων","FALSE"
"915","οὐκ","FALSE"
"916","ἐῶσι","FALSE"
"917","τέμνειν","FALSE"
"918","οὐδὲ","FALSE"
"919","κατακόπτειν","FALSE"
"920",",","TRUE"
"921","παραιτούμενοι","FALSE"
"922","νεκρά","FALSE"
"923",",","TRUE"
"924","ζώντων","FALSE"
"925","δʼ","FALSE"
"926","οὐκ","FALSE"
"927","ἐφείσαντο","FALSE"
"928",".","TRUE"
"929","ἄλογον","FALSE"
"930","γὰρ","FALSE"
"931","εἶναί","FALSE"
"932","φαμεν","FALSE"
"933","ἐκείνους","FALSE"
"934","λέγειν","FALSE"
"935","τοὺς","FALSE"
"936","ἄνδρας","FALSE"
"937","ἀρχὴν","FALSE"
"938","ἔχειν","FALSE"
"939","τὴν","FALSE"
"940","φύσιν","FALSE"
"941","ὅτι","FALSE"
"942","γὰρ","FALSE"
"943","οὐκ","FALSE"
"944","ἔστιν","FALSE"
"945","ἀνθρώπῳ","FALSE"
"946","κατὰ","FALSE"
"947","φύσιν","FALSE"
"948","τὸ","FALSE"
"949","σαρκοφαγεῖν","FALSE"
"950",",","TRUE"
"951","πρῶτον","FALSE"
"952","μὲν","FALSE"
"953","ἀπὸ","FALSE"
"954","τῶν","FALSE"
"955","σωμάτων","FALSE"
"956","δηλοῦται","FALSE"
"957","τῆς","FALSE"
"958","·","TRUE"
"959","κατασκευῆς","FALSE"
"960",".","TRUE"
"961","οὐδενὶ","FALSE"
"962","γὰρ","FALSE"
"963","ἔοικε","FALSE"
"964","τὸ","FALSE"
"965","ἀνθρώπου","FALSE"
"966","σῶμα","FALSE"
"967","τῶν","FALSE"
"968","ὑ","FALSE"
"969","ἐπὶ","FALSE"
"970","σαρκοφαγίᾳ","FALSE"
"971","γεγονότων","FALSE"
"972",",","TRUE"
"973","οὐ","FALSE"
"974","γρυπότης","FALSE"
"975","χείλους","FALSE"
"976",",","TRUE"
"977","οὐκ","FALSE"
"978","ὀξύτης","FALSE"
"979",";","TRUE"
"980","ὄνυχος","FALSE"
"981",",","TRUE"
"982","οὐ","FALSE"
"983","τραχύτης","FALSE"
"984","ὀδόντος","FALSE"
"985","πρόσεστιν","FALSE"
"986",",","TRUE"
"987","οὐ","FALSE"
"988","κοιλίας","FALSE"
"989","εὐτονία","FALSE"
"990","καὶ","FALSE"
"991","πνεύματος","FALSE"
"992","θερμότης","FALSE"
"993",",","TRUE"
"994","τρέψαι","FALSE"
"995","καὶ","FALSE"
"996","κατεργάσασθαι","FALSE"
"997","δυνατὴ","FALSE"
"998","τὸ","FALSE"
"999","βαρὺ","FALSE"
"1000","καὶ","FALSE"
"1001","κρεῶδες","FALSE"
"1002","ἀλλʼ","FALSE"
"1003","αὐτόθεν","FALSE"
"1004","ἡ","FALSE"
"1005","φύσις","FALSE"
"1006","τῇ","FALSE"
"1007","λειότητι","FALSE"
"1008","τῶν","FALSE"
"1009","ὀδόντων","FALSE"
"1010","καὶ","FALSE"
"1011","τῇ","FALSE"
"1012","σμικρότητι","FALSE"
"1013","τοῦ","FALSE"
"1014","στόματος","FALSE"
"1015","καὶ","FALSE"
"1016","τῇ","FALSE"
"1017","μαλακότητι","FALSE"
"1018","τῆς","FALSE"
"1019","γλώσσης","FALSE"
"1020","καὶ","FALSE"
"1021","τῇ","FALSE"
"1022","πρὸς","FALSE"
"1023","πέψιν","FALSE"
"1024","ἀμβλύτητι","FALSE"
"1025","τοῦ","FALSE"
"1026","πνεύματος","FALSE"
"1027","ἐξόμνυται","FALSE"
"1028","τὴν","FALSE"
"1029","σαρκοφαγίαν","FALSE"
"1030",".","TRUE"
"1031","εἰ","FALSE"
"1032","δὲ","FALSE"
"1033","λέγεις","FALSE"
"1034","πεφυκέναι","FALSE"
"1035","σεαυτὸν","FALSE"
"1036","ἐπὶ","FALSE"
"1037","τοιαύτην","FALSE"
"1038","ἐδωδήν","FALSE"
"1039",",","TRUE"
"1040","ὃ","FALSE"
"1041","βούλει","FALSE"
"1042","φαγεῖν","FALSE"
"1043","πρῶτον","FALSE"
"1044","αὐτὸς","FALSE"
"1045","ἀπόκτεινον","FALSE"
"1046",",","TRUE"
"1047","ἀλλʼ","FALSE"
"1048","αὐτὸς","FALSE"
"1049","διὰ","FALSE"
"1050","σεαυτοῦ","FALSE"
"1051",",","TRUE"
"1052","μὴ","FALSE"
"1053","χρησάμενος","FALSE"
"1054","κοπίδι","FALSE"
"1055","μηδὲ","FALSE"
"1056","τυμπάνῳ","FALSE"
"1057","τινὶ","FALSE"
"1058","μηδὲ","FALSE"
"1059","πελέκει","FALSE"
"1060","·","TRUE"
"1061","ἀλλά","FALSE"
"1062",",","TRUE"
"1063","ὡς","FALSE"
"1064","λύκοι","FALSE"
"1065","καὶ","FALSE"
"1066","ἄρκτοι","FALSE"
"1067","καὶ","FALSE"
"1068","λέοντες","FALSE"
"1069","αὐτοὶ","FALSE"
"1070","ὅσα","FALSE"
"1071","ἐσθίουσι","FALSE"
"1072","φονεύουσιν","FALSE"
"1073",",","TRUE"
"1074","ἄνελε","FALSE"
"1075","δήγματι","FALSE"
"1076","βοῦν","FALSE"
"1077","ἢ","FALSE"
"1078","στόματι","FALSE"
"1079","σῦν","FALSE"
"1080",",","TRUE"
"1081","ἢ","FALSE"
"1082","ἄρνα","FALSE"
"1083","ἢ","FALSE"
"1084","λαγωὸν","FALSE"
"1085","διάρρηξον","FALSE"
"1086","καὶ","FALSE"
"1087","φάγε","FALSE"
"1088","προσπεσὼν","FALSE"
"1089","ἔτι","FALSE"
"1090","ζῶντος","FALSE"
"1091",",","TRUE"
"1092","ὡς","FALSE"
"1093","ἐκεῖνα","FALSE"
"1094",".","TRUE"
"1095","εἰ","FALSE"
"1096","δʼ","FALSE"
"1097","ἀναμένεις","FALSE"
"1098","νεκρὸν","FALSE"
"1099","γενέσθαι","FALSE"
"1100","τὸ","FALSE"
"1101","αἰσθόμενον","FALSE"
"1102","καὶ","FALSE"
"1103","δυσωπεῖ","FALSE"
"1104","σε","FALSE"
"1105","παροῦσα","FALSE"
"1106","ψυχὴ","FALSE"
"1107","ἀπολαύειν","FALSE"
"1108","τῆς","FALSE"
"1109","σαρκός","FALSE"
"1110",",","TRUE"
"1111","τί","FALSE"
"1112","παρὰ","FALSE"
"1113","φύσιν","FALSE"
"1114","ἐσθίεις","FALSE"
"1115","τὸ","FALSE"
"1116","ἔμψυχον","FALSE"
"1117",";","TRUE"
"1118","ἀλλʼ","FALSE"
"1119","οὐδʼ","FALSE"
"1120","ἄψυχον","FALSE"
"1121","ἄν","FALSE"
"1122","τις","FALSE"
"1123","φάγοι","FALSE"
"1124","καὶ","FALSE"
"1125","νεκρὸν","FALSE"
"1126","οἷόν","FALSE"
"1127","ἐστιν","FALSE"
"1128",",","TRUE"
"1129","ἀλλʼ","FALSE"
"1130","ἕψουσιν","FALSE"
"1131","ὀπτῶσι","FALSE"
"1132","μεταβάλλουσι","FALSE"
"1133","διὰ","FALSE"
"1134","πυρὸς","FALSE"
"1135","καὶ","FALSE"
"1136","φαρμάκων","FALSE"
"1137",",","TRUE"
"1138","ἀλλοιοῦντες","FALSE"
"1139","καὶ","FALSE"
"1140","τρέποντες","FALSE"
"1141","καὶ","FALSE"
"1142","σβεννύοντες","FALSE"
"1143","ἡδύσμασι","FALSE"
"1144","μυρίοις","FALSE"
"1145","τὸν","FALSE"
"1146","φόνον","FALSE"
"1147",",","TRUE"
"1148","ἵνʼ","FALSE"
"1149","ἡ","FALSE"
"1150","γεῦσις","FALSE"
"1151","ἐξαπατηθεῖσα","FALSE"
"1152","προσδέξηται","FALSE"
"1153","τἀλλότριον","FALSE"
"1154",".","TRUE"
"1155","καίτοι","FALSE"
"1156","χάριέν","FALSE"
"1157","γε","FALSE"
"1158","τὸ","FALSE"
"1159","τοῦ","FALSE"
"1160","Λάκωνος","FALSE"
"1161",",","TRUE"
"1162","ὃς","FALSE"
"1163","ἰχθύδιον","FALSE"
"1164","ἐν","FALSE"
"1165","πανδοκείῳ","FALSE"
"1166","πριάμενος","FALSE"
"1167","τῷ","FALSE"
"1168","πανδοκεῖ","FALSE"
"1169","σκευάσαι","FALSE"
"1170","παρέδωκεν","FALSE"
"1171","·","TRUE"
"1172","αἰτοῦντος","FALSE"
"1173","δʼ","FALSE"
"1174","ἐκείνου","FALSE"
"1175","τυρὸν","FALSE"
"1176","καὶ","FALSE"
"1177","ὄξος","FALSE"
"1178","καὶ","FALSE"
"1179","ἔλαιον","FALSE"
"1180",",","TRUE"
"1181","ἀλλʼ","FALSE"
"1182","εἰ","FALSE"
"1183","ταῦτʼ","FALSE"
"1184","εἶχον","FALSE"
"1185","εἶπεν","FALSE"
"1186","οὐκ","FALSE"
"1187","ἂν","FALSE"
"1188","ἰχθὺν","FALSE"
"1189","ἐπριάμην","FALSE"
"1190","ἡμεῖς","FALSE"
"1191","δʼ","FALSE"
"1192","οὕτως","FALSE"
"1193","ἐν","FALSE"
"1194","τῷ","FALSE"
"1195","μιαιφόνῳ","FALSE"
"1196","τρυφῶμεν","FALSE"
"1197",",","TRUE"
"1198","ὥστʼ","FALSE"
"1199","ὄψον","FALSE"
"1200","τὸ","FALSE"
"1201","κρέας","FALSE"
"1202","προσαγορεύομεν","FALSE"
"1203",",","TRUE"
"1204","εἶτ̓","FALSE"
"1205","ὄψων","FALSE"
"1206","πρὸς","FALSE"
"1207","αὐτὸ","FALSE"
"1208","τὸ","FALSE"
"1209","κρέας","FALSE"
"1210","δεόμεθα","FALSE"
"1211",",","TRUE"
"1212","ἀναμιγνύντες","FALSE"
"1213","ἔλαιον","FALSE"
"1214","οἶνον","FALSE"
"1215","μέλι","FALSE"
"1216","γάρον","FALSE"
"1217","ὄντως","FALSE"
"1218","ἡδύσμασι","FALSE"
"1219","Συριακοῖς","FALSE"
"1220","Ἀραβικοῖς","FALSE"
"1221",",","TRUE"
"1222","ὥσπερ","FALSE"
"1223","ὄξος","FALSE"
"1224","νεκρὸν","FALSE"
"1225","ἐνταφιάζοντες","FALSE"
"1226",".","TRUE"
"1227","καὶ","FALSE"
"1228","γὰρ","FALSE"
"1229","οὕτως","FALSE"
"1230","αὐτῶν","FALSE"
"1231","διαλυθέντων","FALSE"
"1232","καὶ","FALSE"
"1233","μαλαχθέντων","FALSE"
"1234","καὶ","FALSE"
"1235","τρόπον","FALSE"
"1236","τινὰ","FALSE"
"1237","προσαπέντων","FALSE"
"1238","ἔργον","FALSE"
"1239","ἐστὶ","FALSE"
"1240","τὴν","FALSE"
"1241","πέψιν","FALSE"
"1242","κρατῆσαι","FALSE"
"1243",",","TRUE"
"1244","καὶ","FALSE"
"1245","διακρατηθείσης","FALSE"
"1246","δὲ","FALSE"
"1247","δεινὰς","FALSE"
"1248","βαρύτητας","FALSE"
"1249","ἐμποιεῖ","FALSE"
"1250","καὶ","FALSE"
"1251","νοσώδεις","FALSE"
"1252","ἀπεψίας","FALSE"
"1253",".","TRUE"
"1254","Διογένης","FALSE"
"1255","δʼ","FALSE"
"1256","ὠμὸν","FALSE"
"1257","φαγεῖν","FALSE"
"1258","πολύπουν","FALSE"
"1259","ἐτόλμησεν","FALSE"
"1260",",","TRUE"
"1261","ἵνα","FALSE"
"1262","τὴν","FALSE"
"1263","διὰ","FALSE"
"1264","τοῦ","FALSE"
"1265","πυρὸς","FALSE"
"1266","ἐκβάλῃ","FALSE"
"1267","κατεργασίαν","FALSE"
"1268","τῶν","FALSE"
"1269","κρεῶν","FALSE"
"1270","·","TRUE"
"1271","καὶ","FALSE"
"1272","πολλῶν","FALSE"
"1273","περιεστώτων","FALSE"
"1274","αὐτὸν","FALSE"
"1275","ἀνθρώπων","FALSE"
"1276",",","TRUE"
"1277","ἐγκαλυψάμενος","FALSE"
"1278","τῷ","FALSE"
"1279","τρίβωνι","FALSE"
"1280","καὶ","FALSE"
"1281","τῷ","FALSE"
"1282","στόματι","FALSE"
"1283","προσφέρων","FALSE"
"1284","τὸ","FALSE"
"1285","κρέας","FALSE"
"1286","ὑπὲρ","FALSE"
"1287","ὑμῶν","FALSE"
"1288","φησὶν","FALSE"
"1289","ἐγὼ","FALSE"
"1290","παραβάλλομαι","FALSE"
"1291","καὶ","FALSE"
"1292","προκινδυνεύω","FALSE"
"1293","καλόν","FALSE"
"1294",",","TRUE"
"1295","ὦ","FALSE"
"1296","Ζεῦ","FALSE"
"1297",",","TRUE"
"1298","κίνδυνον","FALSE"
"1299","οὐ","FALSE"
"1300","γάρ","FALSE"
"1301",",","TRUE"
"1302","ὡς","FALSE"
"1303","Πελοπίδας","FALSE"
"1304","ὑπὲρ","FALSE"
"1305","τῆς","FALSE"
"1306","Θηβῶν","FALSE"
"1307","ἐλευθερίας","FALSE"
"1308","ἢ","FALSE"
"1309","ὡς","FALSE"
"1310","Ἁρμόδιος","FALSE"
"1311","καὶ","FALSE"
"1312","Ἀριστογείτων","FALSE"
"1313","ὑπὲρ","FALSE"
"1314","τῆς","FALSE"
"1315","Ἀθηναίων","FALSE"
"1316",",","TRUE"
"1317","προεκινδύνευσεν","FALSE"
"1318","ὁ","FALSE"
"1319","φιλόσοφος","FALSE"
"1320","ὠμῷ","FALSE"
"1321","πολύποδι","FALSE"
"1322","διαμαχόμενος","FALSE"
"1323",",","TRUE"
"1324","ἵνα","FALSE"
"1325","τὸν","FALSE"
"1326","βίον","FALSE"
"1327","ἀποθηριώσῃ","FALSE"
"1328",";","TRUE"
"1329","οὐ","FALSE"
"1330","τοίνυν","FALSE"
"1331","μόνον","FALSE"
"1332","αἱ","FALSE"
"1333","κρεοφαγίαι","FALSE"
"1334","τοῖς","FALSE"
"1335","σώμασι","FALSE"
"1336","γίγνονται","FALSE"
"1337","παρὰ","FALSE"
"1338","φύσιν","FALSE"
"1339",",","TRUE"
"1340","ἀλλὰ","FALSE"
"1341","καὶ","FALSE"
"1342","τὰς","FALSE"
"1343","ψυχὰς","FALSE"
"1344","ὑπὸ","FALSE"
"1345","πλησμονῆς","FALSE"
"1346","καὶ","FALSE"
"1347","κόρου","FALSE"
"1348","παχύνουσιν","FALSE"
"1349","·","TRUE"
"1350","οἶνος","FALSE"
"1351","γὰρ","FALSE"
"1352","καὶ","FALSE"
"1353","σαρκῶν","FALSE"
"1354","ἐμφορήσιες","FALSE"
"1355","σῶμα","FALSE"
"1356","μὲν","FALSE"
"1357","ἰσχυρὸν","FALSE"
"1358","ποιέουσι","FALSE"
"1359","καὶ","FALSE"
"1360","ῥωμαλέον","FALSE"
"1361",",","TRUE"
"1362","ψυχὴν","FALSE"
"1363","δὲ","FALSE"
"1364","ἀσθενέα","FALSE"
"1365","καὶ","FALSE"
"1366","ἵνα","FALSE"
"1367","μὴ","FALSE"
"1368","τοῖς","FALSE"
"1369","ἀθληταῖς","FALSE"
"1370","ἀπεχθάνωμαι","FALSE"
"1371",",","TRUE"
"1372","συγγενέσι","FALSE"
"1373","χρῶμαι","FALSE"
"1374","παραδείγμασι","FALSE"
"1375","·","TRUE"
"1376","τοὺς","FALSE"
"1377","γὰρ","FALSE"
"1378","Βοιωτοὺς","FALSE"
"1379","ἡμᾶς","FALSE"
"1380","οἱ","FALSE"
"1381","Ἀττικοὶ","FALSE"
"1382","καὶ","FALSE"
"1383","παχεῖς","FALSE"
"1384","καὶ","FALSE"
"1385","ἀναισθήτους","FALSE"
"1386","καὶ","FALSE"
"1387","ἠλιθίους","FALSE"
"1388",",","TRUE"
"1389","μάλιστα","FALSE"
"1390","διὰ","FALSE"
"1391","τὰς","FALSE"
"1392","ἀδηφαγίας","FALSE"
"1393","προσαγορεύουσιν","FALSE"
"1394","·","TRUE"
"1395","οὗτοι","FALSE"
"1396","δʼ","FALSE"
"1397","αὖ","FALSE"
"1398","συ","FALSE"
"1399","καὶ","FALSE"
"1400","ὁ","FALSE"
"1401","Μένανδρος","FALSE"
"1402","οἳ","FALSE"
"1403","γνάθους","FALSE"
"1404","ἔχουσι","FALSE"
"1405",",","TRUE"
"1406","καὶ","FALSE"
"1407","ὁ","FALSE"
"1408","Πίνδαρος","FALSE"
"1409","γνῶναὶ","FALSE"
"1410","τʼ","FALSE"
"1411","ἔπειτα","FALSE"
"1412","αὐγὴ","FALSE"
"1413","ξηρὴ","FALSE"
"1414","ψυχὴ","FALSE"
"1415","σοφωτάτη","FALSE"
"1416","κατὰ","FALSE"
"1417","τὸν","FALSE"
"1418","Ἡράκλειτον","FALSE"
"1419","·","TRUE"
"1420","οἱ","FALSE"
"1421","κενοὶ","FALSE"
"1422","πίθοι","FALSE"
"1423","κρουσθέντες","FALSE"
"1424","ἠχοῦσι","FALSE"
"1425",",","TRUE"
"1426","γενόμενοι","FALSE"
"1427","δὲ","FALSE"
"1428","πλήρεις","FALSE"
"1429","οὐχ","FALSE"
"1430","ὑπακούουσι","FALSE"
"1431","ταῖς","FALSE"
"1432","πληγαῖς","FALSE"
"1433","·","TRUE"
"1434","τῶν","FALSE"
"1435","χαλκωμάτων","FALSE"
"1436","τὰ","FALSE"
"1437","λεπτὰ","FALSE"
"1438","τοὺς","FALSE"
"1439","ψόφους","FALSE"
"1440","ἐν","FALSE"
"1441","κύκλῳ","FALSE"
"1442","διαδίδωσιν","FALSE"
"1443",",","TRUE"
"1444","ἄχρι","FALSE"
"1445","οὗ","FALSE"
"1446","ἐμφράξῃ","FALSE"
"1447","καὶ","FALSE"
"1448","τυφλώσῃ","FALSE"
"1449","τις","FALSE"
"1450","τῇ","FALSE"
"1451","χειρὶ","FALSE"
"1452","τῆς","FALSE"
"1453","·","TRUE"
"1454","πληγῆς","FALSE"
"1455","περιφερομένης","FALSE"
"1456","ἐπιλαμβανόμενος","FALSE"
"1457","·","TRUE"
"1458","ὀφθαλμὸς","FALSE"
"1459",";","TRUE"
"1460","ὑγροῦ","FALSE"
"1461","πλεονάσαντος","FALSE"
"1462","ἀναπλησθεὶς","FALSE"
"1463","μαραυγεῖ","FALSE"
"1464","καὶ","FALSE"
"1465","ἀτονεῖ","FALSE"
"1466","πρὸς","FALSE"
"1467","τὸ","FALSE"
"1468","οἰκεῖον","FALSE"
"1469","ἔργον","FALSE"
"1470","·","TRUE"
"1471","τὸν","FALSE"
"1472","ἥλιον","FALSE"
"1473","διʼ","FALSE"
"1474","ἀέρος","FALSE"
"1475","ὑγροῦ","FALSE"
"1476","καὶ","FALSE"
"1477","ἀναθυμιάσεων","FALSE"
"1478","πλήθους","FALSE"
"1479","ἀπέπτων","FALSE"
"1480","ἀθρήσαντες","FALSE"
"1481","οὐ","FALSE"
"1482","καθαρὸν","FALSE"
"1483","οὐδὲ","FALSE"
"1484","λαμπρὸν","FALSE"
"1485","ἀλλὰ","FALSE"
"1486","βύθιον","FALSE"
"1487","καὶ","FALSE"
"1488","ἀχλυώδη","FALSE"
"1489","καὶ","FALSE"
"1490","ὀλισθαίνοντα","FALSE"
"1491","ταῖς","FALSE"
"1492","αὐγαῖς","FALSE"
"1493","ὁρῶμεν","FALSE"
"1494",".","TRUE"
"1495","οὕτω","FALSE"
"1496","δὴ","FALSE"
"1497","καὶ","FALSE"
"1498","διὰ","FALSE"
"1499","σώματος","FALSE"
"1500","θολεροῦ","FALSE"
"1501","καὶ","FALSE"
"1502","διακόρου","FALSE"
"1503","καὶ","FALSE"
"1504","βαρυνομένου","FALSE"
"1505","τροφαῖς","FALSE"
"1506","ἀσυμφύλοις","FALSE"
"1507","πᾶσα","FALSE"
"1508","ἀνάγκη","FALSE"
"1509","τὸ","FALSE"
"1510","γάνωμα","FALSE"
"1511","τῆς","FALSE"
"1512","ψυχῆς","FALSE"
"1513","καὶ","FALSE"
"1514","τὸ","FALSE"
"1515","φέγγος","FALSE"
"1516","ἀμβλύτητα","FALSE"
"1517","καὶ","FALSE"
"1518","σύγχυσιν","FALSE"
"1519","ἔχειν","FALSE"
"1520","καὶ","FALSE"
"1521","πλανᾶσθαι","FALSE"
"1522","καὶ","FALSE"
"1523","φέρεσθαι","FALSE"
"1524",",","TRUE"
"1525","πρὸς","FALSE"
"1526","τὰ","FALSE"
"1527","λεπτὰ","FALSE"
"1528","καὶ","FALSE"
"1529","δυσθεώρητα","FALSE"
"1530","τέλη","FALSE"
"1531","τῶν","FALSE"
"1532","πραγμάτων","FALSE"
"1533","αὐγὴν","FALSE"
"1534","καὶ","FALSE"
"1535","τόνον","FALSE"
"1536","οὐκ","FALSE"
"1537","ἐχούσης","FALSE"
"1538",".","TRUE"
"1539","χωρὶς","FALSE"
"1540","δὲ","FALSE"
"1541","τούτων","FALSE"
"1542","ὁ","FALSE"
"1543","πρὸς","FALSE"
"1544","φιλανθρωπίαν","FALSE"
"1545","ἐθισμὸς","FALSE"
"1546","οὐ","FALSE"
"1547","δοκεῖ","FALSE"
"1548","θαυμαστὸν","FALSE"
"1549","εἶναι","FALSE"
"1550",";","TRUE"
"1551","τίς","FALSE"
"1552","γὰρ","FALSE"
"1553","ἂν","FALSE"
"1554","ἀδικήσειεν","FALSE"
"1555","ἄνθρωπον","FALSE"
"1556",",","TRUE"
"1557","οὕτω","FALSE"
"1558","πρὸς","FALSE"
"1559","ἀλλότρια","FALSE"
"1560","κακὰ","FALSE"
"1561","καὶ","FALSE"
"1562","ἀσύμφυλα","FALSE"
"1563","διακείμενος","FALSE"
"1564","καὶ","FALSE"
"1565","πράως","FALSE"
"1566","καὶ","FALSE"
"1567","φιλανθρώπως","FALSE"
"1568",";","TRUE"
"1569","ἐμνήσθην","FALSE"
"1570","δὲ","FALSE"
"1571","τρίτην","FALSE"
"1572","ἡμέραν","FALSE"
"1573","διαλεγόμενος","FALSE"
"1574","περὶ","FALSE"
"1575","Ξενοκράτους","FALSE"
"1576",",","TRUE"
"1577","καὶ","FALSE"
"1578","ὅτι","FALSE"
"1579","Ἀθηναῖοι","FALSE"
"1580","τῷ","FALSE"
"1581","ζῶντα","FALSE"
"1582","τὸν","FALSE"
"1583","κριὸν","FALSE"
"1584","ἐκδείραντι","FALSE"
"1585","δίκην","FALSE"
"1586","ἐπέθηκαν","FALSE"
"1587","οὐκ","FALSE"
"1588","ἔστι","FALSE"
"1589","δέ","FALSE"
"1590",",","TRUE"
"1591","οἶμαι","FALSE"
"1592",",","TRUE"
"1593","χείρων","FALSE"
"1594","ὁ","FALSE"
"1595","ζῶντα","FALSE"
"1596","βασανίζων","FALSE"
"1597","τοῦ","FALSE"
"1598","παραιρουμένου","FALSE"
"1599","τὸ","FALSE"
"1600","ζῆν","FALSE"
"1601","καὶ","FALSE"
"1602","φονεύοντος","FALSE"
"1603","·","TRUE"
"1604","ἀλλὰ","FALSE"
"1605","μᾶλλον","FALSE"
"1606",",","TRUE"
"1607","ὡς","FALSE"
"1608","ἔοικε","FALSE"
"1609",",","TRUE"
"1610","τῶν","FALSE"
"1611","παρὰ","FALSE"
"1612","συνήθειαν","FALSE"
"1613","ἢ","FALSE"
"1614","τῶν","FALSE"
"1615","παρὰ","FALSE"
"1616","φύσιν","FALSE"
"1617","αἰσθανόμεθα","FALSE"
"1618",".","TRUE"
"1619","καὶ","FALSE"
"1620","ταῦτα","FALSE"
"1621","μὲν","FALSE"
"1622","ἐκεῖ","FALSE"
"1623","κοινότερον","FALSE"
"1624","ἔλεγον","FALSE"
"1625","·","TRUE"
"1626","τὴν","FALSE"
"1627","δὲ","FALSE"
"1628","μεγάλην","FALSE"
"1629","καὶ","FALSE"
"1630","μυστηριώδη","FALSE"
"1631","καὶ","FALSE"
"1632","ἄπιστον","FALSE"
"1633","ἀνδράσι","FALSE"
"1634","δειλοῖς","FALSE"
"1635",",","TRUE"
"1636","φησιν","FALSE"
"1637","ὁ","FALSE"
"1638","Πλάτων","FALSE"
"1639",",","TRUE"
"1640","καὶ","FALSE"
"1641","θνητὰ","FALSE"
"1642","φρονοῦσιν","FALSE"
"1643","ἀρχὴν","FALSE"
"1644","τοῦ","FALSE"
"1645","δόγματος","FALSE"
"1646",";","TRUE"
"1647","ὀκνῶ","FALSE"
"1648","μὲν","FALSE"
"1649","ἔτι","FALSE"
"1650","τῷ","FALSE"
"1651","λόγῳ","FALSE"
"1652","κινεῖν","FALSE"
"1653",",","TRUE"
"1654","ὥσπερ","FALSE"
"1655","ναῦν","FALSE"
"1656","ἐν","FALSE"
"1657","χειμῶνι","FALSE"
"1658","ναύκληρος","FALSE"
"1659","ἢ","FALSE"
"1660","μηχανὴν","FALSE"
"1661","αἴρει","FALSE"
"1662","ποιητικὸς","FALSE"
"1663","ἀνὴρ","FALSE"
"1664","ἐν","FALSE"
"1665","θεάτρῳ","FALSE"
"1666","σκηνῆς","FALSE"
"1667","περιφερομένης","FALSE"
"1668",".","TRUE"
"1669","οὐ","FALSE"
"1670","χεῖρον","FALSE"
"1671","δʼ","FALSE"
"1672","ἴσως","FALSE"
"1673","καὶ","FALSE"
"1674","προανακρούσασθαι","FALSE"
"1675","καὶ","FALSE"
"1676","προαναφωνῆσαι","FALSE"
"1677","τὰ","FALSE"
"1678","τοῦ","FALSE"
"1679","Ἐμπεδοκλέους","FALSE"
"1680","·","TRUE"
"1681","ἀλληγορεῖ","FALSE"
"1682","γὰρ","FALSE"
"1683","ἐνταῦθα","FALSE"
"1684","τὰς","FALSE"
"1685","ψυχάς","FALSE"
"1686",",","TRUE"
"1687","ὅτι","FALSE"
"1688","φόνων","FALSE"
"1689","καὶ","FALSE"
"1690","βρώσεως","FALSE"
"1691","σαρκῶν","FALSE"
"1692","καὶ","FALSE"
"1693","ἀλληλοφαγίας","FALSE"
"1694","δίκην","FALSE"
"1695","τίνουσαι","FALSE"
"1696","σώμασι","FALSE"
"1697","θνητοῖς","FALSE"
"1698","ἐνδέδενται","FALSE"
"1699",".","TRUE"
"1700","καίτοι","FALSE"
"1701","δοκεῖ","FALSE"
"1702","παλαιότερος","FALSE"
"1703","οὗτος","FALSE"
"1704","ὁ","FALSE"
"1705","λόγος","FALSE"
"1706","εἶναι","FALSE"
"1707","·","TRUE"
"1708","τὰ","FALSE"
"1709","γὰρ","FALSE"
"1710","δὴ","FALSE"
"1711","περὶ","FALSE"
"1712","τὸν","FALSE"
"1713","Διόνυσον","FALSE"
"1714","μεμυθευμένα","FALSE"
"1715","πάθη","FALSE"
"1716","τοῦ","FALSE"
"1717","διαμελισμοῦ","FALSE"
"1718","καὶ","FALSE"
"1719","τὰ","FALSE"
"1720","Τιτάνων","FALSE"
"1721","ἐπʼ","FALSE"
"1722","αὐτὸν","FALSE"
"1723","τολμήματα","FALSE"
"1724",",","TRUE"
"1725","κολάσεις","FALSE"
"1726","τε","FALSE"
"1727","τούτων","FALSE"
"1728","καὶ","FALSE"
"1729","κεραυνώσεις","FALSE"
"1730","γευσαμένων","FALSE"
"1731","τοῦ","FALSE"
"1732","φόνου","FALSE"
"1733",",","TRUE"
"1734","ᾐνιγμένος","FALSE"
"1735","ἐστὶ","FALSE"
"1736","μῦθος","FALSE"
"1737","εἰς","FALSE"
"1738","τὴν","FALSE"
"1739","παλιγγενεσίαν","FALSE"
"1740","·","TRUE"
"1741","τὸ","FALSE"
"1742","γὰρ","FALSE"
"1743","ἐν","FALSE"
"1744","ἡμῖν","FALSE"
"1745","ἄλογον","FALSE"
"1746","καὶ","FALSE"
"1747","ἄτακτον","FALSE"
"1748","καὶ","FALSE"
"1749","βίαιον","FALSE"
"1750","οὐ","FALSE"
"1751","θεῖον","FALSE"
"1752","ἀλλὰ","FALSE"
"1753","δαιμονικὸν","FALSE"
"1754","οἱ","FALSE"
"1755","παλαιοὶ","FALSE"
"1756","Τιτᾶνας","FALSE"
"1757","ὠνόμασαν","FALSE"
"1758",",","TRUE"
"1759","καὶ","FALSE"
"1760","τοῦτʼ","FALSE"
"1761","ἔστι","FALSE"
"1762","κολαζομένου","FALSE"
"1763","καὶ","FALSE"
"1764","δίκην","FALSE"
"1765","διδόντος","FALSE"
"1766",".","TRUE"
