"ID","TOKEN","IS_STOP"
"1","ἐπειδὴ","FALSE"
"2","Ἀθήναζε","FALSE"
"3","οἴκοθεν","FALSE"
"4","ἐκ","TRUE"
"5","Κλαζομενῶν","FALSE"
"6","ἀφικόμεθα","FALSE"
"7",",","FALSE"
"8","κατʼ","FALSE"
"9","ἀγορὰν","FALSE"
"10","ἐνετύχομεν","FALSE"
"11","Ἀδειμάντῳ","FALSE"
"12","τε","TRUE"
"13","καὶ","TRUE"
"14","Γλαύκωνι","FALSE"
"15","·","FALSE"
"16","καί","TRUE"
"17","μου","TRUE"
"18","λαβόμενος","FALSE"
"19","τῆς","TRUE"
"20","χειρὸς","FALSE"
"21","ὁ","TRUE"
"22","Ἀδείμαντος","FALSE"
"23",",","FALSE"
"24","Χαῖρʼ","FALSE"
"25",",","FALSE"
"26","ἔφη","FALSE"
"27",",","FALSE"
"28","ὦ","TRUE"
"29","Κέφαλε","FALSE"
"30",",","FALSE"
"31","καὶ","TRUE"
"32","εἴ","TRUE"
"33","του","TRUE"
"34","δέῃ","FALSE"
"35","τῶν","TRUE"
"36","τῇδε","TRUE"
"37","ὧν","TRUE"
"38","ἡμεῖς","TRUE"
"39","δυνατοί","FALSE"
"40",",","FALSE"
"41","φράζε","FALSE"
"42",".","FALSE"
"43","ἀλλὰ","TRUE"
"44","μὲν","TRUE"
"45","δή","TRUE"
"46",",","FALSE"
"47","εἶπον","FALSE"
"48","ἐγώ","TRUE"
"49",",","FALSE"
"50","πάρειμί","FALSE"
"51","γε","TRUE"
"52","ἐπʼ","FALSE"
"53","αὐτὸ","TRUE"
"54","τοῦτο","TRUE"
"55",",","FALSE"
"56","δεησόμενος","FALSE"
"57","ὑμῶν","TRUE"
"58",".","FALSE"
"59","λέγοις","FALSE"
"60","ἄν","TRUE"
"61",",","FALSE"
"62","ἔφη","FALSE"
"63",",","FALSE"
"64","τὴν","TRUE"
"65","δέησιν","FALSE"
"66",".","FALSE"
"67","καὶ","TRUE"
"68","ἐγὼ","TRUE"
"69","εἶπον","FALSE"
"70","·","FALSE"
"71","τῷ","TRUE"
"72","ἀδελφῷ","FALSE"
"73","ὑμῶν","TRUE"
"74","τῷ","TRUE"
"75","ὁμομητρίῳ","FALSE"
"76","τί","TRUE"
"77","ἦν","TRUE"
"78","ὄνομα","FALSE"
"79",";","FALSE"
"80","οὐ","TRUE"
"81","γὰρ","TRUE"
"82","μέμνημαι","FALSE"
"83",".","FALSE"
"84","παῖς","FALSE"
"85","δέ","TRUE"
"86","που","FALSE"
"87","ἦν","TRUE"
"88",",","FALSE"
"89","ὅτε","FALSE"
"90","τὸ","TRUE"
"91","πρότερον","FALSE"
"92","ἐπεδήμησα","FALSE"
"93","δεῦρο","FALSE"
"94","ἐκ","TRUE"
"95","Κλαζομενῶν","FALSE"
"96","·","FALSE"
"97","πολὺς","FALSE"
"98","δὲ","TRUE"
"99","ἤδη","FALSE"
"100","χρόνος","FALSE"
"101","ἐξ","TRUE"
"102","ἐκείνου","FALSE"
"103",".","FALSE"
"104","τῷ","TRUE"
"105","μὲν","TRUE"
"106","γὰρ","TRUE"
"107","πατρί","FALSE"
"108",",","FALSE"
"109","δοκῶ","FALSE"
"110",",","FALSE"
"111","Πυριλάμπης","FALSE"
"112","ὄνομα","FALSE"
"113",".","FALSE"
"114","πάνυ","FALSE"
"115","γε","TRUE"
"116",",","FALSE"
"117","ἔφη","FALSE"
"118",".","FALSE"
"119","αὐτῷ","TRUE"
"120","δέ","TRUE"
"121","γε","TRUE"
"122",";","FALSE"
"123","Ἀντιφῶν","FALSE"
"124",".","FALSE"
"125","ἀλλὰ","TRUE"
"126","τί","TRUE"
"127","μάλιστα","FALSE"
"128","πυνθάνῃ","FALSE"
"129",";","FALSE"
"130","οἵδε","TRUE"
"131",",","FALSE"
"132","εἶπον","FALSE"
"133","ἐγώ","TRUE"
"134",",","FALSE"
"135","πολῖταί","FALSE"
"136","τʼ","FALSE"
"137","ἐμοί","TRUE"
"138","εἰσι","TRUE"
"139",",","FALSE"
"140","μάλα","FALSE"
"141","φιλόσοφοι","FALSE"
"142",",","FALSE"
"143","ἀκηκόασί","FALSE"
"144","τε","TRUE"
"145","ὅτι","TRUE"
"146","οὗτος","TRUE"
"147","ὁ","TRUE"
"148","Ἀντιφῶν","FALSE"
"149","Πυθοδώρῳ","FALSE"
"150","τινὶ","TRUE"
"151","Ζήνωνος","FALSE"
"152","ἑταίρῳ","FALSE"
"153","πολλὰ","FALSE"
"154","ἐντετύχηκε","FALSE"
"155",",","FALSE"
"156","καὶ","TRUE"
"157","τοὺς","TRUE"
"158","λόγους","FALSE"
"159",",","FALSE"
"160","οὕς","TRUE"
"161","ποτε","FALSE"
"162","Σωκράτης","FALSE"
"163","καὶ","TRUE"
"164","Ζήνων","FALSE"
"165","καὶ","TRUE"
"166","Παρμενίδης","FALSE"
"167","διελέχθησαν","FALSE"
"168",",","FALSE"
"169","πολλάκις","FALSE"
"170","ἀκούσας","FALSE"
"171","τοῦ","TRUE"
"172","Πυθοδώρου","FALSE"
"173","ἀπομνημονεύει","FALSE"
"174",".","FALSE"
"175","ἀληθῆ","FALSE"
"176",",","FALSE"
"177","ἔφη","FALSE"
"178",",","FALSE"
"179","λέγεις","FALSE"
"180",".","FALSE"
"181","τούτων","TRUE"
"182","τοίνυν","FALSE"
"183",",","FALSE"
"184","εἶπον","FALSE"
"185",",","FALSE"
"186","δεόμεθα","FALSE"
"187","διακοῦσαι","FALSE"
"188",".","FALSE"
"189","ἀλλʼ","FALSE"
"190","οὐ","TRUE"
"191","χαλεπόν","FALSE"
"192",",","FALSE"
"193","ἔφη","FALSE"
"194","·","FALSE"
"195","μειράκιον","FALSE"
"196","γὰρ","TRUE"
"197","ὢν","TRUE"
"198","αὐτοὺς","TRUE"
"199","εὖ","FALSE"
"200","μάλα","FALSE"
"201","διεμελέτησεν","FALSE"
"202",",","FALSE"
"203","ἐπεὶ","FALSE"
"204","νῦν","FALSE"
"205","γε","TRUE"
"206","κατὰ","TRUE"
"207","τὸν","TRUE"
"208","πάππον","FALSE"
"209","τε","TRUE"
"210","καὶ","TRUE"
"211","ὁμώνυμον","FALSE"
"212","πρὸς","TRUE"
"213","ἱππικῇ","FALSE"
"214","τὰ","TRUE"
"215","πολλὰ","FALSE"
"216","διατρίβει","FALSE"
"217",".","FALSE"
"218","ἀλλʼ","FALSE"
"219","εἰ","TRUE"
"220","δεῖ","FALSE"
"221",",","FALSE"
"222","ἴωμεν","FALSE"
"223","παρʼ","FALSE"
"224","αὐτόν","TRUE"
"225","·","FALSE"
"226","ἄρτι","FALSE"
"227","γὰρ","TRUE"
"228","ἐνθένδε","FALSE"
"229","οἴκαδε","FALSE"
"230","οἴχεται","FALSE"
"231",",","FALSE"
"232","οἰκεῖ","FALSE"
"233","δὲ","TRUE"
"234","ἐγγὺς","FALSE"
"235","ἐν","TRUE"
"236","Μελίτῃ","FALSE"
"237",".","FALSE"
"238","ταῦτα","TRUE"
"239","εἰπόντες","FALSE"
"240","ἐβαδίζομεν","FALSE"
"241",",","FALSE"
"242","καὶ","TRUE"
"243","κατελάβομεν","FALSE"
"244","τὸν","TRUE"
"245","Ἀντιφῶντα","FALSE"
"246","οἴκοι","FALSE"
"247",",","FALSE"
"248","χαλινόν","FALSE"
"249","τινα","TRUE"
"250","χαλκεῖ","FALSE"
"251","ἐκδιδόντα","FALSE"
"252","σκευάσαι","FALSE"
"253","·","FALSE"
"254","ἐπειδὴ","FALSE"
"255","δὲ","TRUE"
"256","ἐκείνου","FALSE"
"257","ἀπηλλάγη","FALSE"
"258","οἵ","TRUE"
"259","τε","TRUE"
"260","ἀδελφοὶ","FALSE"
"261","ἔλεγον","FALSE"
"262","αὐτῷ","TRUE"
"263","ὧν","TRUE"
"264","ἕνεκα","FALSE"
"265","παρεῖμεν","FALSE"
"266",",","FALSE"
"267","ἀνεγνώρισέν","FALSE"
"268","τέ","TRUE"
"269","με","TRUE"
"270","ἐκ","TRUE"
"271","τῆς","TRUE"
"272","προτέρας","FALSE"
"273","ἐπιδημίας","FALSE"
"274","καί","TRUE"
"275","με","TRUE"
"276","ἠσπάζετο","FALSE"
"277",",","FALSE"
"278","καὶ","TRUE"
"279","δεομένων","FALSE"
"280","ἡμῶν","TRUE"
"281","διελθεῖν","FALSE"
"282","τοὺς","TRUE"
"283","λόγους","FALSE"
"284",",","FALSE"
"285","τὸ","TRUE"
"286","μὲν","TRUE"
"287","πρῶτον","FALSE"
"288","ὤκνει","FALSE"
"289","—","FALSE"
"290","πολὺ","FALSE"
"291","γὰρ","TRUE"
"292","ἔφη","FALSE"
"293","ἔργον","FALSE"
"294","εἶναι","TRUE"
"295","—","FALSE"
"296","ἔπειτα","FALSE"
"297","μέντοι","FALSE"
"298","διηγεῖτο","FALSE"
"299",".","FALSE"
"300","ἔφη","FALSE"
"301","δὲ","TRUE"
"302","δὴ","TRUE"
"303","ὁ","TRUE"
"304","Ἀντιφῶν","FALSE"
"305","λέγειν","FALSE"
"306","τὸν","TRUE"
"307","Πυθόδωρον","FALSE"
"308","ὅτι","TRUE"
"309","ἀφίκοιντό","FALSE"
"310","ποτε","FALSE"
"311","εἰς","TRUE"
"312","Παναθήναια","FALSE"
"313","τὰ","TRUE"
"314","μεγάλα","FALSE"
"315","Ζήνων","FALSE"
"316","τε","TRUE"
"317","καὶ","TRUE"
"318","Παρμενίδης","FALSE"
"319",".","FALSE"
"320","τὸν","TRUE"
"321","μὲν","TRUE"
"322","οὖν","TRUE"
"323","Παρμενίδην","FALSE"
"324","εὖ","FALSE"
"325","μάλα","FALSE"
"326","ἤδη","FALSE"
"327","πρεσβύτην","FALSE"
"328","εἶναι","TRUE"
"329",",","FALSE"
"330","σφόδρα","FALSE"
"331","πολιόν","FALSE"
"332",",","FALSE"
"333","καλὸν","FALSE"
"334","δὲ","TRUE"
"335","κἀγαθὸν","FALSE"
"336","τὴν","TRUE"
"337","ὄψιν","FALSE"
"338",",","FALSE"
"339","περὶ","TRUE"
"340","ἔτη","FALSE"
"341","μάλιστα","FALSE"
"342","πέντε","FALSE"
"343","καὶ","TRUE"
"344","ἑξήκοντα","FALSE"
"345","·","FALSE"
"346","Ζήνωνα","FALSE"
"347","δὲ","TRUE"
"348","ἐγγὺς","FALSE"
"349","τῶν","TRUE"
"350","τετταράκοντα","FALSE"
"351","τότε","FALSE"
"352","εἶναι","TRUE"
"353",",","FALSE"
"354","εὐμήκη","FALSE"
"355","δὲ","TRUE"
"356","καὶ","TRUE"
"357","χαρίεντα","FALSE"
"358","ἰδεῖν","FALSE"
"359",",","FALSE"
"360","καὶ","TRUE"
"361","λέγεσθαι","FALSE"
"362","αὐτὸν","TRUE"
"363","παιδικὰ","FALSE"
"364","τοῦ","TRUE"
"365","Παρμενίδου","FALSE"
"366","γεγονέναι","FALSE"
"367",".","FALSE"
"368","καταλύειν","FALSE"
"369","δὲ","TRUE"
"370","αὐτοὺς","TRUE"
"371","ἔφη","FALSE"
"372","παρὰ","TRUE"
"373","τῷ","TRUE"
"374","Πυθοδώρῳ","FALSE"
"375","ἐκτὸς","FALSE"
"376","τείχους","FALSE"
"377","ἐν","TRUE"
"378","Κεραμεικῷ","FALSE"
"379","·","FALSE"
"380","οἷ","FALSE"
"381","δὴ","TRUE"
"382","καὶ","TRUE"
"383","ἀφικέσθαι","FALSE"
"384","τόν","TRUE"
"385","τε","TRUE"
"386","Σωκράτη","FALSE"
"387","καὶ","TRUE"
"388","ἄλλους","TRUE"
"389","τινὰς","TRUE"
"390","μετʼ","FALSE"
"391","αὐτοῦ","TRUE"
"392","πολλούς","FALSE"
"393",",","FALSE"
"394","ἐπιθυμοῦντας","FALSE"
"395","ἀκοῦσαι","FALSE"
"396","τῶν","TRUE"
"397","τοῦ","TRUE"
"398","Ζήνωνος","FALSE"
"399","γραμμάτων","FALSE"
"400","—","FALSE"
"401","τότε","FALSE"
"402","γὰρ","TRUE"
"403","αὐτὰ","TRUE"
"404","πρῶτον","FALSE"
"405","ὑπʼ","FALSE"
"406","ἐκείνων","FALSE"
"407","κομισθῆναι","FALSE"
"408","—","FALSE"
"409","Σωκράτη","FALSE"
"410","δὲ","TRUE"
"411","εἶναι","TRUE"
"412","τότε","FALSE"
"413","σφόδρα","FALSE"
"414","νέον","FALSE"
"415",".","FALSE"
"416","ἀναγιγνώσκειν","FALSE"
"417","οὖν","TRUE"
"418","αὐτοῖς","TRUE"
"419","τὸν","TRUE"
"420","Ζήνωνα","FALSE"
"421","αὐτόν","TRUE"
"422",",","FALSE"
"423","τὸν","TRUE"
"424","δὲ","TRUE"
"425","Παρμενίδην","FALSE"
"426","τυχεῖν","FALSE"
"427","ἔξω","FALSE"
"428","ὄντα","TRUE"
"429","·","FALSE"
"430","καὶ","TRUE"
"431","εἶναι","TRUE"
"432","πάνυ","FALSE"
"433","βραχὺ","FALSE"
"434","ἔτι","TRUE"
"435","λοιπὸν","FALSE"
"436","τῶν","TRUE"
"437","λόγων","FALSE"
"438","ἀναγιγνωσκομένων","FALSE"
"439",",","FALSE"
"440","ἡνίκα","FALSE"
"441","αὐτός","TRUE"
"442","τε","TRUE"
"443","ἐπεισελθεῖν","FALSE"
"444","ἔφη","FALSE"
"445","ὁ","TRUE"
"446","Πυθόδωρος","FALSE"
"447","ἔξωθεν","FALSE"
"448","καὶ","TRUE"
"449","τὸν","TRUE"
"450","Παρμενίδην","FALSE"
"451","μετʼ","FALSE"
"452","αὐτοῦ","TRUE"
"453","καὶ","TRUE"
"454","Ἀριστοτέλη","FALSE"
"455","τὸν","TRUE"
"456","τῶν","TRUE"
"457","τριάκοντα","FALSE"
"458","γενόμενον","FALSE"
"459",",","FALSE"
"460","καὶ","TRUE"
"461","σμίκρʼ","FALSE"
"462","ἄττα","FALSE"
"463","ἔτι","TRUE"
"464","ἐπακοῦσαι","FALSE"
"465","τῶν","TRUE"
"466","γραμμάτων","FALSE"
"467","·","FALSE"
"468","οὐ","TRUE"
"469","μὴν","FALSE"
"470","αὐτός","TRUE"
"471","γε","TRUE"
"472",",","FALSE"
"473","ἀλλὰ","TRUE"
"474","καὶ","TRUE"
"475","πρότερον","FALSE"
"476","ἀκηκοέναι","FALSE"
"477","τοῦ","TRUE"
"478","Ζήνωνος","FALSE"
"479",".","FALSE"
"480","τὸν","TRUE"
"481","οὖν","TRUE"
"482","Σωκράτη","FALSE"
"483","ἀκούσαντα","FALSE"
"484","πάλιν","FALSE"
"485","τε","TRUE"
"486","κελεῦσαι","FALSE"
"487","τὴν","TRUE"
"488","πρώτην","FALSE"
"489","ὑπόθεσιν","FALSE"
"490","τοῦ","TRUE"
"491","πρώτου","FALSE"
"492","λόγου","FALSE"
"493","ἀναγνῶναι","FALSE"
"494",",","FALSE"
"495","καὶ","TRUE"
"496","ἀναγνωσθείσης","FALSE"
"497",",","FALSE"
"498","πῶς","FALSE"
"499",",","FALSE"
"500","φάναι","FALSE"
"501",",","FALSE"
"502","ὦ","TRUE"
"503","Ζήνων","FALSE"
"504",",","FALSE"
"505","τοῦτο","TRUE"
"506","λέγεις","FALSE"
"507",";","FALSE"
"508","εἰ","TRUE"
"509","πολλά","FALSE"
"510","ἐστι","TRUE"
"511","τὰ","TRUE"
"512","ὄντα","TRUE"
"513",",","FALSE"
"514","ὡς","TRUE"
"515","ἄρα","TRUE"
"516","δεῖ","FALSE"
"517","αὐτὰ","TRUE"
"518","ὅμοιά","FALSE"
"519","τε","TRUE"
"520","εἶναι","TRUE"
"521","καὶ","TRUE"
"522","ἀνόμοια","FALSE"
"523",",","FALSE"
"524","τοῦτο","TRUE"
"525","δὲ","TRUE"
"526","δὴ","TRUE"
"527","ἀδύνατον","FALSE"
"528","·","FALSE"
"529","οὔτε","TRUE"
"530","γὰρ","TRUE"
"531","τὰ","TRUE"
"532","ἀνόμοια","FALSE"
"533","ὅμοια","FALSE"
"534","οὔτε","TRUE"
"535","τὰ","TRUE"
"536","ὅμοια","FALSE"
"537","ἀνόμοια","FALSE"
"538","οἷόν","FALSE"
"539","τε","TRUE"
"540","εἶναι","TRUE"
"541",";","FALSE"
"542","οὐχ","TRUE"
"543","οὕτω","TRUE"
"544","λέγεις","FALSE"
"545",";","FALSE"
"546","οὕτω","TRUE"
"547",",","FALSE"
"548","φάναι","FALSE"
"549","τὸν","TRUE"
"550","Ζήνωνα","FALSE"
"551",".","FALSE"
"552","οὐκοῦν","FALSE"
"553","εἰ","TRUE"
"554","ἀδύνατον","FALSE"
"555","τά","TRUE"
"556","τε","TRUE"
"557","ἀνόμοια","FALSE"
"558","ὅμοια","FALSE"
"559","εἶναι","TRUE"
"560","καὶ","TRUE"
"561","τὰ","TRUE"
"562","ὅμοια","FALSE"
"563","ἀνόμοια","FALSE"
"564",",","FALSE"
"565","ἀδύνατον","FALSE"
"566","δὴ","TRUE"
"567","καὶ","TRUE"
"568","πολλὰ","FALSE"
"569","εἶναι","TRUE"
"570",";","FALSE"
"571","εἰ","TRUE"
"572","γὰρ","TRUE"
"573","πολλὰ","FALSE"
"574","εἴη","TRUE"
"575",",","FALSE"
"576","πάσχοι","FALSE"
"577","ἂν","TRUE"
"578","τὰ","TRUE"
"579","ἀδύνατα","FALSE"
"580",".","FALSE"
"581","ἆρα","FALSE"
"582","τοῦτό","TRUE"
"583","ἐστιν","TRUE"
"584","ὃ","TRUE"
"585","βούλονταί","FALSE"
"586","σου","TRUE"
"587","οἱ","TRUE"
"588","λόγοι","FALSE"
"589",",","FALSE"
"590","οὐκ","TRUE"
"591","ἄλλο","TRUE"
"592","τι","TRUE"
"593","ἢ","TRUE"
"594","διαμάχεσθαι","FALSE"
"595","παρὰ","TRUE"
"596","πάντα","FALSE"
"597","τὰ","TRUE"
"598","λεγόμενα","FALSE"
"599","ὡς","TRUE"
"600","οὐ","TRUE"
"601","πολλά","FALSE"
"602","ἐστι","TRUE"
"603",";","FALSE"
"604","καὶ","TRUE"
"605","τούτου","TRUE"
"606","αὐτοῦ","TRUE"
"607","οἴει","FALSE"
"608","σοι","TRUE"
"609","τεκμήριον","FALSE"
"610","εἶναι","TRUE"
"611","ἕκαστον","FALSE"
"612","τῶν","TRUE"
"613","λόγων","FALSE"
"614",",","FALSE"
"615","ὥστε","TRUE"
"616","καὶ","TRUE"
"617","ἡγῇ","FALSE"
"618","τοσαῦτα","FALSE"
"619","τεκμήρια","FALSE"
"620","παρέχεσθαι","FALSE"
"621",",","FALSE"
"622","ὅσουσπερ","FALSE"
"623","λόγους","FALSE"
"624","γέγραφας","FALSE"
"625",",","FALSE"
"626","ὡς","TRUE"
"627","οὐκ","TRUE"
"628","ἔστι","TRUE"
"629","πολλά","FALSE"
"630",";","FALSE"
"631","οὕτω","TRUE"
"632","λέγεις","FALSE"
"633",",","FALSE"
"634","ἢ","TRUE"
"635","ἐγὼ","TRUE"
"636","οὐκ","TRUE"
"637","ὀρθῶς","FALSE"
"638","καταμανθάνω","FALSE"
"639",";","FALSE"
"640","οὔκ","FALSE"
"641",",","FALSE"
"642","ἀλλά","TRUE"
"643",",","FALSE"
"644","φάναι","FALSE"
"645","τὸν","TRUE"
"646","Ζήνωνα","FALSE"
"647",",","FALSE"
"648","καλῶς","FALSE"
"649","συνῆκας","FALSE"
"650","ὅλον","FALSE"
"651","τὸ","TRUE"
"652","γράμμα","FALSE"
"653","ὃ","TRUE"
"654","βούλεται","FALSE"
"655",".","FALSE"
"656","μανθάνω","FALSE"
"657",",","FALSE"
"658","εἰπεῖν","FALSE"
"659","τὸν","TRUE"
"660","Σωκράτη","FALSE"
"661",",","FALSE"
"662","ὦ","TRUE"
"663","Παρμενίδη","FALSE"
"664",",","FALSE"
"665","ὅτι","TRUE"
"666","Ζήνων","FALSE"
"667","ὅδε","TRUE"
"668","οὐ","TRUE"
"669","μόνον","FALSE"
"670","τῇ","TRUE"
"671","ἄλλῃ","TRUE"
"672","σου","TRUE"
"673","φιλίᾳ","FALSE"
"674","βούλεται","FALSE"
"675","ᾠκειῶσθαι","FALSE"
"676",",","FALSE"
"677","ἀλλὰ","TRUE"
"678","καὶ","TRUE"
"679","τῷ","TRUE"
"680","συγγράμματι","FALSE"
"681",".","FALSE"
"682","ταὐτὸν","TRUE"
"683","γὰρ","TRUE"
"684","γέγραφε","FALSE"
"685","τρόπον","FALSE"
"686","τινὰ","TRUE"
"687","ὅπερ","FALSE"
"688","σύ","TRUE"
"689",",","FALSE"
"690","μεταβάλλων","FALSE"
"691","δὲ","TRUE"
"692","ἡμᾶς","TRUE"
"693","πειρᾶται","FALSE"
"694","ἐξαπατᾶν","FALSE"
"695","ὡς","TRUE"
"696","ἕτερόν","FALSE"
"697","τι","TRUE"
"698","λέγων","FALSE"
"699",".","FALSE"
"700","σὺ","TRUE"
"701","μὲν","TRUE"
"702","γὰρ","TRUE"
"703","ἐν","TRUE"
"704","τοῖς","TRUE"
"705","ποιήμασιν","FALSE"
"706","ἓν","FALSE"
"707","φῂς","FALSE"
"708","εἶναι","TRUE"
"709","τὸ","TRUE"
"710","πᾶν","FALSE"
"711",",","FALSE"
"712","καὶ","TRUE"
"713","τούτων","TRUE"
"714","τεκμήρια","FALSE"
"715","παρέχῃ","FALSE"
"716","καλῶς","FALSE"
"717","τε","TRUE"
"718","καὶ","TRUE"
"719","εὖ","FALSE"
"720","·","FALSE"
"721","ὅδε","TRUE"
"722","δὲ","TRUE"
"723","αὖ","FALSE"
"724","οὐ","TRUE"
"725","πολλά","FALSE"
"726","φησιν","FALSE"
"727","εἶναι","TRUE"
"728",",","FALSE"
"729","τεκμήρια","FALSE"
"730","δὲ","TRUE"
"731","καὶ","TRUE"
"732","αὐτὸς","TRUE"
"733","πάμπολλα","FALSE"
"734","καὶ","TRUE"
"735","παμμεγέθη","FALSE"
"736","παρέχεται","FALSE"
"737",".","FALSE"
"738","τὸ","TRUE"
"739","οὖν","TRUE"
"740","τὸν","TRUE"
"741","μὲν","TRUE"
"742","ἓν","FALSE"
"743","φάναι","FALSE"
"744",",","FALSE"
"745","τὸν","TRUE"
"746","δὲ","TRUE"
"747","μὴ","TRUE"
"748","πολλά","FALSE"
"749",",","FALSE"
"750","καὶ","TRUE"
"751","οὕτως","TRUE"
"752","ἑκάτερον","FALSE"
"753","λέγειν","FALSE"
"754","ὥστε","TRUE"
"755","μηδὲν","FALSE"
"756","τῶν","TRUE"
"757","αὐτῶν","TRUE"
"758","εἰρηκέναι","FALSE"
"759","δοκεῖν","FALSE"
"760","σχεδόν","FALSE"
"761","τι","TRUE"
"762","λέγοντας","FALSE"
"763","ταὐτά","FALSE"
"764",",","FALSE"
"765","ὑπὲρ","TRUE"
"766","ἡμᾶς","TRUE"
"767","τοὺς","TRUE"
"768","ἄλλους","TRUE"
"769","φαίνεται","FALSE"
"770","ὑμῖν","TRUE"
"771","τὰ","TRUE"
"772","εἰρημένα","FALSE"
"773","εἰρῆσθαι","FALSE"
"774",".","FALSE"
"775","ναί","FALSE"
"776",",","FALSE"
"777","φάναι","FALSE"
"778","τὸν","TRUE"
"779","Ζήνωνα","FALSE"
"780",",","FALSE"
"781","ὦ","TRUE"
"782","Σώκρατες","FALSE"
"783",".","FALSE"
"784","σὺ","TRUE"
"785","δʼ","FALSE"
"786","οὖν","TRUE"
"787","τὴν","TRUE"
"788","ἀλήθειαν","FALSE"
"789","τοῦ","TRUE"
"790","γράμματος","FALSE"
"791","οὐ","TRUE"
"792","πανταχοῦ","FALSE"
"793","ᾔσθησαι","FALSE"
"794",".","FALSE"
"795","καίτοι","FALSE"
"796","ὥσπερ","FALSE"
"797","γε","TRUE"
"798","αἱ","TRUE"
"799","Λάκαιναι","FALSE"
"800","σκύλακες","FALSE"
"801","εὖ","FALSE"
"802","μεταθεῖς","FALSE"
"803","τε","TRUE"
"804","καὶ","TRUE"
"805","ἰχνεύεις","FALSE"
"806","τὰ","TRUE"
"807","λεχθέντα","FALSE"
"808","·","FALSE"
"809","ἀλλὰ","TRUE"
"810","πρῶτον","FALSE"
"811","μέν","TRUE"
"812","σε","TRUE"
"813","τοῦτο","TRUE"
"814","λανθάνει","FALSE"
"815",",","FALSE"
"816","ὅτι","TRUE"
"817","οὐ","TRUE"
"818","παντάπασιν","FALSE"
"819","οὕτω","TRUE"
"820","σεμνύνεται","FALSE"
"821","τὸ","TRUE"
"822","γράμμα","FALSE"
"823",",","FALSE"
"824","ὥστε","TRUE"
"825","ἅπερ","TRUE"
"826","σὺ","TRUE"
"827","λέγεις","FALSE"
"828","διανοηθὲν","FALSE"
"829","γραφῆναι","FALSE"
"830",",","FALSE"
"831","τοὺς","TRUE"
"832","ἀνθρώπους","FALSE"
"833","δὲ","TRUE"
"834","ἐπικρυπτόμενον","FALSE"
"835","ὥς","TRUE"
"836","τι","TRUE"
"837","μέγα","FALSE"
"838","διαπραττόμενον","FALSE"
"839","·","FALSE"
"840","ἀλλὰ","TRUE"
"841","σὺ","TRUE"
"842","μὲν","TRUE"
"843","εἶπες","FALSE"
"844","τῶν","TRUE"
"845","συμβεβηκότων","FALSE"
"846","τι","TRUE"
"847",",","FALSE"
"848","ἔστι","TRUE"
"849","δὲ","TRUE"
"850","τό","TRUE"
"851","γε","TRUE"
"852","ἀληθὲς","FALSE"
"853","βοήθειά","FALSE"
"854","τις","TRUE"
"855","ταῦτα","TRUE"
"856","τὰ","TRUE"
"857","γράμματα","FALSE"
"858","τῷ","TRUE"
"859","Παρμενίδου","FALSE"
"860","λόγῳ","FALSE"
"861","πρὸς","TRUE"
"862","τοὺς","TRUE"
"863","ἐπιχειροῦντας","FALSE"
"864","αὐτὸν","TRUE"
"865","κωμῳδεῖν","FALSE"
"866","ὡς","TRUE"
"867","εἰ","TRUE"
"868","ἕν","FALSE"
"869","ἐστι","TRUE"
"870",",","FALSE"
"871","πολλὰ","FALSE"
"872","καὶ","TRUE"
"873","γελοῖα","FALSE"
"874","συμβαίνει","FALSE"
"875","πάσχειν","FALSE"
"876","τῷ","TRUE"
"877","λόγῳ","FALSE"
"878","καὶ","TRUE"
"879","ἐναντία","FALSE"
"880","αὑτῷ","TRUE"
"881",".","FALSE"
"882","ἀντιλέγει","FALSE"
"883","δὴ","TRUE"
"884","οὖν","TRUE"
"885","τοῦτο","TRUE"
"886","τὸ","TRUE"
"887","γράμμα","FALSE"
"888","πρὸς","TRUE"
"889","τοὺς","TRUE"
"890","τὰ","TRUE"
"891","πολλὰ","FALSE"
"892","λέγοντας","FALSE"
"893",",","FALSE"
"894","καὶ","TRUE"
"895","ἀνταποδίδωσι","FALSE"
"896","ταὐτὰ","TRUE"
"897","καὶ","TRUE"
"898","πλείω","FALSE"
"899",",","FALSE"
"900","τοῦτο","TRUE"
"901","βουλόμενον","FALSE"
"902","δηλοῦν","FALSE"
"903",",","FALSE"
"904","ὡς","TRUE"
"905","ἔτι","TRUE"
"906","γελοιότερα","FALSE"
"907","πάσχοι","FALSE"
"908","ἂν","TRUE"
"909","αὐτῶν","TRUE"
"910","ἡ","TRUE"
"911","ὑπόθεσις","FALSE"
"912",",","FALSE"
"913","εἰ","TRUE"
"914","πολλά","FALSE"
"915","ἐστιν","TRUE"
"916",",","FALSE"
"917","ἢ","TRUE"
"918","ἡ","TRUE"
"919","τοῦ","TRUE"
"920","ἓν","FALSE"
"921","εἶναι","TRUE"
"922",",","FALSE"
"923","εἴ","TRUE"
"924","τις","TRUE"
"925","ἱκανῶς","FALSE"
"926","ἐπεξίοι","FALSE"
"927",".","FALSE"
"928","διὰ","TRUE"
"929","τοιαύτην","TRUE"
"930","δὴ","TRUE"
"931","φιλονικίαν","FALSE"
"932","ὑπὸ","TRUE"
"933","νέου","FALSE"
"934","ὄντος","TRUE"
"935","ἐμοῦ","TRUE"
"936","ἐγράφη","FALSE"
"937",",","FALSE"
"938","καί","TRUE"
"939","τις","TRUE"
"940","αὐτὸ","TRUE"
"941","ἔκλεψε","FALSE"
"942","γραφέν","FALSE"
"943",",","FALSE"
"944","ὥστε","TRUE"
"945","οὐδὲ","TRUE"
"946","βουλεύσασθαι","FALSE"
"947","ἐξεγένετο","FALSE"
"948","εἴτʼ","FALSE"
"949","ἐξοιστέον","FALSE"
"950","αὐτὸ","TRUE"
"951","εἰς","TRUE"
"952","τὸ","TRUE"
"953","φῶς","FALSE"
"954","εἴτε","FALSE"
"955","μή","TRUE"
"956",".","FALSE"
"957","ταύτῃ","TRUE"
"958","οὖν","TRUE"
"959","σε","TRUE"
"960","λανθάνει","FALSE"
"961",",","FALSE"
"962","ὦ","TRUE"
"963","Σώκρατες","FALSE"
"964",",","FALSE"
"965","ὅτι","TRUE"
"966","οὐχ","TRUE"
"967","ὑπὸ","TRUE"
"968","νέου","FALSE"
"969","φιλονικίας","FALSE"
"970","οἴει","FALSE"
"971","αὐτὸ","TRUE"
"972","γεγράφθαι","FALSE"
"973",",","FALSE"
"974","ἀλλʼ","FALSE"
"975","ὑπὸ","TRUE"
"976","πρεσβυτέρου","FALSE"
"977","φιλοτιμίας","FALSE"
"978","·","FALSE"
"979","ἐπεί","FALSE"
"980",",","FALSE"
"981","ὅπερ","FALSE"
"982","γʼ","FALSE"
"983","εἶπον","FALSE"
"984",",","FALSE"
"985","οὐ","TRUE"
"986","κακῶς","FALSE"
"987","ἀπῄκασας","FALSE"
"988",".","FALSE"
"989","ἀλλʼ","FALSE"
"990","ἀποδέχομαι","FALSE"
"991",",","FALSE"
"992","φάναι","FALSE"
"993","τὸν","TRUE"
"994","Σωκράτη","FALSE"
"995",",","FALSE"
"996","καὶ","TRUE"
"997","ἡγοῦμαι","FALSE"
"998","ὡς","TRUE"
"999","λέγεις","FALSE"
"1000","ἔχειν","FALSE"
"1001",".","FALSE"
"1002","τόδε","TRUE"
"1003","δέ","TRUE"
"1004","μοι","TRUE"
"1005","εἰπέ","FALSE"
"1006","·","FALSE"
"1007","οὐ","TRUE"
"1008","νομίζεις","FALSE"
"1009","εἶναι","TRUE"
"1010","αὐτὸ","TRUE"
"1011","καθʼ","FALSE"
"1012","αὑτὸ","FALSE"
"1013","εἶδός","FALSE"
"1014","τι","TRUE"
"1015","ὁμοιότητος","FALSE"
"1016",",","FALSE"
"1017","καὶ","TRUE"
"1018","τῷ","TRUE"
"1019","τοιούτῳ","TRUE"
"1020","αὖ","FALSE"
"1021","ἄλλο","TRUE"
"1022","τι","TRUE"
"1023","ἐναντίον","FALSE"
"1024",",","FALSE"
"1025","ὃ","TRUE"
"1026","ἔστιν","TRUE"
"1027","ἀνόμοιον","FALSE"
"1028","·","FALSE"
"1029","τούτοιν","FALSE"
"1030","δὲ","TRUE"
"1031","δυοῖν","FALSE"
"1032","ὄντοιν","FALSE"
"1033","καὶ","TRUE"
"1034","ἐμὲ","TRUE"
"1035","καὶ","TRUE"
"1036","σὲ","TRUE"
"1037","καὶ","TRUE"
"1038","τἆ","FALSE"
"1039","λλα","FALSE"
"1040","ἃ","TRUE"
"1041","δὴ","TRUE"
"1042","πολλὰ","FALSE"
"1043","καλοῦμεν","FALSE"
"1044","μεταλαμβάνειν","FALSE"
"1045",";","FALSE"
"1046","καὶ","TRUE"
"1047","τὰ","TRUE"
"1048","μὲν","TRUE"
"1049","τῆς","TRUE"
"1050","ὁμοιότητος","FALSE"
"1051","μεταλαμβάνοντα","FALSE"
"1052","ὅμοια","FALSE"
"1053","γίγνεσθαι","FALSE"
"1054","ταύτῃ","TRUE"
"1055","τε","TRUE"
"1056","καὶ","TRUE"
"1057","κατὰ","TRUE"
"1058","τοσοῦτον","FALSE"
"1059","ὅσον","FALSE"
"1060","ἂν","TRUE"
"1061","μεταλαμβάνῃ","FALSE"
"1062",",","FALSE"
"1063","τὰ","TRUE"
"1064","δὲ","TRUE"
"1065","τῆς","TRUE"
"1066","ἀνομοιότητος","FALSE"
"1067","ἀνόμοια","FALSE"
"1068",",","FALSE"
"1069","τὰ","TRUE"
"1070","δὲ","TRUE"
"1071","ἀμφοτέρων","FALSE"
"1072","ἀμφότερα","FALSE"
"1073",";","FALSE"
"1074","εἰ","TRUE"
"1075","δὲ","TRUE"
"1076","καὶ","TRUE"
"1077","πάντα","FALSE"
"1078","ἐναντίων","FALSE"
"1079","ὄντων","TRUE"
"1080","ἀμφοτέρων","FALSE"
"1081","μεταλαμβάνει","FALSE"
"1082",",","FALSE"
"1083","καὶ","TRUE"
"1084","ἔστι","TRUE"
"1085","τῷ","TRUE"
"1086","μετέχειν","FALSE"
"1087","ἀμφοῖν","FALSE"
"1088","ὅμοιά","FALSE"
"1089","τε","TRUE"
"1090","καὶ","TRUE"
"1091","ἀνόμοια","FALSE"
"1092","αὐτὰ","TRUE"
"1093","αὑτοῖς","TRUE"
"1094",",","FALSE"
"1095","τί","TRUE"
"1096","θαυμαστόν","FALSE"
"1097",";","FALSE"
"1098","εἰ","TRUE"
"1099","μὲν","TRUE"
"1100","γὰρ","TRUE"
"1101","αὐτὰ","TRUE"
"1102","τὰ","TRUE"
"1103","ὅμοιά","FALSE"
"1104","τις","TRUE"
"1105","ἀπέφαινεν","FALSE"
"1106","ἀνόμοια","FALSE"
"1107","γιγνόμενα","FALSE"
"1108","ἢ","TRUE"
"1109","τὰ","TRUE"
"1110","ἀνόμοια","FALSE"
"1111","ὅμοια","FALSE"
"1112",",","FALSE"
"1113","τέρας","FALSE"
"1114","ἂν","TRUE"
"1115","οἶμαι","FALSE"
"1116","ἦν","TRUE"
"1117","·","FALSE"
"1118","εἰ","TRUE"
"1119","δὲ","TRUE"
"1120","τὰ","TRUE"
"1121","τούτων","TRUE"
"1122","μετέχοντα","FALSE"
"1123","ἀμφοτέρων","FALSE"
"1124","ἀμφότερα","FALSE"
"1125","ἀποφαίνει","FALSE"
"1126","πεπονθότα","FALSE"
"1127",",","FALSE"
"1128","οὐδὲν","TRUE"
"1129","ἔμοιγε","TRUE"
"1130",",","FALSE"
"1131","ὦ","TRUE"
"1132","Ζήνων","FALSE"
"1133",",","FALSE"
"1134","ἄτοπον","FALSE"
"1135","δοκεῖ","FALSE"
"1136",",","FALSE"
"1137","οὐδέ","TRUE"
"1138","γε","TRUE"
"1139","εἰ","TRUE"
"1140","ἓν","FALSE"
"1141","ἅπαντα","FALSE"
"1142","ἀποφαίνει","FALSE"
"1143","τις","TRUE"
"1144","τῷ","TRUE"
"1145","μετέχειν","FALSE"
"1146","τοῦ","TRUE"
"1147","ἑνὸς","FALSE"
"1148","καὶ","TRUE"
"1149","ταὐτὰ","TRUE"
"1150","ταῦτα","TRUE"
"1151","πολλὰ","FALSE"
"1152","τῷ","TRUE"
"1153","πλήθους","FALSE"
"1154","αὖ","FALSE"
"1155","μετέχειν","FALSE"
"1156",".","FALSE"
"1157","ἀλλʼ","FALSE"
"1158","εἰ","TRUE"
"1159","ὃ","TRUE"
"1160","ἔστιν","TRUE"
"1161","ἕν","FALSE"
"1162",",","FALSE"
"1163","αὐτὸ","TRUE"
"1164","τοῦτο","TRUE"
"1165","πολλὰ","FALSE"
"1166","ἀποδείξει","FALSE"
"1167","καὶ","TRUE"
"1168","αὖ","FALSE"
"1169","τὰ","TRUE"
"1170","πολλὰ","FALSE"
"1171","δὴ","TRUE"
"1172","ἕν","FALSE"
"1173",",","FALSE"
"1174","τοῦτο","TRUE"
"1175","ἤδη","FALSE"
"1176","θαυμάσομαι","FALSE"
"1177",".","FALSE"
"1178","καὶ","TRUE"
"1179","περὶ","TRUE"
"1180","τῶν","TRUE"
"1181","ἄλλων","TRUE"
"1182","ἁπάντων","FALSE"
"1183","ὡσαύτως","FALSE"
"1184","·","FALSE"
"1185","εἰ","TRUE"
"1186","μὲν","TRUE"
"1187","αὐτὰ","TRUE"
"1188","τὰ","TRUE"
"1189","γένη","FALSE"
"1190","τε","TRUE"
"1191","καὶ","TRUE"
"1192","εἴδη","FALSE"
"1193","ἐν","TRUE"
"1194","αὑτοῖς","TRUE"
"1195","ἀποφαίνοι","FALSE"
"1196","τἀναντία","FALSE"
"1197","ταῦτα","TRUE"
"1198","πάθη","FALSE"
"1199","πάσχοντα","FALSE"
"1200",",","FALSE"
"1201","ἄξιον","FALSE"
"1202","θαυμάζειν","FALSE"
"1203","·","FALSE"
"1204","εἰ","TRUE"
"1205","δʼ","FALSE"
"1206","ἐμὲ","TRUE"
"1207","ἕν","FALSE"
"1208","τις","TRUE"
"1209","ἀποδείξει","FALSE"
"1210","ὄντα","TRUE"
"1211","καὶ","TRUE"
"1212","πολλά","FALSE"
"1213",",","FALSE"
"1214","τί","TRUE"
"1215","θαυμαστόν","FALSE"
"1216",",","FALSE"
"1217","λέγων","FALSE"
"1218",",","FALSE"
"1219","ὅταν","FALSE"
"1220","μὲν","TRUE"
"1221","βούληται","FALSE"
"1222","πολλὰ","FALSE"
"1223","ἀποφῆναι","FALSE"
"1224",",","FALSE"
"1225","ὡς","TRUE"
"1226","ἕτερα","FALSE"
"1227","μὲν","TRUE"
"1228","τὰ","TRUE"
"1229","ἐπὶ","TRUE"
"1230","δεξιά","FALSE"
"1231","μού","FALSE"
"1232","ἐστιν","TRUE"
"1233",",","FALSE"
"1234","ἕτερα","FALSE"
"1235","δὲ","TRUE"
"1236","τὰ","TRUE"
"1237","ἐπʼ","FALSE"
"1238","ἀριστερά","FALSE"
"1239",",","FALSE"
"1240","καὶ","TRUE"
"1241","ἕτερα","FALSE"
"1242","μὲν","TRUE"
"1243","τὰ","TRUE"
"1244","πρόσθεν","FALSE"
"1245",",","FALSE"
"1246","ἕτερα","FALSE"
"1247","δὲ","TRUE"
"1248","τὰ","TRUE"
"1249","ὄπισθεν","FALSE"
"1250",",","FALSE"
"1251","καὶ","TRUE"
"1252","ἄνω","FALSE"
"1253","καὶ","TRUE"
"1254","κάτω","FALSE"
"1255","ὡσαύτως","FALSE"
"1256","—","FALSE"
"1257","πλήθους","FALSE"
"1258","γὰρ","TRUE"
"1259","οἶμαι","FALSE"
"1260","μετέχω","FALSE"
"1261","—","FALSE"
"1262","ὅταν","FALSE"
"1263","δὲ","TRUE"
"1264","ἕν","FALSE"
"1265",",","FALSE"
"1266","ἐρεῖ","FALSE"
"1267","ὡς","TRUE"
"1268","ἑπτὰ","FALSE"
"1269","ἡμῶν","TRUE"
"1270","ὄντων","TRUE"
"1271","εἷς","FALSE"
"1272","ἐγώ","TRUE"
"1273","εἰμι","TRUE"
"1274","ἄνθρωπος","FALSE"
"1275","μετέχων","FALSE"
"1276","καὶ","TRUE"
"1277","τοῦ","TRUE"
"1278","ἑνός","FALSE"
"1279","·","FALSE"
"1280","ὥστε","TRUE"
"1281","ἀληθῆ","FALSE"
"1282","ἀποφαίνει","FALSE"
"1283","ἀμφότερα","FALSE"
"1284",".","FALSE"
"1285","ἐὰν","TRUE"
"1286","οὖν","TRUE"
"1287","τις","TRUE"
"1288","τοιαῦτα","TRUE"
"1289","ἐπιχειρῇ","FALSE"
"1290","πολλὰ","FALSE"
"1291","καὶ","TRUE"
"1292","ἓν","FALSE"
"1293","ταὐτὸν","TRUE"
"1294","ἀποφαίνειν","FALSE"
"1295",",","FALSE"
"1296","λίθους","FALSE"
"1297","καὶ","TRUE"
"1298","ξύλα","FALSE"
"1299","καὶ","TRUE"
"1300","τὰ","TRUE"
"1301","τοιαῦτα","TRUE"
"1302",",","FALSE"
"1303","τὶ","FALSE"
"1304","φήσομεν","FALSE"
"1305","αὐτὸν","TRUE"
"1306","πολλὰ","FALSE"
"1307","καὶ","TRUE"
"1308","ἓν","FALSE"
"1309","ἀποδεικνύναι","FALSE"
"1310",",","FALSE"
"1311","οὐ","TRUE"
"1312","τὸ","TRUE"
"1313","ἓν","FALSE"
"1314","πολλὰ","FALSE"
"1315","οὐδὲ","TRUE"
"1316","τὰ","TRUE"
"1317","πολλὰ","FALSE"
"1318","ἕν","FALSE"
"1319",",","FALSE"
"1320","οὐδέ","TRUE"
"1321","τι","TRUE"
"1322","θαυμαστὸν","FALSE"
"1323","λέγειν","FALSE"
"1324",",","FALSE"
"1325","ἀλλʼ","FALSE"
"1326","ἅπερ","TRUE"
"1327","ἂν","TRUE"
"1328","πάντες","FALSE"
"1329","ὁμολογοῖμεν","FALSE"
"1330","·","FALSE"
"1331","ἐὰν","TRUE"
"1332","δέ","TRUE"
"1333","τις","TRUE"
"1334","ὧν","TRUE"
"1335","νυνδὴ","FALSE"
"1336","ἐγὼ","TRUE"
"1337","ἔλεγον","FALSE"
"1338","πρῶτον","FALSE"
"1339","μὲν","TRUE"
"1340","διαιρῆται","FALSE"
"1341","χωρὶς","FALSE"
"1342","αὐτὰ","TRUE"
"1343","καθʼ","FALSE"
"1344","αὑτὰ","FALSE"
"1345","τὰ","TRUE"
"1346","εἴδη","FALSE"
"1347",",","FALSE"
"1348","οἷον","FALSE"
"1349","ὁμοιότητά","FALSE"
"1350","τε","TRUE"
"1351","καὶ","TRUE"
"1352","ἀνομοιότητα","FALSE"
"1353","καὶ","TRUE"
"1354","πλῆθος","FALSE"
"1355","καὶ","TRUE"
"1356","τὸ","TRUE"
"1357","ἓν","FALSE"
"1358","καὶ","TRUE"
"1359","στάσιν","FALSE"
"1360","καὶ","TRUE"
"1361","κίνησιν","FALSE"
"1362","καὶ","TRUE"
"1363","πάντα","FALSE"
"1364","τὰ","TRUE"
"1365","τοιαῦτα","TRUE"
"1366",",","FALSE"
"1367","εἶτα","FALSE"
"1368","ἐν","TRUE"
"1369","ἑαυτοῖς","TRUE"
"1370","ταῦτα","TRUE"
"1371","δυνάμενα","FALSE"
"1372","συγκεράννυσθαι","FALSE"
"1373","καὶ","TRUE"
"1374","διακρίνεσθαι","FALSE"
"1375","ἀποφαίνῃ","FALSE"
"1376",",","FALSE"
"1377","ἀγαίμην","FALSE"
"1378","ἂν","TRUE"
"1379","ἔγωγʼ","FALSE"
"1380",",","FALSE"
"1381","ἔφη","FALSE"
"1382",",","FALSE"
"1383","θαυμαστῶς","FALSE"
"1384",",","FALSE"
"1385","ὦ","TRUE"
"1386","Ζήνων","FALSE"
"1387",".","FALSE"
"1388","ταῦτα","TRUE"
"1389","δὲ","TRUE"
"1390","ἀνδρείως","FALSE"
"1391","μὲν","TRUE"
"1392","πάνυ","FALSE"
"1393","ἡγοῦμαι","FALSE"
"1394","πεπραγματεῦσθαι","FALSE"
"1395","·","FALSE"
"1396","πολὺ","FALSE"
"1397","μεντἂν","FALSE"
"1398","ὧδε","FALSE"
"1399","μᾶλλον","FALSE"
"1400",",","FALSE"
"1401","ὡς","TRUE"
"1402","λέγω","FALSE"
"1403",",","FALSE"
"1404","ἀγασθείην","FALSE"
"1405","εἴ","TRUE"
"1406","τις","TRUE"
"1407","ἔχοι","FALSE"
"1408","τὴν","TRUE"
"1409","αὐτὴν","TRUE"
"1410","ταύτην","TRUE"
"1411","ἀπορίαν","FALSE"
"1412","ἐν","TRUE"
"1413","αὐτοῖς","TRUE"
"1414","τοῖς","TRUE"
"1415","εἴδεσι","FALSE"
"1416","παντοδαπῶς","FALSE"
"1417","πλεκομένην","FALSE"
"1418",",","FALSE"
"1419","ὥσπερ","FALSE"
"1420","ἐν","TRUE"
"1421","τοῖς","TRUE"
"1422","ὁρωμένοις","FALSE"
"1423","διήλθετε","FALSE"
"1424",",","FALSE"
"1425","οὕτως","TRUE"
"1426","καὶ","TRUE"
"1427","ἐν","TRUE"
"1428","τοῖς","TRUE"
"1429","λογισμῷ","FALSE"
"1430","λαμβανομένοις","FALSE"
"1431","ἐπιδεῖξαι","FALSE"
"1432",".","FALSE"
"1433","λέγοντος","FALSE"
"1434","δή","TRUE"
"1435",",","FALSE"
"1436","ἔφη","FALSE"
"1437","ὁ","TRUE"
"1438","Πυθόδωρος","FALSE"
"1439",",","FALSE"
"1440","τοῦ","TRUE"
"1441","Σωκράτους","FALSE"
"1442","ταῦτα","TRUE"
"1443","αὐτὸς","TRUE"
"1444","μὲν","TRUE"
"1445","ἂν","TRUE"
"1446","οἴεσθαι","FALSE"
"1447","ἐφʼ","FALSE"
"1448","ἑκάστου","FALSE"
"1449","ἄχθεσθαι","FALSE"
"1450","τόν","TRUE"
"1451","τε","TRUE"
"1452","Παρμενίδην","FALSE"
"1453","καὶ","TRUE"
"1454","τὸν","TRUE"
"1455","Ζήνωνα","FALSE"
"1456",",","FALSE"
"1457","τοὺς","TRUE"
"1458","δὲ","TRUE"
"1459","πάνυ","FALSE"
"1460","τε","TRUE"
"1461","αὐτῷ","TRUE"
"1462","προσέχειν","FALSE"
"1463","τὸν","TRUE"
"1464","νοῦν","FALSE"
"1465","καὶ","TRUE"
"1466","θαμὰ","FALSE"
"1467","εἰς","TRUE"
"1468","ἀλλήλους","FALSE"
"1469","βλέποντας","FALSE"
"1470","μειδιᾶν","FALSE"
"1471","ὡς","TRUE"
"1472","ἀγαμένους","FALSE"
"1473","τὸν","TRUE"
"1474","Σωκράτη","FALSE"
"1475",".","FALSE"
"1476","ὅπερ","FALSE"
"1477","οὖν","TRUE"
"1478","καὶ","TRUE"
"1479","παυσαμένου","FALSE"
"1480","αὐτοῦ","TRUE"
"1481","εἰπεῖν","FALSE"
"1482","τὸν","TRUE"
"1483","Παρμενίδην","FALSE"
"1484","·","FALSE"
"1485","ὦ","TRUE"
"1486","Σώκρατες","FALSE"
"1487",",","FALSE"
"1488","φάναι","FALSE"
"1489",",","FALSE"
"1490","ὡς","TRUE"
"1491","ἄξιος","FALSE"
"1492","εἶ","TRUE"
"1493","ἄγασθαι","FALSE"
"1494","τῆς","TRUE"
"1495","ὁρμῆς","FALSE"
"1496","τῆς","TRUE"
"1497","ἐπὶ","TRUE"
"1498","τοὺς","TRUE"
"1499","λόγους","FALSE"
"1500",".","FALSE"
"1501","καί","TRUE"
"1502","μοι","TRUE"
"1503","εἰπέ","FALSE"
"1504",",","FALSE"
"1505","αὐτὸς","TRUE"
"1506","σὺ","TRUE"
"1507","οὕτω","TRUE"
"1508","διῄρησαι","FALSE"
"1509","ὡς","TRUE"
"1510","λέγεις","FALSE"
"1511",",","FALSE"
"1512","χωρὶς","FALSE"
"1513","μὲν","TRUE"
"1514","εἴδη","FALSE"
"1515","αὐτὰ","TRUE"
"1516","ἄττα","FALSE"
"1517",",","FALSE"
"1518","χωρὶς","FALSE"
"1519","δὲ","TRUE"
"1520","τὰ","TRUE"
"1521","τούτων","TRUE"
"1522","αὖ","FALSE"
"1523","μετέχοντα","FALSE"
"1524",";","FALSE"
"1525","καί","TRUE"
"1526","τί","TRUE"
"1527","σοι","TRUE"
"1528","δοκεῖ","FALSE"
"1529","εἶναι","TRUE"
"1530","αὐτὴ","TRUE"
"1531","ὁμοιότης","FALSE"
"1532","χωρὶς","FALSE"
"1533","ἧς","TRUE"
"1534","ἡμεῖς","TRUE"
"1535","ὁμοιότητος","FALSE"
"1536","ἔχομεν","FALSE"
"1537",",","FALSE"
"1538","καὶ","TRUE"
"1539","ἓν","FALSE"
"1540","δὴ","TRUE"
"1541","καὶ","TRUE"
"1542","πολλὰ","FALSE"
"1543","καὶ","TRUE"
"1544","πάντα","FALSE"
"1545","ὅσα","FALSE"
"1546","νυνδὴ","FALSE"
"1547","Ζήνωνος","FALSE"
"1548","ἤκουες","FALSE"
"1549",";","FALSE"
"1550","ἔμοιγε","TRUE"
"1551",",","FALSE"
"1552","φάναι","FALSE"
"1553","τὸν","TRUE"
"1554","Σωκράτη","FALSE"
"1555",".","FALSE"
"1556","ἦ","TRUE"
"1557","καὶ","TRUE"
"1558","τὰ","TRUE"
"1559","τοιαῦτα","TRUE"
"1560",",","FALSE"
"1561","εἰπεῖν","FALSE"
"1562","τὸν","TRUE"
"1563","Παρμενίδην","FALSE"
"1564",",","FALSE"
"1565","οἷον","FALSE"
"1566","δικαίου","FALSE"
"1567","τι","TRUE"
"1568","εἶδος","FALSE"
"1569","αὐτὸ","TRUE"
"1570","καθʼ","FALSE"
"1571","αὑτὸ","FALSE"
"1572","καὶ","TRUE"
"1573","καλοῦ","FALSE"
"1574","καὶ","TRUE"
"1575","ἀγαθοῦ","FALSE"
"1576","καὶ","TRUE"
"1577","πάντων","FALSE"
"1578","αὖ","FALSE"
"1579","τῶν","TRUE"
"1580","τοιούτων","TRUE"
"1581",";","FALSE"
"1582","ναί","FALSE"
"1583",",","FALSE"
"1584","φάναι","FALSE"
"1585",".","FALSE"
"1586","τί","TRUE"
"1587","δʼ","FALSE"
"1588",",","FALSE"
"1589","ἀνθρώπου","FALSE"
"1590","εἶδος","FALSE"
"1591","χωρὶς","FALSE"
"1592","ἡμῶν","TRUE"
"1593","καὶ","TRUE"
"1594","τῶν","TRUE"
"1595","οἷοι","FALSE"
"1596","ἡμεῖς","TRUE"
"1597","ἐσμεν","TRUE"
"1598","πάντων","FALSE"
"1599",",","FALSE"
"1600","αὐτό","TRUE"
"1601","τι","TRUE"
"1602","εἶδος","FALSE"
"1603","ἀνθρώπου","FALSE"
"1604","ἢ","TRUE"
"1605","πυρὸς","FALSE"
"1606","ἢ","TRUE"
"1607","καὶ","TRUE"
"1608","ὕδατος","FALSE"
"1609",";","FALSE"
"1610","ἐν","TRUE"
"1611","ἀπορίᾳ","FALSE"
"1612",",","FALSE"
"1613","φάναι","FALSE"
"1614",",","FALSE"
"1615","πολλάκις","FALSE"
"1616","δή","TRUE"
"1617",",","FALSE"
"1618","ὦ","TRUE"
"1619","Παρμενίδη","FALSE"
"1620",",","FALSE"
"1621","περὶ","TRUE"
"1622","αὐτῶν","TRUE"
"1623","γέγονα","FALSE"
"1624",",","FALSE"
"1625","πότερα","FALSE"
"1626","χρὴ","FALSE"
"1627","φάναι","FALSE"
"1628","ὥσπερ","FALSE"
"1629","περὶ","TRUE"
"1630","ἐκείνων","FALSE"
"1631","ἢ","TRUE"
"1632","ἄλλως","TRUE"
"1633",".","FALSE"
"1634","ἦ","TRUE"
"1635","καὶ","TRUE"
"1636","περὶ","TRUE"
"1637","τῶνδε","TRUE"
"1638",",","FALSE"
"1639","ὦ","TRUE"
"1640","Σώκρατες","FALSE"
"1641",",","FALSE"
"1642","ἃ","TRUE"
"1643","καὶ","TRUE"
"1644","γελοῖα","FALSE"
"1645","δόξειεν","FALSE"
"1646","ἂν","TRUE"
"1647","εἶναι","TRUE"
"1648",",","FALSE"
"1649","οἷον","FALSE"
"1650","θρὶξ","FALSE"
"1651","καὶ","TRUE"
"1652","πηλὸς","FALSE"
"1653","καὶ","TRUE"
"1654","ῥύπος","FALSE"
"1655","ἢ","TRUE"
"1656","ἄλλο","TRUE"
"1657","τι","TRUE"
"1658","ἀτιμότατόν","FALSE"
"1659","τε","TRUE"
"1660","καὶ","TRUE"
"1661","φαυλότατον","FALSE"
"1662",",","FALSE"
"1663","ἀπορεῖς","FALSE"
"1664","εἴτε","FALSE"
"1665","χρὴ","FALSE"
"1666","φάναι","FALSE"
"1667","καὶ","TRUE"
"1668","τούτων","TRUE"
"1669","ἑκάστου","FALSE"
"1670","εἶδος","FALSE"
"1671","εἶναι","TRUE"
"1672","χωρίς","FALSE"
"1673",",","FALSE"
"1674","ὂν","TRUE"
"1675","ἄλλο","TRUE"
"1676","αὖ","FALSE"
"1677","ἢ","TRUE"
"1678","ὧν","TRUE"
"1679","τι","TRUE"
"1680","ἡμεῖς","TRUE"
"1681","μεταχειριζόμεθα","FALSE"
"1682",",","FALSE"
"1683","εἴτε","FALSE"
"1684","καὶ","TRUE"
"1685","μή","TRUE"
"1686",";","FALSE"
"1687","οὐδαμῶς","FALSE"
"1688",",","FALSE"
"1689","φάναι","FALSE"
"1690","τὸν","TRUE"
"1691","Σωκράτη","FALSE"
"1692",",","FALSE"
"1693","ἀλλὰ","TRUE"
"1694","ταῦτα","TRUE"
"1695","μέν","TRUE"
"1696","γε","TRUE"
"1697","ἅπερ","TRUE"
"1698","ὁρῶμεν","FALSE"
"1699",",","FALSE"
"1700","ταῦτα","TRUE"
"1701","καὶ","TRUE"
"1702","εἶναι","TRUE"
"1703","·","FALSE"
"1704","εἶδος","FALSE"
"1705","δέ","TRUE"
"1706","τι","TRUE"
"1707","αὐτῶν","TRUE"
"1708","οἰηθῆναι","FALSE"
"1709","εἶναι","TRUE"
"1710","μὴ","TRUE"
"1711","λίαν","FALSE"
"1712","ᾖ","TRUE"
"1713","ἄτοπον","FALSE"
"1714",".","FALSE"
"1715","ἤδη","FALSE"
"1716","μέντοι","FALSE"
"1717","ποτέ","FALSE"
"1718","με","TRUE"
"1719","καὶ","TRUE"
"1720","ἔθραξε","FALSE"
"1721","μή","TRUE"
"1722","τι","TRUE"
"1723","ᾖ","TRUE"
"1724","περὶ","TRUE"
"1725","πάντων","FALSE"
"1726","ταὐτόν","FALSE"
"1727","·","FALSE"
"1728","ἔπειτα","FALSE"
"1729","ὅταν","FALSE"
"1730","ταύτῃ","TRUE"
"1731","στῶ","FALSE"
"1732",",","FALSE"
"1733","φεύγων","FALSE"
"1734","οἴχομαι","FALSE"
"1735",",","FALSE"
"1736","δείσας","FALSE"
"1737","μή","TRUE"
"1738","ποτε","FALSE"
"1739","εἴς","FALSE"
"1740","τινα","TRUE"
"1741","βυθὸν","FALSE"
"1742","φλυαρίας","FALSE"
"1743","ἐμπεσὼν","FALSE"
"1744","διαφθαρῶ","FALSE"
"1745","·","FALSE"
"1746","ἐκεῖσε","FALSE"
"1747","δʼ","FALSE"
"1748","οὖν","TRUE"
"1749","ἀφικόμενος","FALSE"
"1750",",","FALSE"
"1751","εἰς","TRUE"
"1752","ἃ","TRUE"
"1753","νυνδὴ","FALSE"
"1754","ἐλέγομεν","FALSE"
"1755","εἴδη","FALSE"
"1756","ἔχειν","FALSE"
"1757",",","FALSE"
"1758","περὶ","TRUE"
"1759","ἐκεῖνα","FALSE"
"1760","πραγματευόμενος","FALSE"
"1761","διατρίβω","FALSE"
"1762",".","FALSE"
"1763","νέος","FALSE"
"1764","γὰρ","TRUE"
"1765","εἶ","TRUE"
"1766","ἔτι","TRUE"
"1767",",","FALSE"
"1768","φάναι","FALSE"
"1769","τὸν","TRUE"
"1770","Παρμενίδην","FALSE"
"1771",",","FALSE"
"1772","ὦ","TRUE"
"1773","Σώκρατες","FALSE"
"1774",",","FALSE"
"1775","καὶ","TRUE"
"1776","οὔπω","FALSE"
"1777","σου","TRUE"
"1778","ἀντείληπται","FALSE"
"1779","φιλοσοφία","FALSE"
"1780","ὡς","TRUE"
"1781","ἔτι","TRUE"
"1782","ἀντιλήψεται","FALSE"
"1783","κατʼ","FALSE"
"1784","ἐμὴν","TRUE"
"1785","δόξαν","FALSE"
"1786",",","FALSE"
"1787","ὅτε","FALSE"
"1788","οὐδὲν","TRUE"
"1789","αὐτῶν","TRUE"
"1790","ἀτιμάσεις","FALSE"
"1791","·","FALSE"
"1792","νῦν","FALSE"
"1793","δὲ","TRUE"
"1794","ἔτι","TRUE"
"1795","πρὸς","TRUE"
"1796","ἀνθρώπων","FALSE"
"1797","ἀποβλέπεις","FALSE"
"1798","δόξας","FALSE"
"1799","διὰ","TRUE"
"1800","τὴν","TRUE"
"1801","ἡλικίαν","FALSE"
"1802",".","FALSE"
"1803","τόδε","TRUE"
"1804","δʼ","FALSE"
"1805","οὖν","TRUE"
"1806","μοι","TRUE"
"1807","εἰπέ","FALSE"
"1808",".","FALSE"
"1809","δοκεῖ","FALSE"
"1810","σοι","TRUE"
"1811",",","FALSE"
"1812","ὡς","TRUE"
"1813","φῄς","FALSE"
"1814",",","FALSE"
"1815","εἶναι","TRUE"
"1816","εἴδη","FALSE"
"1817","ἄττα","FALSE"
"1818",",","FALSE"
"1819","ὧν","TRUE"
"1820","τάδε","TRUE"
"1821","τὰ","TRUE"
"1822","ἄλλα","TRUE"
"1823","μεταλαμβάνοντα","FALSE"
"1824","τὰς","TRUE"
"1825","ἐπωνυμίας","FALSE"
"1826","αὐτῶν","TRUE"
"1827","ἴσχειν","FALSE"
"1828",",","FALSE"
"1829","οἷον","FALSE"
"1830","ὁμοιότητος","FALSE"
"1831","μὲν","TRUE"
"1832","μεταλαβόντα","FALSE"
"1833","ὅμοια","FALSE"
"1834",",","FALSE"
"1835","μεγέθους","FALSE"
"1836","δὲ","TRUE"
"1837","μεγάλα","FALSE"
"1838",",","FALSE"
"1839","κάλλους","FALSE"
"1840","δὲ","TRUE"
"1841","καὶ","TRUE"
"1842","δικαιοσύνης","FALSE"
"1843","δίκαιά","FALSE"
"1844","τε","TRUE"
"1845","καὶ","TRUE"
"1846","καλὰ","FALSE"
"1847","γίγνεσθαι","FALSE"
"1848",";","FALSE"
"1849","πάνυ","FALSE"
"1850","γε","TRUE"
"1851",",","FALSE"
"1852","φάναι","FALSE"
"1853","τὸν","TRUE"
"1854","Σωκράτη","FALSE"
"1855",".","FALSE"
"1856","οὐκοῦν","FALSE"
"1857","ἤτοι","FALSE"
"1858","ὅλου","FALSE"
"1859","τοῦ","TRUE"
"1860","εἴδους","FALSE"
"1861","ἢ","TRUE"
"1862","μέρους","FALSE"
"1863","ἕκαστον","FALSE"
"1864","τὸ","TRUE"
"1865","μεταλαμβάνον","FALSE"
"1866","μεταλαμβάνει","FALSE"
"1867",";","FALSE"
"1868","ἢ","TRUE"
"1869","ἄλλη","TRUE"
"1870","τις","TRUE"
"1871","ἂν","TRUE"
"1872","μετάληψις","FALSE"
"1873","χωρὶς","FALSE"
"1874","τούτων","TRUE"
"1875","γένοιτο","FALSE"
"1876",";","FALSE"
"1877","καὶ","TRUE"
"1878","πῶς","FALSE"
"1879","ἄν","TRUE"
"1880",";","FALSE"
"1881","εἶπεν","FALSE"
"1882",".","FALSE"
"1883","πότερον","FALSE"
"1884","οὖν","TRUE"
"1885","δοκεῖ","FALSE"
"1886","σοι","TRUE"
"1887","ὅλον","FALSE"
"1888","τὸ","TRUE"
"1889","εἶδος","FALSE"
"1890","ἐν","TRUE"
"1891","ἑκάστῳ","FALSE"
"1892","εἶναι","TRUE"
"1893","τῶν","TRUE"
"1894","πολλῶν","FALSE"
"1895","ἓν","FALSE"
"1896","ὄν","FALSE"
"1897",",","FALSE"
"1898","ἢ","TRUE"
"1899","πῶς","FALSE"
"1900",";","FALSE"
"1901","τί","TRUE"
"1902","γὰρ","TRUE"
"1903","κωλύει","FALSE"
"1904",",","FALSE"
"1905","φάναι","FALSE"
"1906","τὸν","TRUE"
"1907","Σωκράτη","FALSE"
"1908",",","FALSE"
"1909","ὦ","TRUE"
"1910","Παρμενίδη","FALSE"
"1911",",","FALSE"
"1912","ἓν","FALSE"
"1913","εἶναι","TRUE"
"1914",";","FALSE"
"1915","ἓν","FALSE"
"1916","ἄρα","TRUE"
"1917","ὂν","TRUE"
"1918","καὶ","TRUE"
"1919","ταὐτὸν","TRUE"
"1920","ἐν","TRUE"
"1921","πολλοῖς","FALSE"
"1922","καὶ","TRUE"
"1923","χωρὶς","FALSE"
"1924","οὖσιν","TRUE"
"1925","ὅλον","FALSE"
"1926","ἅμα","FALSE"
"1927","ἐνέσται","FALSE"
"1928",",","FALSE"
"1929","καὶ","TRUE"
"1930","οὕτως","TRUE"
"1931","αὐτὸ","TRUE"
"1932","αὑτοῦ","TRUE"
"1933","χωρὶς","FALSE"
"1934","ἂν","TRUE"
"1935","εἴη","TRUE"
"1936",".","FALSE"
"1937","οὐκ","TRUE"
"1938","ἄν","TRUE"
"1939",",","FALSE"
"1940","εἴ","TRUE"
"1941","γε","TRUE"
"1942",",","FALSE"
"1943","φάναι","FALSE"
"1944",",","FALSE"
"1945","οἷον","FALSE"
"1946","εἰ","TRUE"
"1947","ἡμέρα","FALSE"
"1948","εἴη","TRUE"
"1949","μία","FALSE"
"1950","καὶ","TRUE"
"1951","ἡ","TRUE"
"1952","αὐτὴ","TRUE"
"1953","οὖσα","TRUE"
"1954","πολλαχοῦ","FALSE"
"1955","ἅμα","FALSE"
"1956","ἐστὶ","TRUE"
"1957","καὶ","TRUE"
"1958","οὐδέν","TRUE"
"1959","τι","TRUE"
"1960","μᾶλλον","FALSE"
"1961","αὐτὴ","TRUE"
"1962","αὑτῆς","TRUE"
"1963","χωρίς","FALSE"
"1964","ἐστιν","TRUE"
"1965",",","FALSE"
"1966","εἰ","TRUE"
"1967","οὕτω","TRUE"
"1968","καὶ","TRUE"
"1969","ἕκαστον","FALSE"
"1970","τῶν","TRUE"
"1971","εἰδῶν","FALSE"
"1972","ἓν","FALSE"
"1973","ἐν","TRUE"
"1974","πᾶσιν","FALSE"
"1975","ἅμα","FALSE"
"1976","ταὐτὸν","TRUE"
"1977","εἴη","TRUE"
"1978",".","FALSE"
"1979","ἡδέως","FALSE"
"1980","γε","TRUE"
"1981",",","FALSE"
"1982","φάναι","FALSE"
"1983",",","FALSE"
"1984","ὦ","TRUE"
"1985","Σώκρατες","FALSE"
"1986",",","FALSE"
"1987","ἓν","FALSE"
"1988","ταὐτὸν","TRUE"
"1989","ἅμα","FALSE"
"1990","πολλαχοῦ","FALSE"
"1991","ποιεῖς","FALSE"
"1992",",","FALSE"
"1993","οἷον","FALSE"
"1994","εἰ","TRUE"
"1995","ἱστίῳ","FALSE"
"1996","καταπετάσας","FALSE"
"1997","πολλοὺς","FALSE"
"1998","ἀνθρώπους","FALSE"
"1999","φαίης","FALSE"
"2000","ἓν","FALSE"
"2001","ἐπὶ","TRUE"
"2002","πολλοῖς","FALSE"
"2003","εἶναι","TRUE"
"2004","ὅλον","FALSE"
"2005","·","FALSE"
"2006","ἢ","TRUE"
"2007","οὐ","TRUE"
"2008","τὸ","TRUE"
"2009","τοιοῦτον","TRUE"
"2010","ἡγῇ","FALSE"
"2011","λέγειν","FALSE"
"2012",";","FALSE"
"2013","ἴσως","FALSE"
"2014",",","FALSE"
"2015","φάναι","FALSE"
"2016",".","FALSE"
"2017","ἦ","TRUE"
"2018","οὖν","TRUE"
"2019","ὅλον","FALSE"
"2020","ἐφʼ","FALSE"
"2021","ἑκάστῳ","FALSE"
"2022","τὸ","TRUE"
"2023","ἱστίον","FALSE"
"2024","εἴη","TRUE"
"2025","ἄν","TRUE"
"2026",",","FALSE"
"2027","ἢ","TRUE"
"2028","μέρος","FALSE"
"2029","αὐτοῦ","TRUE"
"2030","ἄλλο","TRUE"
"2031","ἐπʼ","FALSE"
"2032","ἄλλῳ","TRUE"
"2033",";","FALSE"
"2034","μέρος","FALSE"
"2035",".","FALSE"
"2036","μεριστὰ","FALSE"
"2037","ἄρα","TRUE"
"2038",",","FALSE"
"2039","φάναι","FALSE"
"2040",",","FALSE"
"2041","ὦ","TRUE"
"2042","Σώκρατες","FALSE"
"2043",",","FALSE"
"2044","ἔστιν","TRUE"
"2045","αὐτὰ","TRUE"
"2046","τὰ","TRUE"
"2047","εἴδη","FALSE"
"2048",",","FALSE"
"2049","καὶ","TRUE"
"2050","τὰ","TRUE"
"2051","μετέχοντα","FALSE"
"2052","αὐτῶν","TRUE"
"2053","μέρους","FALSE"
"2054","ἂν","TRUE"
"2055","μετέχοι","FALSE"
"2056",",","FALSE"
"2057","καὶ","TRUE"
"2058","οὐκέτι","FALSE"
"2059","ἐν","TRUE"
"2060","ἑκάστῳ","FALSE"
"2061","ὅλον","FALSE"
"2062",",","FALSE"
"2063","ἀλλὰ","TRUE"
"2064","μέρος","FALSE"
"2065","ἑκάστου","FALSE"
"2066","ἂν","TRUE"
"2067","εἴη","TRUE"
"2068",".","FALSE"
"2069","φαίνεται","FALSE"
"2070","οὕτω","TRUE"
"2071","γε","TRUE"
"2072",".","FALSE"
"2073","ἦ","TRUE"
"2074","οὖν","TRUE"
"2075","ἐθελήσεις","FALSE"
"2076",",","FALSE"
"2077","ὦ","TRUE"
"2078","Σώκρατες","FALSE"
"2079",",","FALSE"
"2080","φάναι","FALSE"
"2081","τὸ","TRUE"
"2082","ἓν","FALSE"
"2083","εἶδος","FALSE"
"2084","ἡμῖν","TRUE"
"2085","τῇ","TRUE"
"2086","ἀληθείᾳ","FALSE"
"2087","μερίζεσθαι","FALSE"
"2088",",","FALSE"
"2089","καὶ","TRUE"
"2090","ἔτι","TRUE"
"2091","ἓν","FALSE"
"2092","ἔσται","TRUE"
"2093",";","FALSE"
"2094","οὐδαμῶς","FALSE"
"2095",",","FALSE"
"2096","εἰπεῖν","FALSE"
"2097",".","FALSE"
"2098","ὅρα","FALSE"
"2099","γάρ","TRUE"
"2100",",","FALSE"
"2101","φάναι","FALSE"
"2102","·","FALSE"
"2103","εἰ","TRUE"
"2104","αὐτὸ","TRUE"
"2105","τὸ","TRUE"
"2106","μέγεθος","FALSE"
"2107","μεριεῖς","FALSE"
"2108","καὶ","TRUE"
"2109","ἕκαστον","FALSE"
"2110","τῶν","TRUE"
"2111","πολλῶν","FALSE"
"2112","μεγάλων","FALSE"
"2113","μεγέθους","FALSE"
"2114","μέρει","FALSE"
"2115","σμικροτέρῳ","FALSE"
"2116","αὐτοῦ","TRUE"
"2117","τοῦ","TRUE"
"2118","μεγέθους","FALSE"
"2119","μέγα","FALSE"
"2120","ἔσται","TRUE"
"2121",",","FALSE"
"2122","ἆρα","FALSE"
"2123","οὐκ","TRUE"
"2124","ἄλογον","FALSE"
"2125","φανεῖται","FALSE"
"2126",";","FALSE"
"2127","πάνυ","FALSE"
"2128","γʼ","FALSE"
"2129",",","FALSE"
"2130","ἔφη","FALSE"
"2131",".","FALSE"
"2132","τί","TRUE"
"2133","δέ","TRUE"
"2134",";","FALSE"
"2135","τοῦ","TRUE"
"2136","ἴσου","FALSE"
"2137","μέρος","FALSE"
"2138","ἕκαστον","FALSE"
"2139","σμικρὸν","FALSE"
"2140","ἀπολαβόν","FALSE"
"2141","τι","TRUE"
"2142","ἕξει","FALSE"
"2143","ᾧ","TRUE"
"2144","ἐλάττονι","FALSE"
"2145","ὄντι","TRUE"
"2146","αὐτοῦ","TRUE"
"2147","τοῦ","TRUE"
"2148","ἴσου","FALSE"
"2149","τὸ","TRUE"
"2150","ἔχον","FALSE"
"2151","ἴσον","FALSE"
"2152","τῳ","TRUE"
"2153","ἔσται","TRUE"
"2154",";","FALSE"
"2155","ἀδύνατον","FALSE"
"2156",".","FALSE"
"2157","ἀλλὰ","TRUE"
"2158","τοῦ","TRUE"
"2159","σμικροῦ","FALSE"
"2160","μέρος","FALSE"
"2161","τις","TRUE"
"2162","ἡμῶν","TRUE"
"2163","ἕξει","FALSE"
"2164",",","FALSE"
"2165","τούτου","TRUE"
"2166","δὲ","TRUE"
"2167","αὐτοῦ","TRUE"
"2168","τὸ","TRUE"
"2169","σμικρὸν","FALSE"
"2170","μεῖζον","FALSE"
"2171","ἔσται","TRUE"
"2172","ἅτε","FALSE"
"2173","μέρους","FALSE"
"2174","ἑαυτοῦ","TRUE"
"2175","ὄντος","TRUE"
"2176",",","FALSE"
"2177","καὶ","TRUE"
"2178","οὕτω","TRUE"
"2179","δὴ","TRUE"
"2180","αὐτὸ","TRUE"
"2181","τὸ","TRUE"
"2182","σμικρὸν","FALSE"
"2183","μεῖζον","FALSE"
"2184","ἔσται","TRUE"
"2185","·","FALSE"
"2186","ᾧ","TRUE"
"2187","δʼ","FALSE"
"2188","ἂν","TRUE"
"2189","προστεθῇ","FALSE"
"2190","τὸ","TRUE"
"2191","ἀφαιρεθέν","FALSE"
"2192",",","FALSE"
"2193","τοῦτο","TRUE"
"2194","σμικρότερον","FALSE"
"2195","ἔσται","TRUE"
"2196","ἀλλʼ","FALSE"
"2197","οὐ","TRUE"
"2198","μεῖζον","FALSE"
"2199","ἢ","TRUE"
"2200","πρίν","FALSE"
"2201",".","FALSE"
"2202","οὐκ","TRUE"
"2203","ἂν","TRUE"
"2204","γένοιτο","FALSE"
"2205",",","FALSE"
"2206","φάναι","FALSE"
"2207",",","FALSE"
"2208","τοῦτό","TRUE"
"2209","γε","TRUE"
"2210",".","FALSE"
"2211","τίνα","TRUE"
"2212","οὖν","TRUE"
"2213","τρόπον","FALSE"
"2214",",","FALSE"
"2215","εἰπεῖν","FALSE"
"2216",",","FALSE"
"2217","ὦ","TRUE"
"2218","Σώκρατες","FALSE"
"2219",",","FALSE"
"2220","τῶν","TRUE"
"2221","εἰδῶν","FALSE"
"2222","σοι","TRUE"
"2223","τὰ","TRUE"
"2224","ἄλλα","TRUE"
"2225","μεταλήψεται","FALSE"
"2226",",","FALSE"
"2227","μήτε","FALSE"
"2228","κατὰ","TRUE"
"2229","μέρη","FALSE"
"2230","μήτε","FALSE"
"2231","κατὰ","TRUE"
"2232","ὅλα","FALSE"
"2233","μεταλαμβάνειν","FALSE"
"2234","δυνάμενα","FALSE"
"2235",";","FALSE"
"2236","οὐ","TRUE"
"2237","μὰ","FALSE"
"2238","τὸν","TRUE"
"2239","Δία","FALSE"
"2240",",","FALSE"
"2241","φάναι","FALSE"
"2242",",","FALSE"
"2243","οὔ","TRUE"
"2244","μοι","TRUE"
"2245","δοκεῖ","FALSE"
"2246","εὔκολον","FALSE"
"2247","εἶναι","TRUE"
"2248","τὸ","TRUE"
"2249","τοιοῦτον","TRUE"
"2250","οὐδαμῶς","FALSE"
"2251","διορίσασθαι","FALSE"
"2252",".","FALSE"
"2253","τί","TRUE"
"2254","δὲ","TRUE"
"2255","δή","TRUE"
"2256",";","FALSE"
"2257","πρὸς","TRUE"
"2258","τόδε","TRUE"
"2259","πῶς","FALSE"
"2260","ἔχεις","FALSE"
"2261",";","FALSE"
"2262","τὸ","TRUE"
"2263","ποῖον","FALSE"
"2264",";","FALSE"
"2265","οἶμαί","FALSE"
"2266","σε","TRUE"
"2267","ἐκ","TRUE"
"2268","τοῦ","TRUE"
"2269","τοιοῦδε","FALSE"
"2270","ἓν","FALSE"
"2271","ἕκαστον","FALSE"
"2272","εἶδος","FALSE"
"2273","οἴεσθαι","FALSE"
"2274","εἶναι","TRUE"
"2275","·","FALSE"
"2276","ὅταν","FALSE"
"2277","πόλλʼ","FALSE"
"2278","ἄττα","FALSE"
"2279","μεγάλα","FALSE"
"2280","σοι","TRUE"
"2281","δόξῃ","FALSE"
"2282","εἶναι","TRUE"
"2283",",","FALSE"
"2284","μία","FALSE"
"2285","τις","TRUE"
"2286","ἴσως","FALSE"
"2287","δοκεῖ","FALSE"
"2288","ἰδέα","FALSE"
"2289","ἡ","TRUE"
"2290","αὐτὴ","TRUE"
"2291","εἶναι","TRUE"
"2292","ἐπὶ","TRUE"
"2293","πάντα","FALSE"
"2294","ἰδόντι","FALSE"
"2295",",","FALSE"
"2296","ὅθεν","FALSE"
"2297","ἓν","FALSE"
"2298","τὸ","TRUE"
"2299","μέγα","FALSE"
"2300","ἡγῇ","FALSE"
"2301","εἶναι","TRUE"
"2302",".","FALSE"
"2303","ἀληθῆ","FALSE"
"2304","λέγεις","FALSE"
"2305",",","FALSE"
"2306","φάναι","FALSE"
"2307",".","FALSE"
"2308","τί","TRUE"
"2309","δʼ","FALSE"
"2310","αὐτὸ","TRUE"
"2311","τὸ","TRUE"
"2312","μέγα","FALSE"
"2313","καὶ","TRUE"
"2314","τἆ","FALSE"
"2315","λλα","FALSE"
"2316","τὰ","TRUE"
"2317","μεγάλα","FALSE"
"2318",",","FALSE"
"2319","ἐὰν","TRUE"
"2320","ὡσαύτως","FALSE"
"2321","τῇ","TRUE"
"2322","ψυχῇ","FALSE"
"2323","ἐπὶ","TRUE"
"2324","πάντα","FALSE"
"2325","ἴδῃς","FALSE"
"2326",",","FALSE"
"2327","οὐχὶ","TRUE"
"2328","ἕν","FALSE"
"2329","τι","TRUE"
"2330","αὖ","FALSE"
"2331","μέγα","FALSE"
"2332","φανεῖται","FALSE"
"2333",",","FALSE"
"2334","ᾧ","TRUE"
"2335","ταῦτα","TRUE"
"2336","πάντα","FALSE"
"2337","μεγάλα","FALSE"
"2338","φαίνεσθαι","FALSE"
"2339",";","FALSE"
"2340","ἔοικεν","FALSE"
"2341",".","FALSE"
"2342","ἄλλο","TRUE"
"2343","ἄρα","TRUE"
"2344","εἶδος","FALSE"
"2345","μεγέθους","FALSE"
"2346","ἀναφανήσεται","FALSE"
"2347",",","FALSE"
"2348","παρʼ","FALSE"
"2349","αὐτό","TRUE"
"2350","τε","TRUE"
"2351","τὸ","TRUE"
"2352","μέγεθος","FALSE"
"2353","γεγονὸς","FALSE"
"2354","καὶ","TRUE"
"2355","τὰ","TRUE"
"2356","μετέχοντα","FALSE"
"2357","αὐτοῦ","TRUE"
"2358","·","FALSE"
"2359","καὶ","TRUE"
"2360","ἐπὶ","TRUE"
"2361","τούτοις","TRUE"
"2362","αὖ","FALSE"
"2363","πᾶσιν","FALSE"
"2364","ἕτερον","FALSE"
"2365",",","FALSE"
"2366","ᾧ","TRUE"
"2367","ταῦτα","TRUE"
"2368","πάντα","FALSE"
"2369","μεγάλα","FALSE"
"2370","ἔσται","TRUE"
"2371","·","FALSE"
"2372","καὶ","TRUE"
"2373","οὐκέτι","FALSE"
"2374","δὴ","TRUE"
"2375","ἓν","FALSE"
"2376","ἕκαστόν","FALSE"
"2377","σοι","TRUE"
"2378","τῶν","TRUE"
"2379","εἰδῶν","FALSE"
"2380","ἔσται","TRUE"
"2381",",","FALSE"
"2382","ἀλλὰ","TRUE"
"2383","ἄπειρα","FALSE"
"2384","τὸ","TRUE"
"2385","πλῆθος","FALSE"
"2386",".","FALSE"
"2387","ἀλλά","TRUE"
"2388",",","FALSE"
"2389","φάναι","FALSE"
"2390",",","FALSE"
"2391","ὦ","TRUE"
"2392","Παρμενίδη","FALSE"
"2393",",","FALSE"
"2394","τὸν","TRUE"
"2395","Σωκράτη","FALSE"
"2396",",","FALSE"
"2397","μὴ","TRUE"
"2398","τῶν","TRUE"
"2399","εἰδῶν","FALSE"
"2400","ἕκαστον","FALSE"
"2401","ᾖ","TRUE"
"2402","τούτων","TRUE"
"2403","νόημα","FALSE"
"2404",",","FALSE"
"2405","καὶ","TRUE"
"2406","οὐδαμοῦ","FALSE"
"2407","αὐτῷ","TRUE"
"2408","προσήκῃ","FALSE"
"2409","ἐγγίγνεσθαι","FALSE"
"2410","ἄλλοθι","FALSE"
"2411","ἢ","TRUE"
"2412","ἐν","TRUE"
"2413","ψυχαῖς","FALSE"
"2414","·","FALSE"
"2415","οὕτω","TRUE"
"2416","γὰρ","TRUE"
"2417","ἂν","TRUE"
"2418","ἕν","FALSE"
"2419","γε","TRUE"
"2420","ἕκαστον","FALSE"
"2421","εἴη","TRUE"
"2422","καὶ","TRUE"
"2423","οὐκ","TRUE"
"2424","ἂν","TRUE"
"2425","ἔτι","TRUE"
"2426","πάσχοι","FALSE"
"2427","ἃ","TRUE"
"2428","νυνδὴ","FALSE"
"2429","ἐλέγετο","FALSE"
"2430",".","FALSE"
"2431","τί","TRUE"
"2432","οὖν","TRUE"
"2433",";","FALSE"
"2434","φάναι","FALSE"
"2435",",","FALSE"
"2436","ἓν","FALSE"
"2437","ἕκαστόν","FALSE"
"2438","ἐστι","TRUE"
"2439","τῶν","TRUE"
"2440","νοημάτων","FALSE"
"2441",",","FALSE"
"2442","νόημα","FALSE"
"2443","δὲ","TRUE"
"2444","οὐδενός","TRUE"
"2445",";","FALSE"
"2446","ἀλλʼ","FALSE"
"2447","ἀδύνατον","FALSE"
"2448",",","FALSE"
"2449","εἰπεῖν","FALSE"
"2450",".","FALSE"
"2451","ἀλλὰ","TRUE"
"2452","τινός","TRUE"
"2453",";","FALSE"
"2454","ναί","FALSE"
"2455",".","FALSE"
"2456","ὄντος","TRUE"
"2457","ἢ","TRUE"
"2458","οὐκ","TRUE"
"2459","ὄντος","TRUE"
"2460",";","FALSE"
"2461","ὄντος","TRUE"
"2462",".","FALSE"
"2463","οὐχ","TRUE"
"2464","ἑνός","FALSE"
"2465","τινος","TRUE"
"2466",",","FALSE"
"2467","ὃ","TRUE"
"2468","ἐπὶ","TRUE"
"2469","πᾶσιν","FALSE"
"2470","ἐκεῖνο","FALSE"
"2471","τὸ","TRUE"
"2472","νόημα","FALSE"
"2473","ἐπὸν","FALSE"
"2474","νοεῖ","FALSE"
"2475",",","FALSE"
"2476","μίαν","FALSE"
"2477","τινὰ","TRUE"
"2478","οὖσαν","TRUE"
"2479","ἰδέαν","FALSE"
"2480",";","FALSE"
"2481","ναί","FALSE"
"2482",".","FALSE"
"2483","εἶτα","FALSE"
"2484","οὐκ","TRUE"
"2485","εἶδος","FALSE"
"2486","ἔσται","TRUE"
"2487","τοῦτο","TRUE"
"2488","τὸ","TRUE"
"2489","νοούμενον","FALSE"
"2490","ἓν","FALSE"
"2491","εἶναι","TRUE"
"2492",",","FALSE"
"2493","ἀεὶ","FALSE"
"2494","ὂν","TRUE"
"2495","τὸ","TRUE"
"2496","αὐτὸ","TRUE"
"2497","ἐπὶ","TRUE"
"2498","πᾶσιν","FALSE"
"2499",";","FALSE"
"2500","ἀνάγκη","FALSE"
"2501","αὖ","FALSE"
"2502","φαίνεται","FALSE"
"2503",".","FALSE"
"2504","τί","TRUE"
"2505","δὲ","TRUE"
"2506","δή","TRUE"
"2507",";","FALSE"
"2508","εἰπεῖν","FALSE"
"2509","τὸν","TRUE"
"2510","Παρμενίδην","FALSE"
"2511",",","FALSE"
"2512","οὐκ","TRUE"
"2513","ἀνάγκῃ","FALSE"
"2514","ᾗ","TRUE"
"2515","τἆ","FALSE"
"2516","λλα","FALSE"
"2517","φῂς","FALSE"
"2518","τῶν","TRUE"
"2519","εἰδῶν","FALSE"
"2520","μετέχειν","FALSE"
"2521","ἢ","TRUE"
"2522","δοκεῖ","FALSE"
"2523","σοι","TRUE"
"2524","ἐκ","TRUE"
"2525","νοημάτων","FALSE"
"2526","ἕκαστον","FALSE"
"2527","εἶναι","TRUE"
"2528","καὶ","TRUE"
"2529","πάντα","FALSE"
"2530","νοεῖν","FALSE"
"2531",",","FALSE"
"2532","ἢ","TRUE"
"2533","νοήματα","FALSE"
"2534","ὄντα","TRUE"
"2535","ἀνόητα","FALSE"
"2536","εἶναι","TRUE"
"2537",";","FALSE"
"2538","ἀλλʼ","FALSE"
"2539","οὐδὲ","TRUE"
"2540","τοῦτο","TRUE"
"2541",",","FALSE"
"2542","φάναι","FALSE"
"2543",",","FALSE"
"2544","ἔχει","FALSE"
"2545","λόγον","FALSE"
"2546",",","FALSE"
"2547","ἀλλʼ","FALSE"
"2548",",","FALSE"
"2549","ὦ","TRUE"
"2550","Παρμενίδη","FALSE"
"2551",",","FALSE"
"2552","μάλιστα","FALSE"
"2553","ἔμοιγε","TRUE"
"2554","καταφαίνεται","FALSE"
"2555","ὧδε","FALSE"
"2556","ἔχειν","FALSE"
"2557","·","FALSE"
"2558","τὰ","TRUE"
"2559","μὲν","TRUE"
"2560","εἴδη","FALSE"
"2561","ταῦτα","TRUE"
"2562","ὥσπερ","FALSE"
"2563","παραδείγματα","FALSE"
"2564","ἑστάναι","FALSE"
"2565","ἐν","TRUE"
"2566","τῇ","TRUE"
"2567","φύσει","FALSE"
"2568",",","FALSE"
"2569","τὰ","TRUE"
"2570","δὲ","TRUE"
"2571","ἄλλα","TRUE"
"2572","τούτοις","TRUE"
"2573","ἐοικέναι","FALSE"
"2574","καὶ","TRUE"
"2575","εἶναι","TRUE"
"2576","ὁμοιώματα","FALSE"
"2577",",","FALSE"
"2578","καὶ","TRUE"
"2579","ἡ","TRUE"
"2580","μέθεξις","FALSE"
"2581","αὕτη","TRUE"
"2582","τοῖς","TRUE"
"2583","ἄλλοις","TRUE"
"2584","γίγνεσθαι","FALSE"
"2585","τῶν","TRUE"
"2586","εἰδῶν","FALSE"
"2587","οὐκ","TRUE"
"2588","ἄλλη","TRUE"
"2589","τις","TRUE"
"2590","ἢ","TRUE"
"2591","εἰκασθῆναι","FALSE"
"2592","αὐτοῖς","TRUE"
"2593",".","FALSE"
"2594","εἰ","TRUE"
"2595","οὖν","TRUE"
"2596","τι","TRUE"
"2597",",","FALSE"
"2598","ἔφη","FALSE"
"2599",",","FALSE"
"2600","ἔοικεν","FALSE"
"2601","τῷ","TRUE"
"2602","εἴδει","FALSE"
"2603",",","FALSE"
"2604","οἷόν","FALSE"
"2605","τε","TRUE"
"2606","ἐκεῖνο","FALSE"
"2607","τὸ","TRUE"
"2608","εἶδος","FALSE"
"2609","μὴ","TRUE"
"2610","ὅμοιον","FALSE"
"2611","εἶναι","TRUE"
"2612","τῷ","TRUE"
"2613","εἰκασθέντι","FALSE"
"2614",",","FALSE"
"2615","καθʼ","FALSE"
"2616","ὅσον","FALSE"
"2617","αὐτῷ","TRUE"
"2618","ἀφωμοιώθη","FALSE"
"2619",";","FALSE"
"2620","ἢ","TRUE"
"2621","ἔστι","TRUE"
"2622","τις","TRUE"
"2623","μηχανὴ","FALSE"
"2624","τὸ","TRUE"
"2625","ὅμοιον","FALSE"
"2626","μὴ","TRUE"
"2627","ὁμοίῳ","FALSE"
"2628","ὅμοιον","FALSE"
"2629","εἶναι","TRUE"
"2630",";","FALSE"
"2631","οὐκ","TRUE"
"2632","ἔστι","TRUE"
"2633",".","FALSE"
"2634","τὸ","TRUE"
"2635","δὲ","TRUE"
"2636","ὅμοιον","FALSE"
"2637","τῷ","TRUE"
"2638","ὁμοίῳ","FALSE"
"2639","ἆρʼ","FALSE"
"2640","οὐ","TRUE"
"2641","μεγάλη","FALSE"
"2642","ἀνάγκη","FALSE"
"2643","ἑνὸς","FALSE"
"2644","τοῦ","TRUE"
"2645","αὐτοῦ","TRUE"
"2646","εἴδους","FALSE"
"2647","μετέχειν","FALSE"
"2648",";","FALSE"
"2649","ἀνάγκη","FALSE"
"2650",".","FALSE"
"2651","οὗ","TRUE"
"2652","δʼ","FALSE"
"2653","ἂν","TRUE"
"2654","τὰ","TRUE"
"2655","ὅμοια","FALSE"
"2656","μετέχοντα","FALSE"
"2657","ὅμοια","FALSE"
"2658","ᾖ","TRUE"
"2659",",","FALSE"
"2660","οὐκ","TRUE"
"2661","ἐκεῖνο","FALSE"
"2662","ἔσται","TRUE"
"2663","αὐτὸ","TRUE"
"2664","τὸ","TRUE"
"2665","εἶδος","FALSE"
"2666",";","FALSE"
"2667","παντάπασι","FALSE"
"2668","μὲν","TRUE"
"2669","οὖν","TRUE"
"2670",".","FALSE"
"2671","οὐκ","TRUE"
"2672","ἄρα","TRUE"
"2673","οἷόν","FALSE"
"2674","τέ","TRUE"
"2675","τι","TRUE"
"2676","τῷ","TRUE"
"2677","εἴδει","FALSE"
"2678","ὅμοιον","FALSE"
"2679","εἶναι","TRUE"
"2680",",","FALSE"
"2681","οὐδὲ","TRUE"
"2682","τὸ","TRUE"
"2683","εἶδος","FALSE"
"2684","ἄλλῳ","TRUE"
"2685","·","FALSE"
"2686","εἰ","TRUE"
"2687","δὲ","TRUE"
"2688","μή","TRUE"
"2689",",","FALSE"
"2690","παρὰ","TRUE"
"2691","τὸ","TRUE"
"2692","εἶδος","FALSE"
"2693","ἀεὶ","FALSE"
"2694","ἄλλο","TRUE"
"2695","ἀναφανήσεται","FALSE"
"2696","εἶδος","FALSE"
"2697",",","FALSE"
"2698","καὶ","TRUE"
"2699","ἂν","TRUE"
"2700","ἐκεῖνό","FALSE"
"2701","τῳ","TRUE"
"2702","ὅμοιον","FALSE"
"2703","ᾖ","TRUE"
"2704",",","FALSE"
"2705","ἕτερον","FALSE"
"2706","αὖ","FALSE"
"2707",",","FALSE"
"2708","καὶ","TRUE"
"2709","οὐδέποτε","FALSE"
"2710","παύσεται","FALSE"
"2711","ἀεὶ","FALSE"
"2712","καινὸν","FALSE"
"2713","εἶδος","FALSE"
"2714","γιγνόμενον","FALSE"
"2715",",","FALSE"
"2716","ἐὰν","TRUE"
"2717","τὸ","TRUE"
"2718","εἶδος","FALSE"
"2719","τῷ","TRUE"
"2720","ἑαυτοῦ","TRUE"
"2721","μετέχοντι","FALSE"
"2722","ὅμοιον","FALSE"
"2723","γίγνηται","FALSE"
"2724",".","FALSE"
"2725","ἀληθέστατα","FALSE"
"2726","λέγεις","FALSE"
"2727",".","FALSE"
"2728","οὐκ","TRUE"
"2729","ἄρα","TRUE"
"2730","ὁμοιότητι","FALSE"
"2731","τἆ","FALSE"
"2732","λλα","FALSE"
"2733","τῶν","TRUE"
"2734","εἰδῶν","FALSE"
"2735","μεταλαμβάνει","FALSE"
"2736",",","FALSE"
"2737","ἀλλά","TRUE"
"2738","τι","TRUE"
"2739","ἄλλο","TRUE"
"2740","δεῖ","FALSE"
"2741","ζητεῖν","FALSE"
"2742","ᾧ","TRUE"
"2743","μεταλαμβάνει","FALSE"
"2744",".","FALSE"
"2745","ἔοικεν","FALSE"
"2746",".","FALSE"
"2747","ὁρᾷς","FALSE"
"2748","οὖν","TRUE"
"2749",",","FALSE"
"2750","φάναι","FALSE"
"2751",",","FALSE"
"2752","ὦ","TRUE"
"2753","Σώκρατες","FALSE"
"2754",",","FALSE"
"2755","ὅση","FALSE"
"2756","ἡ","TRUE"
"2757","ἀπορία","FALSE"
"2758","ἐάν","TRUE"
"2759","τις","TRUE"
"2760","ὡς","TRUE"
"2761","εἴδη","FALSE"
"2762","ὄντα","TRUE"
"2763","αὐτὰ","TRUE"
"2764","καθʼ","FALSE"
"2765","αὑτὰ","FALSE"
"2766","διορίζηται","FALSE"
"2767",";","FALSE"
"2768","καὶ","TRUE"
"2769","μάλα","FALSE"
"2770",".","FALSE"
"2771","εὖ","FALSE"
"2772","τοίνυν","FALSE"
"2773","ἴσθι","FALSE"
"2774",",","FALSE"
"2775","φάναι","FALSE"
"2776",",","FALSE"
"2777","ὅτι","TRUE"
"2778","ὡς","TRUE"
"2779","ἔπος","FALSE"
"2780","εἰπεῖν","FALSE"
"2781","οὐδέπω","FALSE"
"2782","ἅπτῃ","FALSE"
"2783","αὐτῆς","TRUE"
"2784","ὅση","FALSE"
"2785","ἐστὶν","TRUE"
"2786","ἡ","TRUE"
"2787","ἀπορία","FALSE"
"2788",",","FALSE"
"2789","εἰ","TRUE"
"2790","ἓν","FALSE"
"2791","εἶδος","FALSE"
"2792","ἕκαστον","FALSE"
"2793","τῶν","TRUE"
"2794","ὄντων","TRUE"
"2795","ἀεί","FALSE"
"2796","τι","TRUE"
"2797","ἀφοριζόμενος","FALSE"
"2798","θήσεις","FALSE"
"2799",".","FALSE"
"2800","πῶς","FALSE"
"2801","δή","TRUE"
"2802",";","FALSE"
"2803","εἰπεῖν","FALSE"
"2804",".","FALSE"
"2805","πολλὰ","FALSE"
"2806","μὲν","TRUE"
"2807","καὶ","TRUE"
"2808","ἄλλα","TRUE"
"2809",",","FALSE"
"2810","φάναι","FALSE"
"2811",",","FALSE"
"2812","μέγιστον","FALSE"
"2813","δὲ","TRUE"
"2814","τόδε","TRUE"
"2815",".","FALSE"
"2816","εἴ","TRUE"
"2817","τις","TRUE"
"2818","φαίη","FALSE"
"2819","μηδὲ","FALSE"
"2820","προσήκειν","FALSE"
"2821","αὐτὰ","TRUE"
"2822","γιγνώσκεσθαι","FALSE"
"2823","ὄντα","TRUE"
"2824","τοιαῦτα","TRUE"
"2825","οἷά","FALSE"
"2826","φαμεν","FALSE"
"2827","δεῖν","FALSE"
"2828","εἶναι","TRUE"
"2829","τὰ","TRUE"
"2830","εἴδη","FALSE"
"2831",",","FALSE"
"2832","τῷ","TRUE"
"2833","ταῦτα","TRUE"
"2834","λέγοντι","FALSE"
"2835","οὐκ","TRUE"
"2836","ἂν","TRUE"
"2837","ἔχοι","FALSE"
"2838","τις","TRUE"
"2839","ἐνδείξασθαι","FALSE"
"2840","ὅτι","TRUE"
"2841","ψεύδεται","FALSE"
"2842",",","FALSE"
"2843","εἰ","TRUE"
"2844","μὴ","TRUE"
"2845","πολλῶν","FALSE"
"2846","μὲν","TRUE"
"2847","τύχοι","FALSE"
"2848","ἔμπειρος","FALSE"
"2849","ὢν","TRUE"
"2850","ὁ","TRUE"
"2851","ἀμφισβητῶν","FALSE"
"2852","καὶ","TRUE"
"2853","μὴ","TRUE"
"2854","ἀφυής","FALSE"
"2855",",","FALSE"
"2856","ἐθέλοι","FALSE"
"2857","δὲ","TRUE"
"2858","πάνυ","FALSE"
"2859","πολλὰ","FALSE"
"2860","καὶ","TRUE"
"2861","πόρρωθεν","FALSE"
"2862","πραγματευομένου","FALSE"
"2863","τοῦ","TRUE"
"2864","ἐνδεικνυμένου","FALSE"
"2865","ἕπεσθαι","FALSE"
"2866",",","FALSE"
"2867","ἀλλʼ","FALSE"
"2868","ἀπίθανος","FALSE"
"2869","εἴη","TRUE"
"2870","ὁ","TRUE"
"2871","ἄγνωστα","FALSE"
"2872","ἀναγκάζων","FALSE"
"2873","αὐτὰ","TRUE"
"2874","εἶναι","TRUE"
"2875",".","FALSE"
"2876","πῇ","FALSE"
"2877","δή","TRUE"
"2878",",","FALSE"
"2879","ὦ","TRUE"
"2880","Παρμενίδη","FALSE"
"2881",";","FALSE"
"2882","φάναι","FALSE"
"2883","τὸν","TRUE"
"2884","Σωκράτη","FALSE"
"2885",".","FALSE"
"2886","ὅτι","TRUE"
"2887",",","FALSE"
"2888","ὦ","TRUE"
"2889","Σώκρατες","FALSE"
"2890",",","FALSE"
"2891","οἶμαι","FALSE"
"2892","ἂν","TRUE"
"2893","καὶ","TRUE"
"2894","σὲ","TRUE"
"2895","καὶ","TRUE"
"2896","ἄλλον","TRUE"
"2897",",","FALSE"
"2898","ὅστις","TRUE"
"2899","αὐτήν","TRUE"
"2900","τινα","TRUE"
"2901","καθʼ","FALSE"
"2902","αὑτὴν","TRUE"
"2903","ἑκάστου","FALSE"
"2904","οὐσίαν","FALSE"
"2905","τίθεται","FALSE"
"2906","εἶναι","TRUE"
"2907",",","FALSE"
"2908","ὁμολογῆσαι","FALSE"
"2909","ἂν","TRUE"
"2910","πρῶτον","FALSE"
"2911","μὲν","TRUE"
"2912","μηδεμίαν","FALSE"
"2913","αὐτῶν","TRUE"
"2914","εἶναι","TRUE"
"2915","ἐν","TRUE"
"2916","ἡμῖν","TRUE"
"2917",".","FALSE"
"2918","πῶς","FALSE"
"2919","γὰρ","TRUE"
"2920","ἂν","TRUE"
"2921","αὐτὴ","TRUE"
"2922","καθʼ","FALSE"
"2923","αὑτὴν","TRUE"
"2924","ἔτι","TRUE"
"2925","εἴη","TRUE"
"2926",";","FALSE"
"2927","φάναι","FALSE"
"2928","τὸν","TRUE"
"2929","Σωκράτη","FALSE"
"2930",".","FALSE"
"2931","καλῶς","FALSE"
"2932","λέγεις","FALSE"
"2933",",","FALSE"
"2934","εἰπεῖν","FALSE"
"2935",".","FALSE"
"2936","οὐκοῦν","FALSE"
"2937","καὶ","TRUE"
"2938","ὅσαι","FALSE"
"2939","τῶν","TRUE"
"2940","ἰδεῶν","FALSE"
"2941","πρὸς","TRUE"
"2942","ἀλλήλας","FALSE"
"2943","εἰσὶν","TRUE"
"2944","αἵ","TRUE"
"2945","εἰσιν","TRUE"
"2946",",","FALSE"
"2947","αὐταὶ","TRUE"
"2948","πρὸς","TRUE"
"2949","αὑτὰς","FALSE"
"2950","τὴν","TRUE"
"2951","οὐσίαν","FALSE"
"2952","ἔχουσιν","FALSE"
"2953",",","FALSE"
"2954","ἀλλʼ","FALSE"
"2955","οὐ","TRUE"
"2956","πρὸς","TRUE"
"2957","τὰ","TRUE"
"2958","παρʼ","FALSE"
"2959","ἡμῖν","TRUE"
"2960","εἴτε","FALSE"
"2961","ὁμοιώματα","FALSE"
"2962","εἴτε","FALSE"
"2963","ὅπῃ","FALSE"
"2964","δή","TRUE"
"2965","τις","TRUE"
"2966","αὐτὰ","TRUE"
"2967","τίθεται","FALSE"
"2968",",","FALSE"
"2969","ὧν","TRUE"
"2970","ἡμεῖς","TRUE"
"2971","μετέχοντες","FALSE"
"2972","εἶναι","TRUE"
"2973","ἕκαστα","FALSE"
"2974","ἐπονομαζόμεθα","FALSE"
"2975","·","FALSE"
"2976","τὰ","TRUE"
"2977","δὲ","TRUE"
"2978","παρʼ","FALSE"
"2979","ἡμῖν","TRUE"
"2980","ταῦτα","TRUE"
"2981","ὁμώνυμα","FALSE"
"2982","ὄντα","TRUE"
"2983","ἐκείνοις","FALSE"
"2984","αὐτὰ","TRUE"
"2985","αὖ","FALSE"
"2986","πρὸς","TRUE"
"2987","αὑτά","FALSE"
"2988","ἐστιν","TRUE"
"2989","ἀλλʼ","FALSE"
"2990","οὐ","TRUE"
"2991","πρὸς","TRUE"
"2992","τὰ","TRUE"
"2993","εἴδη","FALSE"
"2994",",","FALSE"
"2995","καὶ","TRUE"
"2996","ἑαυτῶν","TRUE"
"2997","ἀλλʼ","FALSE"
"2998","οὐκ","TRUE"
"2999","ἐκείνων","FALSE"
"3000","ὅσα","FALSE"
"3001","αὖ","FALSE"
"3002","ὀνομάζεται","FALSE"
"3003","οὕτως","TRUE"
"3004",".","FALSE"
"3005","πῶς","FALSE"
"3006","λέγεις","FALSE"
"3007",";","FALSE"
"3008","φάναι","FALSE"
"3009","τὸν","TRUE"
"3010","Σωκράτη","FALSE"
"3011",".","FALSE"
"3012","οἷον","FALSE"
"3013",",","FALSE"
"3014","φάναι","FALSE"
"3015","τὸν","TRUE"
"3016","Παρμενίδην","FALSE"
"3017",",","FALSE"
"3018","εἴ","TRUE"
"3019","τις","TRUE"
"3020","ἡμῶν","TRUE"
"3021","του","TRUE"
"3022","δεσπότης","FALSE"
"3023","ἢ","TRUE"
"3024","δοῦλός","FALSE"
"3025","ἐστιν","TRUE"
"3026",",","FALSE"
"3027","οὐκ","TRUE"
"3028","αὐτοῦ","TRUE"
"3029","δεσπότου","FALSE"
"3030","δήπου","FALSE"
"3031",",","FALSE"
"3032","ὃ","TRUE"
"3033","ἔστι","TRUE"
"3034","δεσπότης","FALSE"
"3035",",","FALSE"
"3036","ἐκείνου","FALSE"
"3037","δοῦλός","FALSE"
"3038","ἐστιν","TRUE"
"3039",",","FALSE"
"3040","οὐδὲ","TRUE"
"3041","αὐτοῦ","TRUE"
"3042","δούλου","FALSE"
"3043",",","FALSE"
"3044","ὃ","TRUE"
"3045","ἔστι","TRUE"
"3046","δοῦλος","FALSE"
"3047",",","FALSE"
"3048","δεσπότης","FALSE"
"3049","ὁ","TRUE"
"3050","δεσπότης","FALSE"
"3051",",","FALSE"
"3052","ἀλλʼ","FALSE"
"3053","ἄνθρωπος","FALSE"
"3054","ὢν","TRUE"
"3055","ἀνθρώπου","FALSE"
"3056","ἀμφότερα","FALSE"
"3057","ταῦτʼ","FALSE"
"3058","ἐστίν","TRUE"
"3059","·","FALSE"
"3060","αὐτὴ","TRUE"
"3061","δὲ","TRUE"
"3062","δεσποτεία","FALSE"
"3063","αὐτῆς","TRUE"
"3064","δουλείας","FALSE"
"3065","ἐστὶν","TRUE"
"3066","ὅ","TRUE"
"3067","ἐστι","TRUE"
"3068",",","FALSE"
"3069","καὶ","TRUE"
"3070","δουλεία","FALSE"
"3071","ὡσαύτως","FALSE"
"3072","αὐτὴ","TRUE"
"3073","δουλεία","FALSE"
"3074","αὐτῆς","TRUE"
"3075","δεσποτείας","FALSE"
"3076",",","FALSE"
"3077","ἀλλʼ","FALSE"
"3078","οὐ","TRUE"
"3079","τὰ","TRUE"
"3080","ἐν","TRUE"
"3081","ἡμῖν","TRUE"
"3082","πρὸς","TRUE"
"3083","ἐκεῖνα","FALSE"
"3084","τὴν","TRUE"
"3085","δύναμιν","FALSE"
"3086","ἔχει","FALSE"
"3087","οὐδὲ","TRUE"
"3088","ἐκεῖνα","FALSE"
"3089","πρὸς","TRUE"
"3090","ἡμᾶς","TRUE"
"3091",",","FALSE"
"3092","ἀλλʼ","FALSE"
"3093",",","FALSE"
"3094","ὃ","TRUE"
"3095","λέγω","FALSE"
"3096",",","FALSE"
"3097","αὐτὰ","TRUE"
"3098","αὑτῶν","TRUE"
"3099","καὶ","TRUE"
"3100","πρὸς","TRUE"
"3101","αὑτὰ","FALSE"
"3102","ἐκεῖνά","FALSE"
"3103","τέ","TRUE"
"3104","ἐστι","TRUE"
"3105",",","FALSE"
"3106","καὶ","TRUE"
"3107","τὰ","TRUE"
"3108","παρʼ","FALSE"
"3109","ἡμῖν","TRUE"
"3110","ὡσαύτως","FALSE"
"3111","πρὸς","TRUE"
"3112","αὑτά","FALSE"
"3113",".","FALSE"
"3114","ἢ","TRUE"
"3115","οὐ","TRUE"
"3116","μανθάνεις","FALSE"
"3117","ὃ","TRUE"
"3118","λέγω","FALSE"
"3119",";","FALSE"
"3120","πάνυ","FALSE"
"3121","γʼ","FALSE"
"3122",",","FALSE"
"3123","εἰπεῖν","FALSE"
"3124","τὸν","TRUE"
"3125","Σωκράτη","FALSE"
"3126",",","FALSE"
"3127","μανθάνω","FALSE"
"3128",".","FALSE"
"3129","οὐκοῦν","FALSE"
"3130","καὶ","TRUE"
"3131","ἐπιστήμη","FALSE"
"3132",",","FALSE"
"3133","φάναι","FALSE"
"3134",",","FALSE"
"3135","αὐτὴ","TRUE"
"3136","μὲν","TRUE"
"3137","ὃ","TRUE"
"3138","ἔστι","TRUE"
"3139","ἐπιστήμη","FALSE"
"3140","τῆς","TRUE"
"3141","ὃ","TRUE"
"3142","ἔστιν","TRUE"
"3143","ἀλήθεια","FALSE"
"3144","αὐτῆς","TRUE"
"3145","ἂν","TRUE"
"3146","ἐκείνης","FALSE"
"3147","εἴη","TRUE"
"3148","ἐπιστήμη","FALSE"
"3149",";","FALSE"
"3150","πάνυ","FALSE"
"3151","γε","TRUE"
"3152",".","FALSE"
"3153","ἑκάστη","FALSE"
"3154","δὲ","TRUE"
"3155","αὖ","FALSE"
"3156","τῶν","TRUE"
"3157","ἐπιστημῶν","FALSE"
"3158",",","FALSE"
"3159","ἣ","TRUE"
"3160","ἔστιν","TRUE"
"3161",",","FALSE"
"3162","ἑκάστου","FALSE"
"3163","τῶν","TRUE"
"3164","ὄντων","TRUE"
"3165",",","FALSE"
"3166","ὃ","TRUE"
"3167","ἔστιν","TRUE"
"3168",",","FALSE"
"3169","εἴη","TRUE"
"3170","ἂν","TRUE"
"3171","ἐπιστήμη","FALSE"
"3172","·","FALSE"
"3173","ἢ","TRUE"
"3174","οὔ","TRUE"
"3175",";","FALSE"
"3176","ναί","FALSE"
"3177",".","FALSE"
"3178","ἡ","TRUE"
"3179","δὲ","TRUE"
"3180","παρʼ","FALSE"
"3181","ἡμῖν","TRUE"
"3182","ἐπιστήμη","FALSE"
"3183","οὐ","TRUE"
"3184","τῆς","TRUE"
"3185","παρʼ","FALSE"
"3186","ἡμῖν","TRUE"
"3187","ἂν","TRUE"
"3188","ἀληθείας","FALSE"
"3189","εἴη","TRUE"
"3190",",","FALSE"
"3191","καὶ","TRUE"
"3192","αὖ","FALSE"
"3193","ἑκάστη","FALSE"
"3194","ἡ","TRUE"
"3195","παρʼ","FALSE"
"3196","ἡμῖν","TRUE"
"3197","ἐπιστήμη","FALSE"
"3198","τῶν","TRUE"
"3199","παρʼ","FALSE"
"3200","ἡμῖν","TRUE"
"3201","ὄντων","TRUE"
"3202","ἑκάστου","FALSE"
"3203","ἂν","TRUE"
"3204","ἐπιστήμη","FALSE"
"3205","συμβαίνοι","FALSE"
"3206","εἶναι","TRUE"
"3207",";","FALSE"
"3208","ἀνάγκη","FALSE"
"3209",".","FALSE"
"3210","ἀλλὰ","TRUE"
"3211","μὴν","FALSE"
"3212","αὐτά","TRUE"
"3213","γε","TRUE"
"3214","τὰ","TRUE"
"3215","εἴδη","FALSE"
"3216",",","FALSE"
"3217","ὡς","TRUE"
"3218","ὁμολογεῖς","FALSE"
"3219",",","FALSE"
"3220","οὔτε","TRUE"
"3221","ἔχομεν","FALSE"
"3222","οὔτε","TRUE"
"3223","παρʼ","FALSE"
"3224","ἡμῖν","TRUE"
"3225","οἷόν","FALSE"
"3226","τε","TRUE"
"3227","εἶναι","TRUE"
"3228",".","FALSE"
"3229","οὐ","TRUE"
"3230","γὰρ","TRUE"
"3231","οὖν","TRUE"
"3232",".","FALSE"
"3233","γιγνώσκεται","FALSE"
"3234","δέ","TRUE"
"3235","γέ","TRUE"
"3236","που","FALSE"
"3237","ὑπʼ","FALSE"
"3238","αὐτοῦ","TRUE"
"3239","τοῦ","TRUE"
"3240","εἴδους","FALSE"
"3241","τοῦ","TRUE"
"3242","τῆς","TRUE"
"3243","ἐπιστήμης","FALSE"
"3244","αὐτὰ","TRUE"
"3245","τὰ","TRUE"
"3246","γένη","FALSE"
"3247","ἃ","TRUE"
"3248","ἔστιν","TRUE"
"3249","ἕκαστα","FALSE"
"3250",";","FALSE"
"3251","ναί","FALSE"
"3252",".","FALSE"
"3253","ὅ","TRUE"
"3254","γε","TRUE"
"3255","ἡμεῖς","TRUE"
"3256","οὐκ","TRUE"
"3257","ἔχομεν","FALSE"
"3258",".","FALSE"
"3259","οὐ","TRUE"
"3260","γάρ","TRUE"
"3261",".","FALSE"
"3262","οὐκ","TRUE"
"3263","ἄρα","TRUE"
"3264","ὑπό","TRUE"
"3265","γε","TRUE"
"3266","ἡμῶν","TRUE"
"3267","γιγνώσκεται","FALSE"
"3268","τῶν","TRUE"
"3269","εἰδῶν","FALSE"
"3270","οὐδέν","TRUE"
"3271",",","FALSE"
"3272","ἐπειδὴ","FALSE"
"3273","αὐτῆς","TRUE"
"3274","ἐπιστήμης","FALSE"
"3275","οὐ","TRUE"
"3276","μετέχομεν","FALSE"
"3277",".","FALSE"
"3278","οὐκ","TRUE"
"3279","ἔοικεν","FALSE"
"3280",".","FALSE"
"3281","ἄγνωστον","FALSE"
"3282","ἄρα","TRUE"
"3283","ἡμῖν","TRUE"
"3284","καὶ","TRUE"
"3285","αὐτὸ","TRUE"
"3286","τὸ","TRUE"
"3287","καλὸν","FALSE"
"3288","ὃ","TRUE"
"3289","ἔστι","TRUE"
"3290","καὶ","TRUE"
"3291","τὸ","TRUE"
"3292","ἀγαθὸν","FALSE"
"3293","καὶ","TRUE"
"3294","πάντα","FALSE"
"3295","ἃ","TRUE"
"3296","δὴ","TRUE"
"3297","ὡς","TRUE"
"3298","ἰδέας","FALSE"
"3299","αὐτὰς","TRUE"
"3300","οὔσας","TRUE"
"3301","ὑπολαμβάνομεν","FALSE"
"3302",".","FALSE"
"3303","κινδυνεύει","FALSE"
"3304",".","FALSE"
"3305","ὅρα","FALSE"
"3306","δὴ","TRUE"
"3307","ἔτι","TRUE"
"3308","τούτου","TRUE"
"3309","δεινότερον","FALSE"
"3310","τόδε","TRUE"
"3311",".","FALSE"
"3312","τὸ","TRUE"
"3313","ποῖον","FALSE"
"3314",";","FALSE"
"3315","φαίης","FALSE"
"3316","ἄν","TRUE"
"3317","που","FALSE"
"3318",",","FALSE"
"3319","εἴπερ","FALSE"
"3320","ἔστιν","TRUE"
"3321","αὐτό","TRUE"
"3322","τι","TRUE"
"3323","γένος","FALSE"
"3324","ἐπιστήμης","FALSE"
"3325",",","FALSE"
"3326","πολὺ","FALSE"
"3327","αὐτὸ","TRUE"
"3328","ἀκριβέστερον","FALSE"
"3329","εἶναι","TRUE"
"3330","ἢ","TRUE"
"3331","τὴν","TRUE"
"3332","παρʼ","FALSE"
"3333","ἡμῖν","TRUE"
"3334","ἐπιστήμην","FALSE"
"3335",",","FALSE"
"3336","καὶ","TRUE"
"3337","κάλλος","FALSE"
"3338","καὶ","TRUE"
"3339","τἆ","FALSE"
"3340","λλα","FALSE"
"3341","πάντα","FALSE"
"3342","οὕτω","TRUE"
"3343",".","FALSE"
"3344","ναί","FALSE"
"3345",".","FALSE"
"3346","οὐκοῦν","FALSE"
"3347","εἴπερ","FALSE"
"3348","τι","TRUE"
"3349","ἄλλο","TRUE"
"3350","αὐτῆς","TRUE"
"3351","ἐπιστήμης","FALSE"
"3352","μετέχει","FALSE"
"3353",",","FALSE"
"3354","οὐκ","TRUE"
"3355","ἄν","TRUE"
"3356","τινα","TRUE"
"3357","μᾶλλον","FALSE"
"3358","ἢ","TRUE"
"3359","θεὸν","FALSE"
"3360","φαίης","FALSE"
"3361","ἔχειν","FALSE"
"3362","τὴν","TRUE"
"3363","ἀκριβεστάτην","FALSE"
"3364","ἐπιστήμην","FALSE"
"3365",";","FALSE"
"3366","ἀνάγκη","FALSE"
"3367",".","FALSE"
"3368","ἆρʼ","FALSE"
"3369","οὖν","TRUE"
"3370","οἷός","FALSE"
"3371","τε","TRUE"
"3372","αὖ","FALSE"
"3373","ἔσται","TRUE"
"3374","ὁ","TRUE"
"3375","θεὸς","FALSE"
"3376","τὰ","TRUE"
"3377","παρʼ","FALSE"
"3378","ἡμῖν","TRUE"
"3379","γιγνώσκειν","FALSE"
"3380","αὐτὴν","TRUE"
"3381","ἐπιστήμην","FALSE"
"3382","ἔχων","FALSE"
"3383",";","FALSE"
"3384","τί","TRUE"
"3385","γὰρ","TRUE"
"3386","οὔ","TRUE"
"3387",";","FALSE"
"3388","ὅτι","TRUE"
"3389",",","FALSE"
"3390","ἔφη","FALSE"
"3391","ὁ","TRUE"
"3392","Παρμενίδης","FALSE"
"3393",",","FALSE"
"3394","ὡμολόγηται","FALSE"
"3395","ἡμῖν","TRUE"
"3396",",","FALSE"
"3397","ὦ","TRUE"
"3398","Σώκρατες","FALSE"
"3399",",","FALSE"
"3400","μήτε","FALSE"
"3401","ἐκεῖνα","FALSE"
"3402","τὰ","TRUE"
"3403","εἴδη","FALSE"
"3404","πρὸς","TRUE"
"3405","τὰ","TRUE"
"3406","παρʼ","FALSE"
"3407","ἡμῖν","TRUE"
"3408","τὴν","TRUE"
"3409","δύναμιν","FALSE"
"3410","ἔχειν","FALSE"
"3411","ἣν","TRUE"
"3412","ἔχει","FALSE"
"3413",",","FALSE"
"3414","μήτε","FALSE"
"3415","τὰ","TRUE"
"3416","παρʼ","FALSE"
"3417","ἡμῖν","TRUE"
"3418","πρὸς","TRUE"
"3419","ἐκεῖνα","FALSE"
"3420",",","FALSE"
"3421","ἀλλʼ","FALSE"
"3422","αὐτὰ","TRUE"
"3423","πρὸς","TRUE"
"3424","αὑτὰ","FALSE"
"3425","ἑκάτερα","FALSE"
"3426",".","FALSE"
"3427","ὡμολόγηται","FALSE"
"3428","γάρ","TRUE"
"3429",".","FALSE"
"3430","οὐκοῦν","FALSE"
"3431","εἰ","TRUE"
"3432","παρὰ","TRUE"
"3433","τῷ","TRUE"
"3434","θεῷ","FALSE"
"3435","αὕτη","TRUE"
"3436","ἐστὶν","TRUE"
"3437","ἡ","TRUE"
"3438","ἀκριβεστάτη","FALSE"
"3439","δεσποτεία","FALSE"
"3440","καὶ","TRUE"
"3441","αὕτη","TRUE"
"3442","ἡ","TRUE"
"3443","ἀκριβεστάτη","FALSE"
"3444","ἐπιστήμη","FALSE"
"3445",",","FALSE"
"3446","οὔτʼ","FALSE"
"3447","ἂν","TRUE"
"3448","ἡ","TRUE"
"3449","δεσποτεία","FALSE"
"3450","ἡ","TRUE"
"3451","ἐκείνων","FALSE"
"3452","ἡμῶν","TRUE"
"3453","ποτὲ","FALSE"
"3454","ἂν","TRUE"
"3455","δεσπόσειεν","FALSE"
"3456",",","FALSE"
"3457","οὔτʼ","FALSE"
"3458","ἂν","TRUE"
"3459","ἐπιστήμη","FALSE"
"3460","ἡμᾶς","TRUE"
"3461","γνοίη","FALSE"
"3462","οὐδέ","TRUE"
"3463","τι","TRUE"
"3464","ἄλλο","TRUE"
"3465","τῶν","TRUE"
"3466","παρʼ","FALSE"
"3467","ἡμῖν","TRUE"
"3468",",","FALSE"
"3469","ἀλλὰ","TRUE"
"3470","ὁμοίως","FALSE"
"3471","ἡμεῖς","TRUE"
"3472","τε","TRUE"
"3473","ἐκείνων","FALSE"
"3474","οὐκ","TRUE"
"3475","ἄρχομεν","FALSE"
"3476","τῇ","TRUE"
"3477","παρʼ","FALSE"
"3478","ἡμῖν","TRUE"
"3479","ἀρχῇ","FALSE"
"3480","οὐδὲ","TRUE"
"3481","γιγνώσκομεν","FALSE"
"3482","τοῦ","TRUE"
"3483","θείου","FALSE"
"3484","οὐδὲν","TRUE"
"3485","τῇ","TRUE"
"3486","ἡμετέρᾳ","FALSE"
"3487","ἐπιστήμῃ","FALSE"
"3488",",","FALSE"
"3489","ἐκεῖνοί","FALSE"
"3490","τε","TRUE"
"3491","αὖ","FALSE"
"3492","κατὰ","TRUE"
"3493","τὸν","TRUE"
"3494","αὐτὸν","TRUE"
"3495","λόγον","FALSE"
"3496","οὔτε","TRUE"
"3497","δεσπόται","FALSE"
"3498","ἡμῶν","TRUE"
"3499","εἰσὶν","TRUE"
"3500","οὔτε","TRUE"
"3501","γιγνώσκουσι","FALSE"
"3502","τὰ","TRUE"
"3503","ἀνθρώπεια","FALSE"
"3504","πράγματα","FALSE"
"3505","θεοὶ","FALSE"
"3506","ὄντες","TRUE"
"3507",".","FALSE"
"3508","ἀλλὰ","TRUE"
"3509","μὴ","TRUE"
"3510","λίαν","FALSE"
"3511",",","FALSE"
"3512","ἔφη","FALSE"
"3513",",","FALSE"
"3514","ᾖ","TRUE"
"3515","θαυμαστὸς","FALSE"
"3516","ὁ","TRUE"
"3517","λόγος","FALSE"
"3518",",","FALSE"
"3519","εἴ","TRUE"
"3520","τις","TRUE"
"3521","τὸν","TRUE"
"3522","θεὸν","FALSE"
"3523","ἀποστερήσει","FALSE"
"3524","τοῦ","TRUE"
"3525","εἰδέναι","FALSE"
"3526",".","FALSE"
"3527","ταῦτα","TRUE"
"3528","μέντοι","FALSE"
"3529",",","FALSE"
"3530","ὦ","TRUE"
"3531","Σώκρατες","FALSE"
"3532",",","FALSE"
"3533","ἔφη","FALSE"
"3534","ὁ","TRUE"
"3535","Παρμενίδης","FALSE"
"3536",",","FALSE"
"3537","καὶ","TRUE"
"3538","ἔτι","TRUE"
"3539","ἄλλα","TRUE"
"3540","πρὸς","TRUE"
"3541","τούτοις","TRUE"
"3542","πάνυ","FALSE"
"3543","πολλὰ","FALSE"
"3544","ἀναγκαῖον","FALSE"
"3545","ἔχειν","FALSE"
"3546","τὰ","TRUE"
"3547","εἴδη","FALSE"
"3548",",","FALSE"
"3549","εἰ","TRUE"
"3550","εἰσὶν","TRUE"
"3551","αὗται","TRUE"
"3552","αἱ","TRUE"
"3553","ἰδέαι","FALSE"
"3554","τῶν","TRUE"
"3555","ὄντων","TRUE"
"3556","καὶ","TRUE"
"3557","ὁριεῖταί","FALSE"
"3558","τις","TRUE"
"3559","αὐτό","TRUE"
"3560","τι","TRUE"
"3561","ἕκαστον","FALSE"
"3562","εἶδος","FALSE"
"3563","·","FALSE"
"3564","ὥστε","TRUE"
"3565","ἀπορεῖν","FALSE"
"3566","τε","TRUE"
"3567","τὸν","TRUE"
"3568","ἀκούοντα","FALSE"
"3569","καὶ","TRUE"
"3570","ἀμφισβητεῖν","FALSE"
"3571","ὡς","TRUE"
"3572","οὔτε","TRUE"
"3573","ἔστι","TRUE"
"3574","ταῦτα","TRUE"
"3575",",","FALSE"
"3576","εἴ","TRUE"
"3577","τε","TRUE"
"3578","ὅτι","TRUE"
"3579","μάλιστα","FALSE"
"3580","εἴη","TRUE"
"3581",",","FALSE"
"3582","πολλὴ","FALSE"
"3583","ἀνάγκη","FALSE"
"3584","αὐτὰ","TRUE"
"3585","εἶναι","TRUE"
"3586","τῇ","TRUE"
"3587","ἀνθρωπίνῃ","FALSE"
"3588","φύσει","FALSE"
"3589","ἄγνωστα","FALSE"
"3590",",","FALSE"
"3591","καὶ","TRUE"
"3592","ταῦτα","TRUE"
"3593","λέγοντα","FALSE"
"3594","δοκεῖν","FALSE"
"3595","τε","TRUE"
"3596","τὶ","FALSE"
"3597","λέγειν","FALSE"
"3598","καί","TRUE"
"3599",",","FALSE"
"3600","ὃ","TRUE"
"3601","ἄρτι","FALSE"
"3602","ἐλέγομεν","FALSE"
"3603",",","FALSE"
"3604","θαυμαστῶς","FALSE"
"3605","ὡς","TRUE"
"3606","δυσανάπειστον","FALSE"
"3607","εἶναι","TRUE"
"3608",".","FALSE"
"3609","καὶ","TRUE"
"3610","ἀνδρὸς","FALSE"
"3611","πάνυ","FALSE"
"3612","μὲν","TRUE"
"3613","εὐφυοῦς","FALSE"
"3614","τοῦ","TRUE"
"3615","δυνησομένου","FALSE"
"3616","μαθεῖν","FALSE"
"3617","ὡς","TRUE"
"3618","ἔστι","TRUE"
"3619","γένος","FALSE"
"3620","τι","TRUE"
"3621","ἑκάστου","FALSE"
"3622","καὶ","TRUE"
"3623","οὐσία","FALSE"
"3624","αὐτὴ","TRUE"
"3625","καθʼ","FALSE"
"3626","αὑτήν","FALSE"
"3627",",","FALSE"
"3628","ἔτι","TRUE"
"3629","δὲ","TRUE"
"3630","θαυμαστοτέρου","FALSE"
"3631","τοῦ","TRUE"
"3632","εὑρήσοντος","FALSE"
"3633","καὶ","TRUE"
"3634","ἄλλον","TRUE"
"3635","δυνησομένου","FALSE"
"3636","διδάξαι","FALSE"
"3637","ταῦτα","TRUE"
"3638","πάντα","FALSE"
"3639","ἱκανῶς","FALSE"
"3640","διευκρινησάμενον","FALSE"
"3641",".","FALSE"
"3642","συγχωρῶ","FALSE"
"3643","σοι","TRUE"
"3644",",","FALSE"
"3645","ἔφη","FALSE"
"3646",",","FALSE"
"3647","ὦ","TRUE"
"3648","Παρμενίδη","FALSE"
"3649",",","FALSE"
"3650","ὁ","TRUE"
"3651","Σωκράτης","FALSE"
"3652","·","FALSE"
"3653","πάνυ","FALSE"
"3654","γάρ","TRUE"
"3655","μοι","TRUE"
"3656","κατὰ","TRUE"
"3657","νοῦν","FALSE"
"3658","λέγεις","FALSE"
"3659",".","FALSE"
"3660","ἀλλὰ","TRUE"
"3661","μέντοι","FALSE"
"3662",",","FALSE"
"3663","εἶπεν","FALSE"
"3664","ὁ","TRUE"
"3665","Παρμενίδης","FALSE"
"3666",",","FALSE"
"3667","εἴ","TRUE"
"3668","γέ","TRUE"
"3669","τις","TRUE"
"3670","δή","TRUE"
"3671",",","FALSE"
"3672","ὦ","TRUE"
"3673","Σώκρατες","FALSE"
"3674",",","FALSE"
"3675","αὖ","FALSE"
"3676","μὴ","TRUE"
"3677","ἐάσει","FALSE"
"3678","εἴδη","FALSE"
"3679","τῶν","TRUE"
"3680","ὄντων","TRUE"
"3681","εἶναι","TRUE"
"3682",",","FALSE"
"3683","εἰς","TRUE"
"3684","πάντα","FALSE"
"3685","τὰ","TRUE"
"3686","νυνδὴ","FALSE"
"3687","καὶ","TRUE"
"3688","ἄλλα","TRUE"
"3689","τοιαῦτα","TRUE"
"3690","ἀποβλέψας","FALSE"
"3691",",","FALSE"
"3692","μηδέ","FALSE"
"3693","τι","TRUE"
"3694","ὁριεῖται","FALSE"
"3695","εἶδος","FALSE"
"3696","ἑνὸς","FALSE"
"3697","ἑκάστου","FALSE"
"3698",",","FALSE"
"3699","οὐδὲ","TRUE"
"3700","ὅποι","FALSE"
"3701","τρέψει","FALSE"
"3702","τὴν","TRUE"
"3703","διάνοιαν","FALSE"
"3704","ἕξει","FALSE"
"3705",",","FALSE"
"3706","μὴ","TRUE"
"3707","ἐῶν","FALSE"
"3708","ἰδέαν","FALSE"
"3709","τῶν","TRUE"
"3710","ὄντων","TRUE"
"3711","ἑκάστου","FALSE"
"3712","τὴν","TRUE"
"3713","αὐτὴν","TRUE"
"3714","ἀεὶ","FALSE"
"3715","εἶναι","TRUE"
"3716",",","FALSE"
"3717","καὶ","TRUE"
"3718","οὕτως","TRUE"
"3719","τὴν","TRUE"
"3720","τοῦ","TRUE"
"3721","διαλέγεσθαι","FALSE"
"3722","δύναμιν","FALSE"
"3723","παντάπασι","FALSE"
"3724","διαφθερεῖ","FALSE"
"3725",".","FALSE"
"3726","τοῦ","TRUE"
"3727","τοιούτου","TRUE"
"3728","μὲν","TRUE"
"3729","οὖν","TRUE"
"3730","μοι","TRUE"
"3731","δοκεῖς","FALSE"
"3732","καὶ","TRUE"
"3733","μᾶλλον","FALSE"
"3734","ᾐσθῆσθαι","FALSE"
"3735",".","FALSE"
"3736","ἀληθῆ","FALSE"
"3737","λέγεις","FALSE"
"3738",",","FALSE"
"3739","φάναι","FALSE"
"3740",".","FALSE"
"3741","τί","TRUE"
"3742","οὖν","TRUE"
"3743","ποιήσεις","FALSE"
"3744","φιλοσοφίας","FALSE"
"3745","πέρι","TRUE"
"3746",";","FALSE"
"3747","πῇ","FALSE"
"3748","τρέψῃ","FALSE"
"3749","ἀγνοουμένων","FALSE"
"3750","τούτων","TRUE"
"3751",";","FALSE"
"3752","οὐ","TRUE"
"3753","πάνυ","FALSE"
"3754","μοι","TRUE"
"3755","δοκῶ","FALSE"
"3756","καθορᾶν","FALSE"
"3757","ἔν","TRUE"
"3758","γε","TRUE"
"3759","τῷ","TRUE"
"3760","παρόντι","FALSE"
"3761",".","FALSE"
"3762","πρῲ","FALSE"
"3763","γάρ","TRUE"
"3764",",","FALSE"
"3765","εἰπεῖν","FALSE"
"3766",",","FALSE"
"3767","πρὶν","FALSE"
"3768","γυμνασθῆναι","FALSE"
"3769",",","FALSE"
"3770","ὦ","TRUE"
"3771","Σώκρατες","FALSE"
"3772",",","FALSE"
"3773","ὁρίζεσθαι","FALSE"
"3774","ἐπιχειρεῖς","FALSE"
"3775","καλόν","FALSE"
"3776","τέ","TRUE"
"3777","τι","TRUE"
"3778","καὶ","TRUE"
"3779","δίκαιον","FALSE"
"3780","καὶ","TRUE"
"3781","ἀγαθὸν","FALSE"
"3782","καὶ","TRUE"
"3783","ἓν","FALSE"
"3784","ἕκαστον","FALSE"
"3785","τῶν","TRUE"
"3786","εἰδῶν","FALSE"
"3787",".","FALSE"
"3788","ἐνενόησα","FALSE"
"3789","γὰρ","TRUE"
"3790","καὶ","TRUE"
"3791","πρῴην","FALSE"
"3792","σου","TRUE"
"3793","ἀκούων","FALSE"
"3794","διαλεγομένου","FALSE"
"3795","ἐνθάδε","FALSE"
"3796","Ἀριστοτέλει","FALSE"
"3797","τῷδε","TRUE"
"3798",".","FALSE"
"3799","καλὴ","FALSE"
"3800","μὲν","TRUE"
"3801","οὖν","TRUE"
"3802","καὶ","TRUE"
"3803","θεία","FALSE"
"3804",",","FALSE"
"3805","εὖ","FALSE"
"3806","ἴσθι","FALSE"
"3807",",","FALSE"
"3808","ἡ","TRUE"
"3809","ὁρμὴ","FALSE"
"3810","ἣν","TRUE"
"3811","ὁρμᾷς","FALSE"
"3812","ἐπὶ","TRUE"
"3813","τοὺς","TRUE"
"3814","λόγους","FALSE"
"3815","·","FALSE"
"3816","ἕλκυσον","FALSE"
"3817","δὲ","TRUE"
"3818","σαυτὸν","FALSE"
"3819","καὶ","TRUE"
"3820","γύμνασαι","FALSE"
"3821","μᾶλλον","FALSE"
"3822","διὰ","TRUE"
"3823","τῆς","TRUE"
"3824","δοκούσης","FALSE"
"3825","ἀχρήστου","FALSE"
"3826","εἶναι","TRUE"
"3827","καὶ","TRUE"
"3828","καλουμένης","FALSE"
"3829","ὑπὸ","TRUE"
"3830","τῶν","TRUE"
"3831","πολλῶν","FALSE"
"3832","ἀδολεσχίας","FALSE"
"3833",",","FALSE"
"3834","ἕως","FALSE"
"3835","ἔτι","TRUE"
"3836","νέος","FALSE"
"3837","εἶ","TRUE"
"3838","·","FALSE"
"3839","εἰ","TRUE"
"3840","δὲ","TRUE"
"3841","μή","TRUE"
"3842",",","FALSE"
"3843","σὲ","TRUE"
"3844","διαφεύξεται","FALSE"
"3845","ἡ","TRUE"
"3846","ἀλήθεια","FALSE"
"3847",".","FALSE"
"3848","τίς","TRUE"
"3849","οὖν","TRUE"
"3850","ὁ","TRUE"
"3851","τρόπος","FALSE"
"3852",",","FALSE"
"3853","φάναι","FALSE"
"3854",",","FALSE"
"3855","ὦ","TRUE"
"3856","Παρμενίδη","FALSE"
"3857",",","FALSE"
"3858","τῆς","TRUE"
"3859","γυμνασίας","FALSE"
"3860",";","FALSE"
"3861","οὗτος","TRUE"
"3862",",","FALSE"
"3863","εἶπεν","FALSE"
"3864",",","FALSE"
"3865","ὅνπερ","TRUE"
"3866","ἤκουσας","FALSE"
"3867","Ζήνωνος","FALSE"
"3868",".","FALSE"
"3869","πλὴν","FALSE"
"3870","τοῦτό","TRUE"
"3871","γέ","TRUE"
"3872","σου","TRUE"
"3873","καὶ","TRUE"
"3874","πρὸς","TRUE"
"3875","τοῦτον","TRUE"
"3876","ἠγάσθην","FALSE"
"3877","εἰπόντος","FALSE"
"3878",",","FALSE"
"3879","ὅτι","TRUE"
"3880","οὐκ","TRUE"
"3881","εἴας","FALSE"
"3882","ἐν","TRUE"
"3883","τοῖς","TRUE"
"3884","ὁρωμένοις","FALSE"
"3885","οὐδὲ","TRUE"
"3886","περὶ","TRUE"
"3887","ταῦτα","TRUE"
"3888","τὴν","TRUE"
"3889","πλάνην","FALSE"
"3890","ἐπισκοπεῖν","FALSE"
"3891",",","FALSE"
"3892","ἀλλὰ","TRUE"
"3893","περὶ","TRUE"
"3894","ἐκεῖνα","FALSE"
"3895","ἃ","TRUE"
"3896","μάλιστά","FALSE"
"3897","τις","TRUE"
"3898","ἂν","TRUE"
"3899","λόγῳ","FALSE"
"3900","λάβοι","FALSE"
"3901","καὶ","TRUE"
"3902","εἴδη","FALSE"
"3903","ἂν","TRUE"
"3904","ἡγήσαιτο","FALSE"
"3905","εἶναι","TRUE"
"3906",".","FALSE"
"3907","δοκεῖ","FALSE"
"3908","γάρ","TRUE"
"3909","μοι","TRUE"
"3910",",","FALSE"
"3911","ἔφη","FALSE"
"3912",",","FALSE"
"3913","ταύτῃ","TRUE"
"3914","γε","TRUE"
"3915","οὐδὲν","TRUE"
"3916","χαλεπὸν","FALSE"
"3917","εἶναι","TRUE"
"3918","καὶ","TRUE"
"3919","ὅμοια","FALSE"
"3920","καὶ","TRUE"
"3921","ἀνόμοια","FALSE"
"3922","καὶ","TRUE"
"3923","ἄλλο","TRUE"
"3924","ὁτιοῦν","FALSE"
"3925","τὰ","TRUE"
"3926","ὄντα","TRUE"
"3927","πάσχοντα","FALSE"
"3928","ἀποφαίνειν","FALSE"
"3929",".","FALSE"
"3930","καὶ","TRUE"
"3931","καλῶς","FALSE"
"3932","γʼ","FALSE"
"3933",",","FALSE"
"3934","ἔφη","FALSE"
"3935",".","FALSE"
"3936","χρὴ","FALSE"
"3937","δὲ","TRUE"
"3938","καὶ","TRUE"
"3939","τόδε","TRUE"
"3940","ἔτι","TRUE"
"3941","πρὸς","TRUE"
"3942","τούτῳ","TRUE"
"3943","ποιεῖν","FALSE"
"3944",",","FALSE"
"3945","μὴ","TRUE"
"3946","μόνον","FALSE"
"3947","εἰ","TRUE"
"3948","ἔστιν","TRUE"
"3949","ἕκαστον","FALSE"
"3950","ὑποτιθέμενον","FALSE"
"3951","σκοπεῖν","FALSE"
"3952","τὰ","TRUE"
"3953","συμβαίνοντα","FALSE"
"3954","ἐκ","TRUE"
"3955","τῆς","TRUE"
"3956","ὑποθέσεως","FALSE"
"3957",",","FALSE"
"3958","ἀλλὰ","TRUE"
"3959","καὶ","TRUE"
"3960","εἰ","TRUE"
"3961","μὴ","TRUE"
"3962","ἔστι","TRUE"
"3963","τὸ","TRUE"
"3964","αὐτὸ","TRUE"
"3965","τοῦτο","TRUE"
"3966","ὑποτίθεσθαι","FALSE"
"3967",",","FALSE"
"3968","εἰ","TRUE"
"3969","βούλει","FALSE"
"3970","μᾶλλον","FALSE"
"3971","γυμνασθῆναι","FALSE"
"3972",".","FALSE"
"3973","πῶς","FALSE"
"3974","λέγεις","FALSE"
"3975",";","FALSE"
"3976","φάναι","FALSE"
"3977",".","FALSE"
"3978","οἷον","FALSE"
"3979",",","FALSE"
"3980","ἔφη","FALSE"
"3981",",","FALSE"
"3982","εἰ","TRUE"
"3983","βούλει","FALSE"
"3984",",","FALSE"
"3985","περὶ","TRUE"
"3986","ταύτης","TRUE"
"3987","τῆς","TRUE"
"3988","ὑποθέσεως","FALSE"
"3989","ἣν","TRUE"
"3990","Ζήνων","FALSE"
"3991","ὑπέθετο","FALSE"
"3992",",","FALSE"
"3993","εἰ","TRUE"
"3994","πολλά","FALSE"
"3995","ἐστι","TRUE"
"3996",",","FALSE"
"3997","τί","TRUE"
"3998","χρὴ","FALSE"
"3999","συμβαίνειν","FALSE"
"4000","καὶ","TRUE"
"4001","αὐτοῖς","TRUE"
"4002","τοῖς","TRUE"
"4003","πολλοῖς","FALSE"
"4004","πρὸς","TRUE"
"4005","αὑτὰ","FALSE"
"4006","καὶ","TRUE"
"4007","πρὸς","TRUE"
"4008","τὸ","TRUE"
"4009","ἓν","FALSE"
"4010","καὶ","TRUE"
"4011","τῷ","TRUE"
"4012","ἑνὶ","FALSE"
"4013","πρός","TRUE"
"4014","τε","TRUE"
"4015","αὑτὸ","FALSE"
"4016","καὶ","TRUE"
"4017","πρὸς","TRUE"
"4018","τὰ","TRUE"
"4019","πολλά","FALSE"
"4020","·","FALSE"
"4021","καὶ","TRUE"
"4022","αὖ","FALSE"
"4023","εἰ","TRUE"
"4024","μή","TRUE"
"4025","ἐστι","TRUE"
"4026","πολλά","FALSE"
"4027",",","FALSE"
"4028","πάλιν","FALSE"
"4029","σκοπεῖν","FALSE"
"4030","τί","TRUE"
"4031","συμβήσεται","FALSE"
"4032","καὶ","TRUE"
"4033","τῷ","TRUE"
"4034","ἑνὶ","FALSE"
"4035","καὶ","TRUE"
"4036","τοῖς","TRUE"
"4037","πολλοῖς","FALSE"
"4038","καὶ","TRUE"
"4039","πρὸς","TRUE"
"4040","αὑτὰ","FALSE"
"4041","καὶ","TRUE"
"4042","πρὸς","TRUE"
"4043","ἄλληλα","FALSE"
"4044","·","FALSE"
"4045","καὶ","TRUE"
"4046","αὖθις","FALSE"
"4047","αὖ","FALSE"
"4048","ἐὰν","TRUE"
"4049","ὑποθῇ","FALSE"
"4050","εἰ","TRUE"
"4051","ἔστιν","TRUE"
"4052","ὁμοιότης","FALSE"
"4053","ἢ","TRUE"
"4054","εἰ","TRUE"
"4055","μὴ","TRUE"
"4056","ἔστιν","TRUE"
"4057",",","FALSE"
"4058","τί","TRUE"
"4059","ἐφʼ","FALSE"
"4060","ἑκατέρας","FALSE"
"4061","τῆς","TRUE"
"4062","ὑποθέσεως","FALSE"
"4063","συμβήσεται","FALSE"
"4064","καὶ","TRUE"
"4065","αὐτοῖς","TRUE"
"4066","τοῖς","TRUE"
"4067","ὑποτεθεῖσιν","FALSE"
"4068","καὶ","TRUE"
"4069","τοῖς","TRUE"
"4070","ἄλλοις","TRUE"
"4071","καὶ","TRUE"
"4072","πρὸς","TRUE"
"4073","αὑτὰ","FALSE"
"4074","καὶ","TRUE"
"4075","πρὸς","TRUE"
"4076","ἄλληλα","FALSE"
"4077",".","FALSE"
"4078","καὶ","TRUE"
"4079","περὶ","TRUE"
"4080","ἀνομοίου","FALSE"
"4081","ὁ","TRUE"
"4082","αὐτὸς","TRUE"
"4083","λόγος","FALSE"
"4084","καὶ","TRUE"
"4085","περὶ","TRUE"
"4086","κινήσεως","FALSE"
"4087","καὶ","TRUE"
"4088","περὶ","TRUE"
"4089","στάσεως","FALSE"
"4090","καὶ","TRUE"
"4091","περὶ","TRUE"
"4092","γενέσεως","FALSE"
"4093","καὶ","TRUE"
"4094","φθορᾶς","FALSE"
"4095","καὶ","TRUE"
"4096","περὶ","TRUE"
"4097","αὐτοῦ","TRUE"
"4098","τοῦ","TRUE"
"4099","εἶναι","TRUE"
"4100","καὶ","TRUE"
"4101","τοῦ","TRUE"
"4102","μὴ","TRUE"
"4103","εἶναι","TRUE"
"4104","·","FALSE"
"4105","καὶ","TRUE"
"4106","ἑνὶ","FALSE"
"4107","λόγῳ","FALSE"
"4108",",","FALSE"
"4109","περὶ","TRUE"
"4110","ὅτου","TRUE"
"4111","ἂν","TRUE"
"4112","ἀεὶ","FALSE"
"4113","ὑποθῇ","FALSE"
"4114","ὡς","TRUE"
"4115","ὄντος","TRUE"
"4116","καὶ","TRUE"
"4117","ὡς","TRUE"
"4118","οὐκ","TRUE"
"4119","ὄντος","TRUE"
"4120","καὶ","TRUE"
"4121","ὁτιοῦν","FALSE"
"4122","ἄλλο","TRUE"
"4123","πάθος","FALSE"
"4124","πάσχοντος","FALSE"
"4125",",","FALSE"
"4126","δεῖ","FALSE"
"4127","σκοπεῖν","FALSE"
"4128","τὰ","TRUE"
"4129","συμβαίνοντα","FALSE"
"4130","πρὸς","TRUE"
"4131","αὑτὸ","FALSE"
"4132","καὶ","TRUE"
"4133","πρὸς","TRUE"
"4134","ἓν","FALSE"
"4135","ἕκαστον","FALSE"
"4136","τῶν","TRUE"
"4137","ἄλλων","TRUE"
"4138",",","FALSE"
"4139","ὅτι","TRUE"
"4140","ἂν","TRUE"
"4141","προέλῃ","FALSE"
"4142",",","FALSE"
"4143","καὶ","TRUE"
"4144","πρὸς","TRUE"
"4145","πλείω","FALSE"
"4146","καὶ","TRUE"
"4147","πρὸς","TRUE"
"4148","σύμπαντα","FALSE"
"4149","ὡσαύτως","FALSE"
"4150","·","FALSE"
"4151","καὶ","TRUE"
"4152","τἆ","FALSE"
"4153","λλα","FALSE"
"4154","αὖ","FALSE"
"4155","πρὸς","TRUE"
"4156","αὑτά","FALSE"
"4157","τε","TRUE"
"4158","καὶ","TRUE"
"4159","πρὸς","TRUE"
"4160","ἄλλο","TRUE"
"4161","ὅτι","TRUE"
"4162","ἂν","TRUE"
"4163","προαιρῇ","FALSE"
"4164","ἀεί","FALSE"
"4165",",","FALSE"
"4166","ἐάντε","FALSE"
"4167","ὡς","TRUE"
"4168","ὂν","TRUE"
"4169","ὑποθῇ","FALSE"
"4170","ὃ","TRUE"
"4171","ὑπετίθεσο","FALSE"
"4172",",","FALSE"
"4173","ἄντε","FALSE"
"4174","ὡς","TRUE"
"4175","μὴ","TRUE"
"4176","ὄν","FALSE"
"4177",",","FALSE"
"4178","εἰ","TRUE"
"4179","μέλλεις","FALSE"
"4180","τελέως","FALSE"
"4181","γυμνασάμενος","FALSE"
"4182","κυρίως","FALSE"
"4183","διόψεσθαι","FALSE"
"4184","τὸ","TRUE"
"4185","ἀληθές","FALSE"
"4186",".","FALSE"
"4187","ἀμήχανόν","FALSE"
"4188","γʼ","FALSE"
"4189","ἔφη","FALSE"
"4190",",","FALSE"
"4191","λέγεις","FALSE"
"4192",",","FALSE"
"4193","ὦ","TRUE"
"4194","Παρμενίδη","FALSE"
"4195",",","FALSE"
"4196","πραγματείαν","FALSE"
"4197",",","FALSE"
"4198","καὶ","TRUE"
"4199","οὐ","TRUE"
"4200","σφόδρα","FALSE"
"4201","μανθάνω","FALSE"
"4202",".","FALSE"
"4203","ἀλλά","TRUE"
"4204","μοι","TRUE"
"4205","τί","TRUE"
"4206","οὐ","TRUE"
"4207","διῆλθες","FALSE"
"4208","αὐτὸς","TRUE"
"4209","ὑποθέμενός","FALSE"
"4210","τι","TRUE"
"4211",",","FALSE"
"4212","ἵνα","FALSE"
"4213","μᾶλλον","FALSE"
"4214","καταμάθω","FALSE"
"4215",";","FALSE"
"4216","πολὺ","FALSE"
"4217","ἔργον","FALSE"
"4218",",","FALSE"
"4219","φάναι","FALSE"
"4220",",","FALSE"
"4221","ὦ","TRUE"
"4222","Σώκρατες","FALSE"
"4223",",","FALSE"
"4224","προστάττεις","FALSE"
"4225","ὡς","TRUE"
"4226","τηλικῷδε","FALSE"
"4227",".","FALSE"
"4228","ἀλλὰ","TRUE"
"4229","σύ","TRUE"
"4230",",","FALSE"
"4231","εἰπεῖν","FALSE"
"4232","τὸν","TRUE"
"4233","Σωκράτη","FALSE"
"4234",",","FALSE"
"4235","Ζήνων","FALSE"
"4236",",","FALSE"
"4237","τί","TRUE"
"4238","οὐ","TRUE"
"4239","διῆλθες","FALSE"
"4240","ἡμῖν","TRUE"
"4241",";","FALSE"
"4242","καὶ","TRUE"
"4243","τὸν","TRUE"
"4244","Ζήνωνα","FALSE"
"4245","ἔφη","FALSE"
"4246","γελάσαντα","FALSE"
"4247","φάναι","FALSE"
"4248","·","FALSE"
"4249","αὐτοῦ","TRUE"
"4250",",","FALSE"
"4251","ὦ","TRUE"
"4252","Σώκρατες","FALSE"
"4253",",","FALSE"
"4254","δεώμεθα","FALSE"
"4255","Παρμενίδου","FALSE"
"4256","·","FALSE"
"4257","μὴ","TRUE"
"4258","γὰρ","TRUE"
"4259","οὐ","TRUE"
"4260","φαῦλον","FALSE"
"4261","ᾖ","TRUE"
"4262","ὃ","TRUE"
"4263","λέγει","FALSE"
"4264",".","FALSE"
"4265","ἢ","TRUE"
"4266","οὐχ","TRUE"
"4267","ὁρᾷς","FALSE"
"4268","ὅσον","FALSE"
"4269","ἔργον","FALSE"
"4270","προστάττεις","FALSE"
"4271",";","FALSE"
"4272","εἰ","TRUE"
"4273","μὲν","TRUE"
"4274","οὖν","TRUE"
"4275","πλείους","FALSE"
"4276","ἦμεν","TRUE"
"4277",",","FALSE"
"4278","οὐκ","TRUE"
"4279","ἂν","TRUE"
"4280","ἄξιον","FALSE"
"4281","ἦν","TRUE"
"4282","δεῖσθαι","FALSE"
"4283","·","FALSE"
"4284","ἀπρεπῆ","FALSE"
"4285","γὰρ","TRUE"
"4286","τὰ","TRUE"
"4287","τοιαῦτα","TRUE"
"4288","πολλῶν","FALSE"
"4289","ἐναντίον","FALSE"
"4290","λέγειν","FALSE"
"4291","ἄλλως","TRUE"
"4292","τε","TRUE"
"4293","καὶ","TRUE"
"4294","τηλικούτῳ","FALSE"
"4295","·","FALSE"
"4296","ἀγνοοῦσιν","FALSE"
"4297","γὰρ","TRUE"
"4298","οἱ","TRUE"
"4299","πολλοὶ","FALSE"
"4300","ὅτι","TRUE"
"4301","ἄνευ","FALSE"
"4302","ταύτης","TRUE"
"4303","τῆς","TRUE"
"4304","διὰ","TRUE"
"4305","πάντων","FALSE"
"4306","διεξόδου","FALSE"
"4307","τε","TRUE"
"4308","καὶ","TRUE"
"4309","πλάνης","FALSE"
"4310","ἀδύνατον","FALSE"
"4311","ἐντυχόντα","FALSE"
"4312","τῷ","TRUE"
"4313","ἀληθεῖ","FALSE"
"4314","νοῦν","FALSE"
"4315","σχεῖν","FALSE"
"4316",".","FALSE"
"4317","ἐγὼ","TRUE"
"4318","μὲν","TRUE"
"4319","οὖν","TRUE"
"4320",",","FALSE"
"4321","ὦ","TRUE"
"4322","Παρμενίδη","FALSE"
"4323",",","FALSE"
"4324","Σωκράτει","FALSE"
"4325","συνδέομαι","FALSE"
"4326",",","FALSE"
"4327","ἵνα","FALSE"
"4328","καὶ","TRUE"
"4329","αὐτὸς","TRUE"
"4330","διακούσω","FALSE"
"4331","διὰ","TRUE"
"4332","χρόνου","FALSE"
"4333",".","FALSE"
"4334","ταῦτα","TRUE"
"4335","δὴ","TRUE"
"4336","εἰπόντος","FALSE"
"4337","τοῦ","TRUE"
"4338","Ζήνωνος","FALSE"
"4339",",","FALSE"
"4340","ἔφη","FALSE"
"4341","ὁ","TRUE"
"4342","Ἀντιφῶν","FALSE"
"4343","φάναι","FALSE"
"4344","τὸν","TRUE"
"4345","Πυθόδωρον","FALSE"
"4346",",","FALSE"
"4347","αὐτόν","TRUE"
"4348","τε","TRUE"
"4349","δεῖσθαι","FALSE"
"4350","τοῦ","TRUE"
"4351","Παρμενίδου","FALSE"
"4352","καὶ","TRUE"
"4353","τὸν","TRUE"
"4354","Ἀριστοτέλη","FALSE"
"4355","καὶ","TRUE"
"4356","τοὺς","TRUE"
"4357","ἄλλους","TRUE"
"4358",",","FALSE"
"4359","ἐνδείξασθαι","FALSE"
"4360","ὃ","TRUE"
"4361","λέγοι","FALSE"
"4362","καὶ","TRUE"
"4363","μὴ","TRUE"
"4364","ἄλλως","TRUE"
"4365","ποιεῖν","FALSE"
"4366",".","FALSE"
"4367","τὸν","TRUE"
"4368","οὖν","TRUE"
"4369","Παρμενίδην","FALSE"
"4370","·","FALSE"
"4371","ἀνάγκη","FALSE"
"4372",",","FALSE"
"4373","φάναι","FALSE"
"4374",",","FALSE"
"4375","πείθεσθαι","FALSE"
"4376",".","FALSE"
"4377","καίτοι","FALSE"
"4378","δοκῶ","FALSE"
"4379","μοι","TRUE"
"4380","τὸ","TRUE"
"4381","τοῦ","TRUE"
"4382","Ἰβυκείου","FALSE"
"4383","ἵππου","FALSE"
"4384","πεπονθέναι","FALSE"
"4385",",","FALSE"
"4386","ᾧ","TRUE"
"4387","ἐκεῖνος","FALSE"
"4388","ἀθλητῇ","FALSE"
"4389","ὄντι","TRUE"
"4390","καὶ","TRUE"
"4391","πρεσβυτέρῳ","FALSE"
"4392",",","FALSE"
"4393","ὑφʼ","FALSE"
"4394","ἅρματι","FALSE"
"4395","μέλλοντι","FALSE"
"4396","ἀγωνιεῖσθαι","FALSE"
"4397","καὶ","TRUE"
"4398","διʼ","FALSE"
"4399","ἐμπειρίαν","FALSE"
"4400","τρέμοντι","FALSE"
"4401","τὸ","TRUE"
"4402","μέλλον","FALSE"
"4403",",","FALSE"
"4404","ἑαυτὸν","TRUE"
"4405","ἀπεικάζων","FALSE"
"4406","ἄκων","FALSE"
"4407","ἔφη","FALSE"
"4408","καὶ","TRUE"
"4409","αὐτὸς","TRUE"
"4410","οὕτω","TRUE"
"4411","πρεσβύτης","FALSE"
"4412","ὢν","TRUE"
"4413","εἰς","TRUE"
"4414","τὸν","TRUE"
"4415","ἔρωτα","FALSE"
"4416","ἀναγκάζεσθαι","FALSE"
"4417","ἰέναι","FALSE"
"4418","·","FALSE"
"4419","κἀ","FALSE"
"4420","γώ","FALSE"
"4421","μοι","TRUE"
"4422","δοκῶ","FALSE"
"4423","μεμνημένος","FALSE"
"4424","μάλα","FALSE"
"4425","φοβεῖσθαι","FALSE"
"4426","πῶς","FALSE"
"4427","χρὴ","FALSE"
"4428","τηλικόνδε","FALSE"
"4429","ὄντα","TRUE"
"4430","διανεῦσαι","FALSE"
"4431","τοιοῦτόν","FALSE"
"4432","τε","TRUE"
"4433","καὶ","TRUE"
"4434","τοσοῦτον","FALSE"
"4435","πέλαγος","FALSE"
"4436","λόγων","FALSE"
"4437","·","FALSE"
"4438","ὅμως","FALSE"
"4439","δὲ","TRUE"
"4440","δεῖ","FALSE"
"4441","γὰρ","TRUE"
"4442","χαρίζεσθαι","FALSE"
"4443",",","FALSE"
"4444","ἐπειδὴ","FALSE"
"4445","καί","TRUE"
"4446",",","FALSE"
"4447","ὃ","TRUE"
"4448","Ζήνων","FALSE"
"4449","λέγει","FALSE"
"4450",",","FALSE"
"4451","αὐτοί","TRUE"
"4452","ἐσμεν","TRUE"
"4453",".","FALSE"
"4454","πόθεν","FALSE"
"4455","οὖν","TRUE"
"4456","δὴ","TRUE"
"4457","ἀρξόμεθα","FALSE"
"4458","καὶ","TRUE"
"4459","τί","TRUE"
"4460","πρῶτον","FALSE"
"4461","ὑποθησόμεθα","FALSE"
"4462",";","FALSE"
"4463","ἢ","TRUE"
"4464","βούλεσθε","FALSE"
"4465",",","FALSE"
"4466","ἐπειδήπερ","FALSE"
"4467","δοκεῖ","FALSE"
"4468","πραγματειώδη","FALSE"
"4469","παιδιὰν","FALSE"
"4470","παίζειν","FALSE"
"4471",",","FALSE"
"4472","ἀπʼ","FALSE"
"4473","ἐμαυτοῦ","FALSE"
"4474","ἄρξωμαι","FALSE"
"4475","καὶ","TRUE"
"4476","τῆς","TRUE"
"4477","ἐμαυτοῦ","FALSE"
"4478","ὑποθέσεως","FALSE"
"4479",",","FALSE"
"4480","περὶ","TRUE"
"4481","τοῦ","TRUE"
"4482","ἑνὸς","FALSE"
"4483","αὐτοῦ","TRUE"
"4484","ὑποθέμενος","FALSE"
"4485",",","FALSE"
"4486","εἴτε","FALSE"
"4487","ἕν","FALSE"
"4488","ἐστιν","TRUE"
"4489","εἴτε","FALSE"
"4490","μὴ","TRUE"
"4491","ἕν","FALSE"
"4492",",","FALSE"
"4493","τί","TRUE"
"4494","χρὴ","FALSE"
"4495","συμβαίνειν","FALSE"
"4496",";","FALSE"
"4497","πάνυ","FALSE"
"4498","μὲν","TRUE"
"4499","οὖν","TRUE"
"4500",",","FALSE"
"4501","φάναι","FALSE"
"4502","τὸν","TRUE"
"4503","Ζήνωνα","FALSE"
"4504",".","FALSE"
"4505","τίς","TRUE"
"4506","οὖν","TRUE"
"4507",",","FALSE"
"4508","εἰπεῖν","FALSE"
"4509",",","FALSE"
"4510","μοὶ","FALSE"
"4511","ἀποκρινεῖται","FALSE"
"4512",";","FALSE"
"4513","ἢ","TRUE"
"4514","ὁ","TRUE"
"4515","νεώτατος","FALSE"
"4516",";","FALSE"
"4517","ἥκιστα","FALSE"
"4518","γὰρ","TRUE"
"4519","ἂν","TRUE"
"4520","πολυπραγμονοῖ","FALSE"
"4521",",","FALSE"
"4522","καὶ","TRUE"
"4523","ἃ","TRUE"
"4524","οἴεται","FALSE"
"4525","μάλιστα","FALSE"
"4526","ἂν","TRUE"
"4527","ἀποκρίνοιτο","FALSE"
"4528","·","FALSE"
"4529","καὶ","TRUE"
"4530","ἅμα","FALSE"
"4531","ἐμοὶ","TRUE"
"4532","ἀνάπαυλα","FALSE"
"4533","ἂν","TRUE"
"4534","εἴη","TRUE"
"4535","ἡ","TRUE"
"4536","ἐκείνου","FALSE"
"4537","ἀπόκρισις","FALSE"
"4538",".","FALSE"
"4539","ἕτοιμός","FALSE"
"4540","σοι","TRUE"
"4541",",","FALSE"
"4542","ὦ","TRUE"
"4543","Παρμενίδη","FALSE"
"4544",",","FALSE"
"4545","φάναι","FALSE"
"4546",",","FALSE"
"4547","τοῦτο","TRUE"
"4548",",","FALSE"
"4549","τὸν","TRUE"
"4550","Ἀριστοτέλη","FALSE"
"4551","·","FALSE"
"4552","ἐμὲ","TRUE"
"4553","γὰρ","TRUE"
"4554","λέγεις","FALSE"
"4555","τὸν","TRUE"
"4556","νεώτατον","FALSE"
"4557","λέγων","FALSE"
"4558",".","FALSE"
"4559","ἀλλὰ","TRUE"
"4560","ἐρώτα","FALSE"
"4561","ὡς","TRUE"
"4562","ἀποκρινουμένου","FALSE"
"4563",".","FALSE"
"4564","εἶεν","TRUE"
"4565","δή","TRUE"
"4566",",","FALSE"
"4567","φάναι","FALSE"
"4568","·","FALSE"
"4569","εἰ","TRUE"
"4570","ἕν","FALSE"
"4571","ἐστιν","TRUE"
"4572",",","FALSE"
"4573","ἄλλο","TRUE"
"4574","τι","TRUE"
"4575","οὐκ","TRUE"
"4576","ἂν","TRUE"
"4577","εἴη","TRUE"
"4578","πολλὰ","FALSE"
"4579","τὸ","TRUE"
"4580","ἕν","FALSE"
"4581",";","FALSE"
"4582","πῶς","FALSE"
"4583","γὰρ","TRUE"
"4584","ἄν","TRUE"
"4585",";","FALSE"
"4586","οὔτε","TRUE"
"4587","ἄρα","TRUE"
"4588","μέρος","FALSE"
"4589","αὐτοῦ","TRUE"
"4590","οὔτε","TRUE"
"4591","ὅλον","FALSE"
"4592","αὐτὸ","TRUE"
"4593","δεῖ","FALSE"
"4594","εἶναι","TRUE"
"4595",".","FALSE"
"4596","τί","TRUE"
"4597","δή","TRUE"
"4598",";","FALSE"
"4599","τὸ","TRUE"
"4600","μέρος","FALSE"
"4601","που","FALSE"
"4602","ὅλου","FALSE"
"4603","μέρος","FALSE"
"4604","ἐστίν","TRUE"
"4605",".","FALSE"
"4606","ναί","FALSE"
"4607",".","FALSE"
"4608","τί","TRUE"
"4609","δὲ","TRUE"
"4610","τὸ","TRUE"
"4611","ὅλον","FALSE"
"4612",";","FALSE"
"4613","οὐχὶ","TRUE"
"4614","οὗ","TRUE"
"4615","ἂν","TRUE"
"4616","μέρος","FALSE"
"4617","μηδὲν","FALSE"
"4618","ἀπῇ","FALSE"
"4619","ὅλον","FALSE"
"4620","ἂν","TRUE"
"4621","εἴη","TRUE"
"4622",";","FALSE"
"4623","πάνυ","FALSE"
"4624","γε","TRUE"
"4625",".","FALSE"
"4626","ἀμφοτέρως","FALSE"
"4627","ἄρα","TRUE"
"4628","τὸ","TRUE"
"4629","ἓν","FALSE"
"4630","ἐκ","TRUE"
"4631","μερῶν","FALSE"
"4632","ἂν","TRUE"
"4633","εἴη","TRUE"
"4634",",","FALSE"
"4635","ὅλον","FALSE"
"4636","τε","TRUE"
"4637","ὂν","TRUE"
"4638","καὶ","TRUE"
"4639","μέρη","FALSE"
"4640","ἔχον","FALSE"
"4641",".","FALSE"
"4642","ἀνάγκη","FALSE"
"4643",".","FALSE"
"4644","ἀμφοτέρως","FALSE"
"4645","ἂν","TRUE"
"4646","ἄρα","TRUE"
"4647","οὕτως","TRUE"
"4648","τὸ","TRUE"
"4649","ἓν","FALSE"
"4650","πολλὰ","FALSE"
"4651","εἴη","TRUE"
"4652","ἀλλʼ","FALSE"
"4653","οὐχ","TRUE"
"4654","ἕν","FALSE"
"4655",".","FALSE"
"4656","ἀληθῆ","FALSE"
"4657",".","FALSE"
"4658","δεῖ","FALSE"
"4659","δέ","TRUE"
"4660","γε","TRUE"
"4661","μὴ","TRUE"
"4662","πολλὰ","FALSE"
"4663","ἀλλʼ","FALSE"
"4664","ἓν","FALSE"
"4665","αὐτὸ","TRUE"
"4666","εἶναι","TRUE"
"4667",".","FALSE"
"4668","δεῖ","FALSE"
"4669",".","FALSE"
"4670","οὔτʼ","FALSE"
"4671","ἄρα","TRUE"
"4672","ὅλον","FALSE"
"4673","ἔσται","TRUE"
"4674","οὔτε","TRUE"
"4675","μέρη","FALSE"
"4676","ἕξει","FALSE"
"4677",",","FALSE"
"4678","εἰ","TRUE"
"4679","ἓν","FALSE"
"4680","ἔσται","TRUE"
"4681","τὸ","TRUE"
"4682","ἕν","FALSE"
"4683",".","FALSE"
"4684","οὐ","TRUE"
"4685","γάρ","TRUE"
"4686",".","FALSE"
"4687","οὐκοῦν","FALSE"
"4688","εἰ","TRUE"
"4689","μηδὲν","FALSE"
"4690","ἔχει","FALSE"
"4691","μέρος","FALSE"
"4692",",","FALSE"
"4693","οὔτʼ","FALSE"
"4694","ἂν","TRUE"
"4695","ἀρχὴν","FALSE"
"4696","οὔτε","TRUE"
"4697","τελευτὴν","FALSE"
"4698","οὔτε","TRUE"
"4699","μέσον","FALSE"
"4700","ἔχοι","FALSE"
"4701","·","FALSE"
"4702","μέρη","FALSE"
"4703","γὰρ","TRUE"
"4704","ἂν","TRUE"
"4705","ἤδη","FALSE"
"4706","αὐτοῦ","TRUE"
"4707","τὰ","TRUE"
"4708","τοιαῦτα","TRUE"
"4709","εἴη","TRUE"
"4710",".","FALSE"
"4711","ὀρθῶς","FALSE"
"4712",".","FALSE"
"4713","καὶ","TRUE"
"4714","μὴν","FALSE"
"4715","τελευτή","FALSE"
"4716","γε","TRUE"
"4717","καὶ","TRUE"
"4718","ἀρχὴ","FALSE"
"4719","πέρας","FALSE"
"4720","ἑκάστου","FALSE"
"4721",".","FALSE"
"4722","πῶς","FALSE"
"4723","δʼ","FALSE"
"4724","οὔ","TRUE"
"4725",";","FALSE"
"4726","ἄπειρον","FALSE"
"4727","ἄρα","TRUE"
"4728","τὸ","TRUE"
"4729","ἕν","FALSE"
"4730",",","FALSE"
"4731","εἰ","TRUE"
"4732","μήτε","FALSE"
"4733","ἀρχὴν","FALSE"
"4734","μήτε","FALSE"
"4735","τελευτὴν","FALSE"
"4736","ἔχει","FALSE"
"4737",".","FALSE"
"4738","ἄπειρον","FALSE"
"4739",".","FALSE"
"4740","καὶ","TRUE"
"4741","ἄνευ","FALSE"
"4742","σχήματος","FALSE"
"4743","ἄρα","TRUE"
"4744","·","FALSE"
"4745","οὔτε","TRUE"
"4746","γὰρ","TRUE"
"4747","στρογγύλου","FALSE"
"4748","οὔτε","TRUE"
"4749","εὐθέος","FALSE"
"4750","μετέχει","FALSE"
"4751",".","FALSE"
"4752","πῶς","FALSE"
"4753",";","FALSE"
"4754","στρογγύλον","FALSE"
"4755","γέ","TRUE"
"4756","πού","FALSE"
"4757","ἐστι","TRUE"
"4758","τοῦτο","TRUE"
"4759","οὗ","TRUE"
"4760","ἂν","TRUE"
"4761","τὰ","TRUE"
"4762","ἔσχατα","FALSE"
"4763","πανταχῇ","FALSE"
"4764","ἀπὸ","TRUE"
"4765","τοῦ","TRUE"
"4766","μέσου","FALSE"
"4767","ἴσον","FALSE"
"4768","ἀπέχῃ","FALSE"
"4769",".","FALSE"
"4770","ναί","FALSE"
"4771",".","FALSE"
"4772","καὶ","TRUE"
"4773","μὴν","FALSE"
"4774","εὐθύ","FALSE"
"4775","γε","TRUE"
"4776",",","FALSE"
"4777","οὗ","TRUE"
"4778","ἂν","TRUE"
"4779","τὸ","TRUE"
"4780","μέσον","FALSE"
"4781","ἀμφοῖν","FALSE"
"4782","τοῖν","TRUE"
"4783","ἐσχάτοιν","FALSE"
"4784","ἐπίπροσθεν","FALSE"
"4785","ᾖ","TRUE"
"4786",".","FALSE"
"4787","οὕτως","TRUE"
"4788",".","FALSE"
"4789","οὐκοῦν","FALSE"
"4790","μέρη","FALSE"
"4791","ἂν","TRUE"
"4792","ἔχοι","FALSE"
"4793","τὸ","TRUE"
"4794","ἓν","FALSE"
"4795","καὶ","TRUE"
"4796","πολλὰ","FALSE"
"4797","ἂν","TRUE"
"4798","εἴη","TRUE"
"4799",",","FALSE"
"4800","εἴτε","FALSE"
"4801","εὐθέος","FALSE"
"4802","σχήματος","FALSE"
"4803","εἴτε","FALSE"
"4804","περιφεροῦς","FALSE"
"4805","μετέχοι","FALSE"
"4806",".","FALSE"
"4807","πάνυ","FALSE"
"4808","μὲν","TRUE"
"4809","οὖν","TRUE"
"4810",".","FALSE"
"4811","οὔτε","TRUE"
"4812","ἄρα","TRUE"
"4813","εὐθὺ","FALSE"
"4814","οὔτε","TRUE"
"4815","περιφερές","FALSE"
"4816","ἐστιν","TRUE"
"4817",",","FALSE"
"4818","ἐπείπερ","FALSE"
"4819","οὐδὲ","TRUE"
"4820","μέρη","FALSE"
"4821","ἔχει","FALSE"
"4822",".","FALSE"
"4823","ὀρθῶς","FALSE"
"4824",".","FALSE"
"4825","καὶ","TRUE"
"4826","μὴν","FALSE"
"4827","τοιοῦτόν","FALSE"
"4828","γε","TRUE"
"4829","ὂν","TRUE"
"4830","οὐδαμοῦ","FALSE"
"4831","ἂν","TRUE"
"4832","εἴη","TRUE"
"4833","·","FALSE"
"4834","οὔτε","TRUE"
"4835","γὰρ","TRUE"
"4836","ἐν","TRUE"
"4837","ἄλλῳ","TRUE"
"4838","οὔτε","TRUE"
"4839","ἐν","TRUE"
"4840","ἑαυτῷ","TRUE"
"4841","εἴη","TRUE"
"4842",".","FALSE"
"4843","πῶς","FALSE"
"4844","δή","TRUE"
"4845",";","FALSE"
"4846","ἐν","TRUE"
"4847","ἄλλῳ","TRUE"
"4848","μὲν","TRUE"
"4849","ὂν","TRUE"
"4850","κύκλῳ","FALSE"
"4851","που","FALSE"
"4852","ἂν","TRUE"
"4853","περιέχοιτο","FALSE"
"4854","ὑπʼ","FALSE"
"4855","ἐκείνου","FALSE"
"4856","ἐν","TRUE"
"4857","ᾧ","TRUE"
"4858","ἐνείη","FALSE"
"4859",",","FALSE"
"4860","καὶ","TRUE"
"4861","πολλαχοῦ","FALSE"
"4862","ἂν","TRUE"
"4863","αὐτοῦ","TRUE"
"4864","ἅπτοιτο","FALSE"
"4865","πολλοῖς","FALSE"
"4866","·","FALSE"
"4867","τοῦ","TRUE"
"4868","δὲ","TRUE"
"4869","ἑνός","FALSE"
"4870","τε","TRUE"
"4871","καὶ","TRUE"
"4872","ἀμεροῦς","FALSE"
"4873","καὶ","TRUE"
"4874","κύκλου","FALSE"
"4875","μὴ","TRUE"
"4876","μετέχοντος","FALSE"
"4877","ἀδύνατον","FALSE"
"4878","πολλαχῇ","FALSE"
"4879","κύκλῳ","FALSE"
"4880","ἅπτεσθαι","FALSE"
"4881",".","FALSE"
"4882","ἀδύνατον","FALSE"
"4883",".","FALSE"
"4884","ἀλλὰ","TRUE"
"4885","μὴν","FALSE"
"4886","αὐτό","TRUE"
"4887","γε","TRUE"
"4888","ἐν","TRUE"
"4889","ἑαυτῷ","TRUE"
"4890","ὂν","TRUE"
"4891","κἂν","TRUE"
"4892","ἑαυτῷ","TRUE"
"4893","εἴη","TRUE"
"4894","περιέχον","FALSE"
"4895","οὐκ","TRUE"
"4896","ἄλλο","TRUE"
"4897","ἢ","TRUE"
"4898","αὑτό","FALSE"
"4899",",","FALSE"
"4900","εἴπερ","FALSE"
"4901","καὶ","TRUE"
"4902","ἐν","TRUE"
"4903","ἑαυτῷ","TRUE"
"4904","εἴη","TRUE"
"4905","·","FALSE"
"4906","ἔν","TRUE"
"4907","τῳ","TRUE"
"4908","γάρ","TRUE"
"4909","τι","TRUE"
"4910","εἶναι","TRUE"
"4911","μὴ","TRUE"
"4912","περιέχοντι","FALSE"
"4913","ἀδύνατον","FALSE"
"4914",".","FALSE"
"4915","ἀδύνατον","FALSE"
"4916","γάρ","TRUE"
"4917",".","FALSE"
"4918","οὐκοῦν","FALSE"
"4919","ἕτερον","FALSE"
"4920","μὲν","TRUE"
"4921","ἄν","TRUE"
"4922","τι","TRUE"
"4923","εἴη","TRUE"
"4924","αὐτὸ","TRUE"
"4925","τὸ","TRUE"
"4926","περιέχον","FALSE"
"4927",",","FALSE"
"4928","ἕτερον","FALSE"
"4929","δὲ","TRUE"
"4930","τὸ","TRUE"
"4931","περιεχόμενον","FALSE"
"4932","·","FALSE"
"4933","οὐ","TRUE"
"4934","γὰρ","TRUE"
"4935","ὅλον","FALSE"
"4936","γε","TRUE"
"4937","ἄμφω","FALSE"
"4938","ταὐτὸν","TRUE"
"4939","ἅμα","FALSE"
"4940","πείσεται","FALSE"
"4941","καὶ","TRUE"
"4942","ποιήσει","FALSE"
"4943","·","FALSE"
"4944","καὶ","TRUE"
"4945","οὕτω","TRUE"
"4946","τὸ","TRUE"
"4947","ἓν","FALSE"
"4948","οὐκ","TRUE"
"4949","ἂν","TRUE"
"4950","εἴη","TRUE"
"4951","ἔτι","TRUE"
"4952","ἓν","FALSE"
"4953","ἀλλὰ","TRUE"
"4954","δύο","FALSE"
"4955",".","FALSE"
"4956","οὐ","TRUE"
"4957","γὰρ","TRUE"
"4958","οὖν","TRUE"
"4959",".","FALSE"
"4960","οὐκ","TRUE"
"4961","ἄρα","TRUE"
"4962","ἐστίν","TRUE"
"4963","που","FALSE"
"4964","τὸ","TRUE"
"4965","ἕν","FALSE"
"4966",",","FALSE"
"4967","μήτε","FALSE"
"4968","ἐν","TRUE"
"4969","αὑτῷ","TRUE"
"4970","μήτε","FALSE"
"4971","ἐν","TRUE"
"4972","ἄλλῳ","TRUE"
"4973","ἐνόν","FALSE"
"4974",".","FALSE"
"4975","οὐκ","TRUE"
"4976","ἔστιν","TRUE"
"4977",".","FALSE"
"4978","ὅρα","FALSE"
"4979","δή","TRUE"
"4980",",","FALSE"
"4981","οὕτως","TRUE"
"4982","ἔχον","FALSE"
"4983","εἰ","TRUE"
"4984","οἷόν","FALSE"
"4985","τέ","TRUE"
"4986","ἐστιν","TRUE"
"4987","ἑστάναι","FALSE"
"4988","ἢ","TRUE"
"4989","κινεῖσθαι","FALSE"
"4990",".","FALSE"
"4991","τί","TRUE"
"4992","δὴ","TRUE"
"4993","γὰρ","TRUE"
"4994","οὔ","TRUE"
"4995",";","FALSE"
"4996","ὅτι","TRUE"
"4997","κινούμενόν","FALSE"
"4998","γε","TRUE"
"4999","ἢ","TRUE"
"5000","φέροιτο","FALSE"
"5001","ἢ","TRUE"
"5002","ἀλλοιοῖτο","FALSE"
"5003","ἄν","TRUE"
"5004","·","FALSE"
"5005","αὗται","TRUE"
"5006","γὰρ","TRUE"
"5007","μόναι","FALSE"
"5008","κινήσεις","FALSE"
"5009",".","FALSE"
"5010","ναί","FALSE"
"5011",".","FALSE"
"5012","ἀλλοιούμενον","FALSE"
"5013","δὲ","TRUE"
"5014","τὸ","TRUE"
"5015","ἓν","FALSE"
"5016","ἑαυτοῦ","TRUE"
"5017","ἀδύνατόν","FALSE"
"5018","που","FALSE"
"5019","ἓν","FALSE"
"5020","ἔτι","TRUE"
"5021","εἶναι","TRUE"
"5022",".","FALSE"
"5023","ἀδύνατον","FALSE"
"5024",".","FALSE"
"5025","οὐκ","TRUE"
"5026","ἄρα","TRUE"
"5027","κατʼ","FALSE"
"5028","ἀλλοίωσίν","FALSE"
"5029","γε","TRUE"
"5030","κινεῖται","FALSE"
"5031",".","FALSE"
"5032","οὐ","TRUE"
"5033","φαίνεται","FALSE"
"5034",".","FALSE"
"5035","ἀλλʼ","FALSE"
"5036","ἆρα","FALSE"
"5037","τῷ","TRUE"
"5038","φέρεσθαι","FALSE"
"5039",";","FALSE"
"5040","ἴσως","FALSE"
"5041",".","FALSE"
"5042","καὶ","TRUE"
"5043","μὴν","FALSE"
"5044","εἰ","TRUE"
"5045","φέροιτο","FALSE"
"5046","τὸ","TRUE"
"5047","ἕν","FALSE"
"5048",",","FALSE"
"5049","ἤτοι","FALSE"
"5050","ἐν","TRUE"
"5051","τῷ","TRUE"
"5052","αὐτῷ","TRUE"
"5053","ἂν","TRUE"
"5054","περιφέροιτο","FALSE"
"5055","κύκλῳ","FALSE"
"5056","ἢ","TRUE"
"5057","μεταλλάττοι","FALSE"
"5058","χώραν","FALSE"
"5059","ἑτέραν","FALSE"
"5060","ἐξ","TRUE"
"5061","ἑτέρας","FALSE"
"5062",".","FALSE"
"5063","ἀνάγκη","FALSE"
"5064",".","FALSE"
"5065","οὐκοῦν","FALSE"
"5066","κύκλῳ","FALSE"
"5067","μὲν","TRUE"
"5068","περιφερόμενον","FALSE"
"5069","ἐπὶ","TRUE"
"5070","μέσου","FALSE"
"5071","βεβηκέναι","FALSE"
"5072","ἀνάγκη","FALSE"
"5073",",","FALSE"
"5074","καὶ","TRUE"
"5075","τὰ","TRUE"
"5076","περὶ","TRUE"
"5077","τὸ","TRUE"
"5078","μέσον","FALSE"
"5079","φερόμενα","FALSE"
"5080","ἄλλα","TRUE"
"5081","μέρη","FALSE"
"5082","ἔχειν","FALSE"
"5083","ἑαυτοῦ","TRUE"
"5084","·","FALSE"
"5085","ᾧ","TRUE"
"5086","δὲ","TRUE"
"5087","μήτε","FALSE"
"5088","μέσου","FALSE"
"5089","μήτε","FALSE"
"5090","μερῶν","FALSE"
"5091","προσήκει","FALSE"
"5092",",","FALSE"
"5093","τίς","TRUE"
"5094","μηχανὴ","FALSE"
"5095","τοῦτο","TRUE"
"5096","κύκλῳ","FALSE"
"5097","ποτʼ","FALSE"
"5098","ἐπὶ","TRUE"
"5099","τοῦ","TRUE"
"5100","μέσου","FALSE"
"5101","ἐνεχθῆναι","FALSE"
"5102",";","FALSE"
"5103","οὐδεμία","TRUE"
"5104",".","FALSE"
"5105","ἀλλὰ","TRUE"
"5106","δὴ","TRUE"
"5107","χώραν","FALSE"
"5108","ἀμεῖβον","FALSE"
"5109","ἄλλοτʼ","FALSE"
"5110","ἄλλοθι","FALSE"
"5111","γίγνεται","FALSE"
"5112","καὶ","TRUE"
"5113","οὕτω","TRUE"
"5114","κινεῖται","FALSE"
"5115",";","FALSE"
"5116","εἴπερ","FALSE"
"5117","γε","TRUE"
"5118","δή","TRUE"
"5119",".","FALSE"
"5120","οὐκοῦν","FALSE"
"5121","εἶναι","TRUE"
"5122","μέν","TRUE"
"5123","που","FALSE"
"5124","ἔν","TRUE"
"5125","τινι","TRUE"
"5126","αὐτῷ","TRUE"
"5127","ἀδύνατον","FALSE"
"5128","ἐφάνη","FALSE"
"5129",";","FALSE"
"5130","ναί","FALSE"
"5131",".","FALSE"
"5132","ἆρʼ","FALSE"
"5133","οὖν","TRUE"
"5134","γίγνεσθαι","FALSE"
"5135","ἔτι","TRUE"
"5136","ἀδυνατώτερον","FALSE"
"5137",";","FALSE"
"5138","οὐκ","TRUE"
"5139","ἐννοῶ","FALSE"
"5140","ὅπῃ","FALSE"
"5141",".","FALSE"
"5142","εἰ","TRUE"
"5143","ἔν","TRUE"
"5144","τῴ","FALSE"
"5145","τι","TRUE"
"5146","γίγνεται","FALSE"
"5147",",","FALSE"
"5148","οὐκ","TRUE"
"5149","ἀνάγκη","FALSE"
"5150","μήτε","FALSE"
"5151","πω","FALSE"
"5152","ἐν","TRUE"
"5153","ἐκείνῳ","FALSE"
"5154","εἶναι","TRUE"
"5155","ἔτι","TRUE"
"5156","ἐγγιγνόμενον","FALSE"
"5157",",","FALSE"
"5158","μήτʼ","FALSE"
"5159","ἔτι","TRUE"
"5160","ἔξω","FALSE"
"5161","ἐκείνου","FALSE"
"5162","παντάπασιν","FALSE"
"5163",",","FALSE"
"5164","εἴπερ","FALSE"
"5165","ἤδη","FALSE"
"5166","ἐγγίγνεται","FALSE"
"5167",";","FALSE"
"5168","ἀνάγκη","FALSE"
"5169",".","FALSE"
"5170","εἰ","TRUE"
"5171","ἄρα","TRUE"
"5172","τι","TRUE"
"5173","ἄλλο","TRUE"
"5174","πείσεται","FALSE"
"5175","τοῦτο","TRUE"
"5176",",","FALSE"
"5177","ἐκεῖνο","FALSE"
"5178","ἂν","TRUE"
"5179","μόνον","FALSE"
"5180","πάσχοι","FALSE"
"5181","οὗ","TRUE"
"5182","μέρη","FALSE"
"5183","εἴη","TRUE"
"5184","·","FALSE"
"5185","τὸ","TRUE"
"5186","μὲν","TRUE"
"5187","γὰρ","TRUE"
"5188","ἄν","TRUE"
"5189","τι","TRUE"
"5190","αὐτοῦ","TRUE"
"5191","ἤδη","FALSE"
"5192","ἐν","TRUE"
"5193","ἐκείνῳ","FALSE"
"5194",",","FALSE"
"5195","τὸ","TRUE"
"5196","δὲ","TRUE"
"5197","ἔξω","FALSE"
"5198","εἴη","TRUE"
"5199","ἅμα","FALSE"
"5200","·","FALSE"
"5201","τὸ","TRUE"
"5202","δὲ","TRUE"
"5203","μὴ","TRUE"
"5204","ἔχον","FALSE"
"5205","μέρη","FALSE"
"5206","οὐχ","TRUE"
"5207","οἷόν","FALSE"
"5208","τέ","TRUE"
"5209","που","FALSE"
"5210","ἔσται","TRUE"
"5211","τρόπῳ","FALSE"
"5212","οὐδενὶ","TRUE"
"5213","ὅλον","FALSE"
"5214","ἅμα","FALSE"
"5215","μήτε","FALSE"
"5216","ἐντὸς","FALSE"
"5217","εἶναί","TRUE"
"5218","τινος","TRUE"
"5219","μήτε","FALSE"
"5220","ἔξω","FALSE"
"5221",".","FALSE"
"5222","ἀληθῆ","FALSE"
"5223",".","FALSE"
"5224","οὗ","TRUE"
"5225","δὲ","TRUE"
"5226","μήτε","FALSE"
"5227","μέρη","FALSE"
"5228","εἰσὶ","TRUE"
"5229","μήτε","FALSE"
"5230","ὅλον","FALSE"
"5231","τυγχάνει","FALSE"
"5232","ὄν","FALSE"
"5233",",","FALSE"
"5234","οὐ","TRUE"
"5235","πολὺ","FALSE"
"5236","ἔτι","TRUE"
"5237","ἀδυνατώτερον","FALSE"
"5238","ἐγγίγνεσθαί","FALSE"
"5239","που","FALSE"
"5240",",","FALSE"
"5241","μήτε","FALSE"
"5242","κατὰ","TRUE"
"5243","μέρη","FALSE"
"5244","μήτε","FALSE"
"5245","κατὰ","TRUE"
"5246","ὅλον","FALSE"
"5247","ἐγγιγνόμενον","FALSE"
"5248",";","FALSE"
"5249","φαίνεται","FALSE"
"5250",".","FALSE"
"5251","οὔτʼ","FALSE"
"5252","ἄρα","TRUE"
"5253","ποι","FALSE"
"5254","ἰὸν","FALSE"
"5255","καὶ","TRUE"
"5256","ἔν","TRUE"
"5257","τῳ","TRUE"
"5258","γιγνόμενον","FALSE"
"5259","χώραν","FALSE"
"5260","ἀλλάττει","FALSE"
"5261",",","FALSE"
"5262","οὔτʼ","FALSE"
"5263","ἐν","TRUE"
"5264","τῷ","TRUE"
"5265","αὐτῷ","TRUE"
"5266","περιφερόμενον","FALSE"
"5267","οὔτε","TRUE"
"5268","ἀλλοιούμενον","FALSE"
"5269",".","FALSE"
"5270","οὐκ","TRUE"
"5271","ἔοικε","FALSE"
"5272",".","FALSE"
"5273","κατὰ","TRUE"
"5274","πᾶσαν","FALSE"
"5275","ἄρα","TRUE"
"5276","κίνησιν","FALSE"
"5277","τὸ","TRUE"
"5278","ἓν","FALSE"
"5279","ἀκίνητον","FALSE"
"5280",".","FALSE"
"5281","ἀκίνητον","FALSE"
"5282",".","FALSE"
"5283","ἀλλὰ","TRUE"
"5284","μὴν","FALSE"
"5285","καὶ","TRUE"
"5286","εἶναί","TRUE"
"5287","γέ","TRUE"
"5288","φαμεν","FALSE"
"5289","ἔν","TRUE"
"5290","τινι","TRUE"
"5291","αὐτὸ","TRUE"
"5292","ἀδύνατον","FALSE"
"5293",".","FALSE"
"5294","φαμὲν","FALSE"
"5295","γάρ","TRUE"
"5296",".","FALSE"
"5297","οὐδʼ","FALSE"
"5298","ἄρα","TRUE"
"5299","ποτὲ","FALSE"
"5300","ἐν","TRUE"
"5301","τῷ","TRUE"
"5302","αὐτῷ","TRUE"
"5303","ἐστιν","TRUE"
"5304",".","FALSE"
"5305","τί","TRUE"
"5306","δή","TRUE"
"5307",";","FALSE"
"5308","ὅτι","TRUE"
"5309","ἤδη","FALSE"
"5310","ἂν","TRUE"
"5311","ἐν","TRUE"
"5312","ἐκείνῳ","FALSE"
"5313","εἴη","TRUE"
"5314","ἐν","TRUE"
"5315","ᾧ","TRUE"
"5316","τῷ","TRUE"
"5317","αὐτῷ","TRUE"
"5318","ἐστιν","TRUE"
"5319",".","FALSE"
"5320","πάνυ","FALSE"
"5321","μὲν","TRUE"
"5322","οὖν","TRUE"
"5323",".","FALSE"
"5324","ἀλλʼ","FALSE"
"5325","οὔτε","TRUE"
"5326","ἐν","TRUE"
"5327","αὑτῷ","TRUE"
"5328","οὔτε","TRUE"
"5329","ἐν","TRUE"
"5330","ἄλλῳ","TRUE"
"5331","οἷόν","FALSE"
"5332","τε","TRUE"
"5333","ἦν","TRUE"
"5334","αὐτῷ","TRUE"
"5335","ἐνεῖναι","FALSE"
"5336",".","FALSE"
"5337","οὐ","TRUE"
"5338","γὰρ","TRUE"
"5339","οὖν","TRUE"
"5340",".","FALSE"
"5341","οὐδέποτε","FALSE"
"5342","ἄρα","TRUE"
"5343","ἐστὶ","TRUE"
"5344","τὸ","TRUE"
"5345","ἓν","FALSE"
"5346","ἐν","TRUE"
"5347","τῷ","TRUE"
"5348","αὐτῷ","TRUE"
"5349",".","FALSE"
"5350","οὐκ","TRUE"
"5351","ἔοικεν","FALSE"
"5352",".","FALSE"
"5353","ἀλλὰ","TRUE"
"5354","μὴν","FALSE"
"5355","τό","TRUE"
"5356","γε","TRUE"
"5357","μηδέποτε","FALSE"
"5358","ἐν","TRUE"
"5359","τῷ","TRUE"
"5360","αὐτῷ","TRUE"
"5361","ὂν","TRUE"
"5362","οὔτε","TRUE"
"5363","ἡσυχίαν","FALSE"
"5364","ἄγει","FALSE"
"5365","οὔθʼ","FALSE"
"5366","ἕστηκεν","FALSE"
"5367",".","FALSE"
"5368","οὐ","TRUE"
"5369","γὰρ","TRUE"
"5370","οἷόν","FALSE"
"5371","τε","TRUE"
"5372",".","FALSE"
"5373","τὸ","TRUE"
"5374","ἓν","FALSE"
"5375","ἄρα","TRUE"
"5376",",","FALSE"
"5377","ὡς","TRUE"
"5378","ἔοικεν","FALSE"
"5379",",","FALSE"
"5380","οὔτε","TRUE"
"5381","ἕστηκεν","FALSE"
"5382","οὔτε","TRUE"
"5383","κινεῖται","FALSE"
"5384",".","FALSE"
"5385","οὔκουν","FALSE"
"5386","δὴ","TRUE"
"5387","φαίνεταί","FALSE"
"5388","γε","TRUE"
"5389",".","FALSE"
"5390","οὐδὲ","TRUE"
"5391","μὴν","FALSE"
"5392","ταὐτόν","FALSE"
"5393","γε","TRUE"
"5394","οὔτε","TRUE"
"5395","ἑτέρῳ","FALSE"
"5396","οὔτε","TRUE"
"5397","ἑαυτῷ","TRUE"
"5398","ἔσται","TRUE"
"5399",",","FALSE"
"5400","οὐδʼ","FALSE"
"5401","αὖ","FALSE"
"5402","ἕτερον","FALSE"
"5403","οὔτε","TRUE"
"5404","αὑτοῦ","TRUE"
"5405","οὔτε","TRUE"
"5406","ἑτέρου","FALSE"
"5407","ἂν","TRUE"
"5408","εἴη","TRUE"
"5409",".","FALSE"
"5410","πῇ","FALSE"
"5411","δή","TRUE"
"5412",";","FALSE"
"5413","ἕτερον","FALSE"
"5414","μέν","TRUE"
"5415","που","FALSE"
"5416","ἑαυτοῦ","TRUE"
"5417","ὂν","TRUE"
"5418","ἑνὸς","FALSE"
"5419","ἕτερον","FALSE"
"5420","ἂν","TRUE"
"5421","εἴη","TRUE"
"5422","καὶ","TRUE"
"5423","οὐκ","TRUE"
"5424","ἂν","TRUE"
"5425","εἴη","TRUE"
"5426","ἕν","FALSE"
"5427",".","FALSE"
"5428","ἀληθῆ","FALSE"
"5429",".","FALSE"
"5430","καὶ","TRUE"
"5431","μὴν","FALSE"
"5432","ταὐτόν","FALSE"
"5433","γε","TRUE"
"5434","ἑτέρῳ","FALSE"
"5435","ὂν","TRUE"
"5436","ἐκεῖνο","FALSE"
"5437","ἂν","TRUE"
"5438","εἴη","TRUE"
"5439",",","FALSE"
"5440","αὐτὸ","TRUE"
"5441","δʼ","FALSE"
"5442","οὐκ","TRUE"
"5443","ἂν","TRUE"
"5444","εἴη","TRUE"
"5445","·","FALSE"
"5446","ὥστε","TRUE"
"5447","οὐδʼ","FALSE"
"5448","ἂν","TRUE"
"5449","οὕτως","TRUE"
"5450","εἴη","TRUE"
"5451","ὅπερ","FALSE"
"5452","ἔστιν","TRUE"
"5453",",","FALSE"
"5454","ἕν","FALSE"
"5455",",","FALSE"
"5456","ἀλλʼ","FALSE"
"5457","ἕτερον","FALSE"
"5458","ἑνός","FALSE"
"5459",".","FALSE"
"5460","οὐ","TRUE"
"5461","γὰρ","TRUE"
"5462","οὖν","TRUE"
"5463",".","FALSE"
"5464","ταὐτὸν","TRUE"
"5465","μὲν","TRUE"
"5466","ἄρα","TRUE"
"5467","ἑτέρῳ","FALSE"
"5468","ἢ","TRUE"
"5469","ἕτερον","FALSE"
"5470","ἑαυτοῦ","TRUE"
"5471","οὐκ","TRUE"
"5472","ἔσται","TRUE"
"5473",".","FALSE"
"5474","οὐ","TRUE"
"5475","γάρ","TRUE"
"5476",".","FALSE"
"5477","ἕτερον","FALSE"
"5478","δέ","TRUE"
"5479","γε","TRUE"
"5480","ἑτέρου","FALSE"
"5481","οὐκ","TRUE"
"5482","ἔσται","TRUE"
"5483",",","FALSE"
"5484","ἕως","FALSE"
"5485","ἂν","TRUE"
"5486","ᾖ","TRUE"
"5487","ἕν","FALSE"
"5488","·","FALSE"
"5489","οὐ","TRUE"
"5490","γὰρ","TRUE"
"5491","ἑνὶ","FALSE"
"5492","προσήκει","FALSE"
"5493","ἑτέρῳ","FALSE"
"5494","τινὸς","TRUE"
"5495","εἶναι","TRUE"
"5496",",","FALSE"
"5497","ἀλλὰ","TRUE"
"5498","μόνῳ","FALSE"
"5499","ἑτέρῳ","FALSE"
"5500","ἑτέρου","FALSE"
"5501",",","FALSE"
"5502","ἄλλῳ","TRUE"
"5503","δὲ","TRUE"
"5504","οὐδενί","FALSE"
"5505",".","FALSE"
"5506","ὀρθῶς","FALSE"
"5507",".","FALSE"
"5508","τῷ","TRUE"
"5509","μὲν","TRUE"
"5510","ἄρα","TRUE"
"5511","ἓν","FALSE"
"5512","εἶναι","TRUE"
"5513","οὐκ","TRUE"
"5514","ἔσται","TRUE"
"5515","ἕτερον","FALSE"
"5516","·","FALSE"
"5517","ἢ","TRUE"
"5518","οἴει","FALSE"
"5519",";","FALSE"
"5520","οὐ","TRUE"
"5521","δῆτα","FALSE"
"5522",".","FALSE"
"5523","ἀλλὰ","TRUE"
"5524","μὴν","FALSE"
"5525","εἰ","TRUE"
"5526","μὴ","TRUE"
"5527","τούτῳ","TRUE"
"5528",",","FALSE"
"5529","οὐχ","TRUE"
"5530","ἑαυτῷ","TRUE"
"5531","ἔσται","TRUE"
"5532",",","FALSE"
"5533","εἰ","TRUE"
"5534","δὲ","TRUE"
"5535","μὴ","TRUE"
"5536","αὑτῷ","TRUE"
"5537",",","FALSE"
"5538","οὐδὲ","TRUE"
"5539","αὐτό","TRUE"
"5540","·","FALSE"
"5541","αὐτὸ","TRUE"
"5542","δὲ","TRUE"
"5543","μηδαμῇ","FALSE"
"5544","ὂν","TRUE"
"5545","ἕτερον","FALSE"
"5546","οὐδενὸς","TRUE"
"5547","ἔσται","TRUE"
"5548","ἕτερον","FALSE"
"5549",".","FALSE"
"5550","ὀρθῶς","FALSE"
"5551",".","FALSE"
"5552","οὐδὲ","TRUE"
"5553","μὴν","FALSE"
"5554","ταὐτόν","FALSE"
"5555","γε","TRUE"
"5556","ἑαυτῷ","TRUE"
"5557","ἔσται","TRUE"
"5558",".","FALSE"
"5559","πῶς","FALSE"
"5560","δʼ","FALSE"
"5561","οὔ","TRUE"
"5562",";","FALSE"
"5563","οὐχ","TRUE"
"5564","ἥπερ","TRUE"
"5565","τοῦ","TRUE"
"5566","ἑνὸς","FALSE"
"5567","φύσις","FALSE"
"5568",",","FALSE"
"5569","αὑτὴ","FALSE"
"5570","δήπου","FALSE"
"5571","καὶ","TRUE"
"5572","τοῦ","TRUE"
"5573","τ","FALSE"
"5574","αὐτοῦ","TRUE"
"5575",".","FALSE"
"5576","τί","TRUE"
"5577","δή","TRUE"
"5578",";","FALSE"
"5579","ὅτι","TRUE"
"5580","οὐκ","TRUE"
"5581",",","FALSE"
"5582","ἐπειδὰν","FALSE"
"5583","ταὐτὸν","TRUE"
"5584","γένηταί","FALSE"
"5585","τῴ","FALSE"
"5586","τι","TRUE"
"5587",",","FALSE"
"5588","ἓν","FALSE"
"5589","γίγνεται","FALSE"
"5590",".","FALSE"
"5591","ἀλλὰ","TRUE"
"5592","τί","TRUE"
"5593","μήν","FALSE"
"5594",";","FALSE"
"5595","τοῖς","TRUE"
"5596","πολλοῖς","FALSE"
"5597","ταὐτὸν","TRUE"
"5598","γενόμενον","FALSE"
"5599","πολλὰ","FALSE"
"5600","ἀνάγκη","FALSE"
"5601","γίγνεσθαι","FALSE"
"5602","ἀλλʼ","FALSE"
"5603","οὐχ","TRUE"
"5604","ἕν","FALSE"
"5605",".","FALSE"
"5606","ἀληθῆ","FALSE"
"5607",".","FALSE"
"5608","ἀλλʼ","FALSE"
"5609","εἰ","TRUE"
"5610","τὸ","TRUE"
"5611","ἓν","FALSE"
"5612","καὶ","TRUE"
"5613","τὸ","TRUE"
"5614","ταὐτὸν","TRUE"
"5615","μηδαμῇ","FALSE"
"5616","διαφέρει","FALSE"
"5617",",","FALSE"
"5618","ὁπότε","FALSE"
"5619","τι","TRUE"
"5620","ταὐτὸν","TRUE"
"5621","ἐγίγνετο","FALSE"
"5622",",","FALSE"
"5623","ἀεὶ","FALSE"
"5624","ἂν","TRUE"
"5625","ἓν","FALSE"
"5626","ἐγίγνετο","FALSE"
"5627",",","FALSE"
"5628","καὶ","TRUE"
"5629","ὁπότε","FALSE"
"5630","ἕν","FALSE"
"5631",",","FALSE"
"5632","ταὐτόν","FALSE"
"5633",".","FALSE"
"5634","πάνυ","FALSE"
"5635","γε","TRUE"
"5636",".","FALSE"
"5637","εἰ","TRUE"
"5638","ἄρα","TRUE"
"5639","τὸ","TRUE"
"5640","ἓν","FALSE"
"5641","ἑαυτῷ","TRUE"
"5642","ταὐτὸν","TRUE"
"5643","ἔσται","TRUE"
"5644",",","FALSE"
"5645","οὐχ","TRUE"
"5646","ἓν","FALSE"
"5647","ἑαυτῷ","TRUE"
"5648","ἔσται","TRUE"
"5649","·","FALSE"
"5650","καὶ","TRUE"
"5651","οὕτω","TRUE"
"5652","ἓν","FALSE"
"5653","ὂν","TRUE"
"5654","οὐχ","TRUE"
"5655","ἓν","FALSE"
"5656","ἔσται","TRUE"
"5657",".","FALSE"
"5658","ἀλλὰ","TRUE"
"5659","μὴν","FALSE"
"5660","τοῦτό","TRUE"
"5661","γε","TRUE"
"5662","ἀδύνατον","FALSE"
"5663","·","FALSE"
"5664","ἀδύνατον","FALSE"
"5665","ἄρα","TRUE"
"5666","καὶ","TRUE"
"5667","τῷ","TRUE"
"5668","ἑνὶ","FALSE"
"5669","ἢ","TRUE"
"5670","ἑτέρου","FALSE"
"5671","ἕτερον","FALSE"
"5672","εἶναι","TRUE"
"5673","ἢ","TRUE"
"5674","ἑαυτῷ","TRUE"
"5675","ταὐτόν","FALSE"
"5676",".","FALSE"
"5677","ἀδύνατον","FALSE"
"5678",".","FALSE"
"5679","οὕτω","TRUE"
"5680","δὴ","TRUE"
"5681","ἕτερόν","FALSE"
"5682","γε","TRUE"
"5683","ἢ","TRUE"
"5684","ταὐτὸν","TRUE"
"5685","τὸ","TRUE"
"5686","ἓν","FALSE"
"5687","οὔτʼ","FALSE"
"5688","ἂν","TRUE"
"5689","αὑτῷ","TRUE"
"5690","οὔτʼ","FALSE"
"5691","ἂν","TRUE"
"5692","ἑτέρῳ","FALSE"
"5693","εἴη","TRUE"
"5694",".","FALSE"
"5695","οὐ","TRUE"
"5696","γὰρ","TRUE"
"5697","οὖν","TRUE"
"5698",".","FALSE"
"5699","οὐδὲ","TRUE"
"5700","μὴν","FALSE"
"5701","ὅμοιόν","FALSE"
"5702","τινι","TRUE"
"5703","ἔσται","TRUE"
"5704","οὐδʼ","FALSE"
"5705","ἀνόμοιον","FALSE"
"5706","οὔτε","TRUE"
"5707","αὑτῷ","TRUE"
"5708","οὔτε","TRUE"
"5709","ἑτέρῳ","FALSE"
"5710",".","FALSE"
"5711","τί","TRUE"
"5712","δή","TRUE"
"5713",";","FALSE"
"5714","ὅτι","TRUE"
"5715","τὸ","TRUE"
"5716","ταὐτόν","FALSE"
"5717","που","FALSE"
"5718","πεπονθὸς","FALSE"
"5719","ὅμοιον","FALSE"
"5720",".","FALSE"
"5721","ναί","FALSE"
"5722",".","FALSE"
"5723","τοῦ","TRUE"
"5724","δέ","TRUE"
"5725","γε","TRUE"
"5726","ἑνὸς","FALSE"
"5727","χωρὶς","FALSE"
"5728","ἐφάνη","FALSE"
"5729","τὴν","TRUE"
"5730","φύσιν","FALSE"
"5731","τὸ","TRUE"
"5732","ταὐτόν","FALSE"
"5733",".","FALSE"
"5734","ἐφάνη","FALSE"
"5735","γάρ","TRUE"
"5736",".","FALSE"
"5737","ἀλλὰ","TRUE"
"5738","μὴν","FALSE"
"5739","εἴ","TRUE"
"5740","τι","TRUE"
"5741","πέπονθε","FALSE"
"5742","χωρὶς","FALSE"
"5743","τοῦ","TRUE"
"5744","ἓν","FALSE"
"5745","εἶναι","TRUE"
"5746","τὸ","TRUE"
"5747","ἕν","FALSE"
"5748",",","FALSE"
"5749","πλείω","FALSE"
"5750","ἂν","TRUE"
"5751","εἶναι","TRUE"
"5752","πεπόνθοι","FALSE"
"5753","ἢ","TRUE"
"5754","ἕν","FALSE"
"5755",",","FALSE"
"5756","τοῦτο","TRUE"
"5757","δὲ","TRUE"
"5758","ἀδύνατον","FALSE"
"5759",".","FALSE"
"5760","ναί","FALSE"
"5761",".","FALSE"
"5762","οὐδαμῶς","FALSE"
"5763","ἔστιν","TRUE"
"5764","ἄρα","TRUE"
"5765","ταὐτὸν","TRUE"
"5766","πεπονθὸς","FALSE"
"5767","εἶναι","TRUE"
"5768","τὸ","TRUE"
"5769","ἓν","FALSE"
"5770","οὔτε","TRUE"
"5771","ἄλλῳ","TRUE"
"5772","οὔτε","TRUE"
"5773","ἑαυτῷ","TRUE"
"5774",".","FALSE"
"5775","οὐ","TRUE"
"5776","φαίνεται","FALSE"
"5777",".","FALSE"
"5778","οὐδὲ","TRUE"
"5779","ὅμοιον","FALSE"
"5780","ἄρα","TRUE"
"5781","δυνατὸν","FALSE"
"5782","αὐτὸ","TRUE"
"5783","εἶναι","TRUE"
"5784","οὔτε","TRUE"
"5785","ἄλλῳ","TRUE"
"5786","οὔτε","TRUE"
"5787","ἑαυτῷ","TRUE"
"5788",".","FALSE"
"5789","οὐκ","TRUE"
"5790","ἔοικεν","FALSE"
"5791",".","FALSE"
"5792","οὐδὲ","TRUE"
"5793","μὴν","FALSE"
"5794","ἕτερόν","FALSE"
"5795","γε","TRUE"
"5796","πέπονθεν","FALSE"
"5797","εἶναι","TRUE"
"5798","τὸ","TRUE"
"5799","ἕν","FALSE"
"5800","·","FALSE"
"5801","καὶ","TRUE"
"5802","γὰρ","TRUE"
"5803","οὕτω","TRUE"
"5804","πλείω","FALSE"
"5805","ἂν","TRUE"
"5806","πεπόνθοι","FALSE"
"5807","εἶναι","TRUE"
"5808","ἢ","TRUE"
"5809","ἕν","FALSE"
"5810",".","FALSE"
"5811","πλείω","FALSE"
"5812","γάρ","TRUE"
"5813",".","FALSE"
"5814","τό","TRUE"
"5815","γε","TRUE"
"5816","μὴν","FALSE"
"5817","ἕτερον","FALSE"
"5818","πεπονθὸς","FALSE"
"5819","ἢ","TRUE"
"5820","ἑαυτοῦ","TRUE"
"5821","ἢ","TRUE"
"5822","ἄλλου","TRUE"
"5823","ἀνόμοιον","FALSE"
"5824","ἂν","TRUE"
"5825","εἴη","TRUE"
"5826","ἢ","TRUE"
"5827","ἑαυτῷ","TRUE"
"5828","ἢ","TRUE"
"5829","ἄλλῳ","TRUE"
"5830",",","FALSE"
"5831","εἴπερ","FALSE"
"5832","τὸ","TRUE"
"5833","ταὐτὸν","TRUE"
"5834","πεπονθὸς","FALSE"
"5835","ὅμοιον","FALSE"
"5836",".","FALSE"
"5837","ὀρθῶς","FALSE"
"5838",".","FALSE"
"5839","τὸ","TRUE"
"5840","δέ","TRUE"
"5841","γε","TRUE"
"5842","ἕν","FALSE"
"5843",",","FALSE"
"5844","ὡς","TRUE"
"5845","ἔοικεν","FALSE"
"5846",",","FALSE"
"5847","οὐδαμῶς","FALSE"
"5848","ἕτερον","FALSE"
"5849","πεπονθὸς","FALSE"
"5850","οὐδαμῶς","FALSE"
"5851","ἀνόμοιόν","FALSE"
"5852","ἐστιν","TRUE"
"5853","οὔτε","TRUE"
"5854","αὑτῷ","TRUE"
"5855","οὔτε","TRUE"
"5856","ἑτέρῳ","FALSE"
"5857",".","FALSE"
"5858","οὐ","TRUE"
"5859","γὰρ","TRUE"
"5860","οὖν","TRUE"
"5861",".","FALSE"
"5862","οὔτε","TRUE"
"5863","ἄρα","TRUE"
"5864","ὅμοιον","FALSE"
"5865","οὔτε","TRUE"
"5866","ἀνόμοιον","FALSE"
"5867","οὔθʼ","FALSE"
"5868","ἑτέρῳ","FALSE"
"5869","οὔτε","TRUE"
"5870","ἑαυτῷ","TRUE"
"5871","ἂν","TRUE"
"5872","εἴη","TRUE"
"5873","τὸ","TRUE"
"5874","ἕν","FALSE"
"5875",".","FALSE"
"5876","οὐ","TRUE"
"5877","φαίνεται","FALSE"
"5878",".","FALSE"
"5879","καὶ","TRUE"
"5880","μὴν","FALSE"
"5881","τοιοῦτόν","FALSE"
"5882","γε","TRUE"
"5883","ὂν","TRUE"
"5884","οὔτε","TRUE"
"5885","ἴσον","FALSE"
"5886","οὔτε","TRUE"
"5887","ἄνισον","FALSE"
"5888","ἔσται","TRUE"
"5889","οὔτε","TRUE"
"5890","ἑαυτῷ","TRUE"
"5891","οὔτε","TRUE"
"5892","ἄλλῳ","TRUE"
"5893",".","FALSE"
"5894","πῇ","FALSE"
"5895",";","FALSE"
"5896","ἴσον","FALSE"
"5897","μὲν","TRUE"
"5898","ὂν","TRUE"
"5899","τῶν","TRUE"
"5900","αὐτῶν","TRUE"
"5901","μέτρων","FALSE"
"5902","ἔσται","TRUE"
"5903","ἐκείνῳ","FALSE"
"5904","ᾧ","TRUE"
"5905","ἂν","TRUE"
"5906","ἴσον","FALSE"
"5907","ᾖ","TRUE"
"5908",".","FALSE"
"5909","ναί","FALSE"
"5910",".","FALSE"
"5911","μεῖζον","FALSE"
"5912","δέ","TRUE"
"5913","που","FALSE"
"5914","ἢ","TRUE"
"5915","ἔλαττον","FALSE"
"5916","ὄν","FALSE"
"5917",",","FALSE"
"5918","οἷς","TRUE"
"5919","μὲν","TRUE"
"5920","ἂν","TRUE"
"5921","σύμμετρον","FALSE"
"5922","ᾖ","TRUE"
"5923",",","FALSE"
"5924","τῶν","TRUE"
"5925","μὲν","TRUE"
"5926","ἐλαττόνων","FALSE"
"5927","πλείω","FALSE"
"5928","μέτρα","FALSE"
"5929","ἕξει","FALSE"
"5930",",","FALSE"
"5931","τῶν","TRUE"
"5932","δὲ","TRUE"
"5933","μειζόνων","FALSE"
"5934","ἐλάττω","FALSE"
"5935",".","FALSE"
"5936","ναί","FALSE"
"5937",".","FALSE"
"5938","οἷς","TRUE"
"5939","δʼ","FALSE"
"5940","ἂν","TRUE"
"5941","μὴ","TRUE"
"5942","σύμμετρον","FALSE"
"5943",",","FALSE"
"5944","τῶν","TRUE"
"5945","μὲν","TRUE"
"5946","σμικροτέρων","FALSE"
"5947",",","FALSE"
"5948","τῶν","TRUE"
"5949","δὲ","TRUE"
"5950","μειζόνων","FALSE"
"5951","μέτρων","FALSE"
"5952","ἔσται","TRUE"
"5953",".","FALSE"
"5954","πῶς","FALSE"
"5955","γὰρ","TRUE"
"5956","οὔ","TRUE"
"5957",";","FALSE"
"5958","οὐκοῦν","FALSE"
"5959","ἀδύνατον","FALSE"
"5960","τὸ","TRUE"
"5961","μὴ","TRUE"
"5962","μετέχον","FALSE"
"5963","τοῦ","TRUE"
"5964","αὐτοῦ","TRUE"
"5965","ἢ","TRUE"
"5966","μέτρων","FALSE"
"5967","τῶν","TRUE"
"5968","αὐτῶν","TRUE"
"5969","εἶναι","TRUE"
"5970","ἢ","TRUE"
"5971","ἄλλων","TRUE"
"5972","ὡντινωνοῦν","FALSE"
"5973","τῶν","TRUE"
"5974","αὐτῶν","TRUE"
"5975",";","FALSE"
"5976","ἀδύνατον","FALSE"
"5977",".","FALSE"
"5978","ἴσον","FALSE"
"5979","μὲν","TRUE"
"5980","ἄρα","TRUE"
"5981","οὔτʼ","FALSE"
"5982","ἂν","TRUE"
"5983","ἑαυτῷ","TRUE"
"5984","οὔτε","TRUE"
"5985","ἄλλῳ","TRUE"
"5986","εἴη","TRUE"
"5987","μὴ","TRUE"
"5988","τῶν","TRUE"
"5989","αὐτῶν","TRUE"
"5990","μέτρων","FALSE"
"5991","ὄν","FALSE"
"5992",".","FALSE"
"5993","οὔκουν","FALSE"
"5994","φαίνεταί","FALSE"
"5995","γε","TRUE"
"5996",".","FALSE"
"5997","ἀλλὰ","TRUE"
"5998","μὴν","FALSE"
"5999","πλειόνων","FALSE"
"6000","γε","TRUE"
"6001","μέτρων","FALSE"
"6002","ὂν","TRUE"
"6003","ἢ","TRUE"
"6004","ἐλαττόνων","FALSE"
"6005",",","FALSE"
"6006","ὅσωνπερ","FALSE"
"6007","μέτρων","FALSE"
"6008",",","FALSE"
"6009","τοσούτων","FALSE"
"6010","καὶ","TRUE"
"6011","μερῶν","FALSE"
"6012","ἂν","TRUE"
"6013","εἴη","TRUE"
"6014","·","FALSE"
"6015","καὶ","TRUE"
"6016","οὕτω","TRUE"
"6017","αὖ","FALSE"
"6018","οὐκέτι","FALSE"
"6019","ἓν","FALSE"
"6020","ἔσται","TRUE"
"6021","ἀλλὰ","TRUE"
"6022","τοσαῦτα","FALSE"
"6023","ὅσαπερ","FALSE"
"6024","καὶ","TRUE"
"6025","τὰ","TRUE"
"6026","μέτρα","FALSE"
"6027",".","FALSE"
"6028","ὀρθῶς","FALSE"
"6029",".","FALSE"
"6030","εἰ","TRUE"
"6031","δέ","TRUE"
"6032","γε","TRUE"
"6033","ἑνὸς","FALSE"
"6034","μέτρου","FALSE"
"6035","εἴη","TRUE"
"6036",",","FALSE"
"6037","ἴσον","FALSE"
"6038","ἂν","TRUE"
"6039","γίγνοιτο","FALSE"
"6040","τῷ","TRUE"
"6041","μέτρῳ","FALSE"
"6042","·","FALSE"
"6043","τοῦτο","TRUE"
"6044","δὲ","TRUE"
"6045","ἀδύνατον","FALSE"
"6046","ἐφάνη","FALSE"
"6047",",","FALSE"
"6048","ἴσον","FALSE"
"6049","τῳ","TRUE"
"6050","αὐτὸ","TRUE"
"6051","εἶναι","TRUE"
"6052",".","FALSE"
"6053","ἐφάνη","FALSE"
"6054","γάρ","TRUE"
"6055",".","FALSE"
"6056","οὔτε","TRUE"
"6057","ἄρα","TRUE"
"6058","ἑνὸς","FALSE"
"6059","μέτρου","FALSE"
"6060","μετέχον","FALSE"
"6061","οὔτε","TRUE"
"6062","πολλῶν","FALSE"
"6063","οὔτε","TRUE"
"6064","ὀλίγων","FALSE"
"6065",",","FALSE"
"6066","οὔτε","TRUE"
"6067","τὸ","TRUE"
"6068","παράπαν","FALSE"
"6069","τοῦ","TRUE"
"6070","αὐτοῦ","TRUE"
"6071","μετέχον","FALSE"
"6072",",","FALSE"
"6073","οὔτε","TRUE"
"6074","ἑαυτῷ","TRUE"
"6075","ποτε","FALSE"
"6076",",","FALSE"
"6077","ὡς","TRUE"
"6078","ἔοικεν","FALSE"
"6079",",","FALSE"
"6080","ἔσται","TRUE"
"6081","ἴσον","FALSE"
"6082","οὔτε","TRUE"
"6083","ἄλλῳ","TRUE"
"6084","·","FALSE"
"6085","οὔτε","TRUE"
"6086","αὖ","FALSE"
"6087","μεῖζον","FALSE"
"6088","οὐδὲ","TRUE"
"6089","ἔλαττον","FALSE"
"6090","οὔτε","TRUE"
"6091","ἑαυτοῦ","TRUE"
"6092","οὔτε","TRUE"
"6093","ἑτέρου","FALSE"
"6094",".","FALSE"
"6095","παντάπασι","FALSE"
"6096","μὲν","TRUE"
"6097","οὖν","TRUE"
"6098","οὕτω","TRUE"
"6099",".","FALSE"
"6100","τί","TRUE"
"6101","δέ","TRUE"
"6102",";","FALSE"
"6103","πρεσβύτερον","FALSE"
"6104","ἢ","TRUE"
"6105","νεώτερον","FALSE"
"6106","ἢ","TRUE"
"6107","τὴν","TRUE"
"6108","αὐτὴν","TRUE"
"6109","ἡλικίαν","FALSE"
"6110","ἔχειν","FALSE"
"6111","τὸ","TRUE"
"6112","ἓν","FALSE"
"6113","δοκεῖ","FALSE"
"6114","τῳ","TRUE"
"6115","δυνατὸν","FALSE"
"6116","εἶναι","TRUE"
"6117",";","FALSE"
"6118","τί","TRUE"
"6119","δὴ","TRUE"
"6120","γὰρ","TRUE"
"6121","οὔ","TRUE"
"6122",";","FALSE"
"6123","ὅτι","TRUE"
"6124","που","FALSE"
"6125","ἡλικίαν","FALSE"
"6126","μὲν","TRUE"
"6127","τὴν","TRUE"
"6128","αὐτὴν","TRUE"
"6129","ἔχον","FALSE"
"6130","ἢ","TRUE"
"6131","αὑτῷ","TRUE"
"6132","ἢ","TRUE"
"6133","ἄλλῳ","TRUE"
"6134","ἰσότητος","FALSE"
"6135","χρόνου","FALSE"
"6136","καὶ","TRUE"
"6137","ὁμοιότητος","FALSE"
"6138","μεθέξει","FALSE"
"6139",",","FALSE"
"6140","ὧν","TRUE"
"6141","ἐλέγομεν","FALSE"
"6142","οὐ","TRUE"
"6143","μετεῖναι","FALSE"
"6144","τῷ","TRUE"
"6145","ἑνί","FALSE"
"6146",",","FALSE"
"6147","οὔτε","TRUE"
"6148","ὁμοιότητος","FALSE"
"6149","οὔτε","TRUE"
"6150","ἰσότητος","FALSE"
"6151",".","FALSE"
"6152","ἐλέγομεν","FALSE"
"6153","γὰρ","TRUE"
"6154","οὖν","TRUE"
"6155",".","FALSE"
"6156","καὶ","TRUE"
"6157","μὴν","FALSE"
"6158","καὶ","TRUE"
"6159","ὅτι","TRUE"
"6160","ἀνομοιότητός","FALSE"
"6161","τε","TRUE"
"6162","καὶ","TRUE"
"6163","ἀνισότητος","FALSE"
"6164","οὐ","TRUE"
"6165","μετέχει","FALSE"
"6166",",","FALSE"
"6167","καὶ","TRUE"
"6168","τοῦτο","TRUE"
"6169","ἐλέγομεν","FALSE"
"6170",".","FALSE"
"6171","πάνυ","FALSE"
"6172","μὲν","TRUE"
"6173","οὖν","TRUE"
"6174",".","FALSE"
"6175","πῶς","FALSE"
"6176","οὖν","TRUE"
"6177","οἷόν","FALSE"
"6178","τε","TRUE"
"6179","ἔσται","TRUE"
"6180","τινὸς","TRUE"
"6181","ἢ","TRUE"
"6182","πρεσβύτερον","FALSE"
"6183","ἢ","TRUE"
"6184","νεώτερον","FALSE"
"6185","εἶναι","TRUE"
"6186","ἢ","TRUE"
"6187","τὴν","TRUE"
"6188","αὐτὴν","TRUE"
"6189","ἡλικίαν","FALSE"
"6190","ἔχειν","FALSE"
"6191","τῳ","TRUE"
"6192","τοιοῦτον","TRUE"
"6193","ὄν","FALSE"
"6194",";","FALSE"
"6195","οὐδαμῶς","FALSE"
"6196",".","FALSE"
"6197","οὐκ","TRUE"
"6198","ἄρα","TRUE"
"6199","ἂν","TRUE"
"6200","εἴη","TRUE"
"6201","νεώτερόν","FALSE"
"6202","γε","TRUE"
"6203","οὐδὲ","TRUE"
"6204","πρεσβύτερον","FALSE"
"6205","οὐδὲ","TRUE"
"6206","τὴν","TRUE"
"6207","αὐτὴν","TRUE"
"6208","ἡλικίαν","FALSE"
"6209","ἔχον","FALSE"
"6210","τὸ","TRUE"
"6211","ἓν","FALSE"
"6212","οὔτε","TRUE"
"6213","αὑτῷ","TRUE"
"6214","οὔτε","TRUE"
"6215","ἄλλῳ","TRUE"
"6216",".","FALSE"
"6217","οὐ","TRUE"
"6218","φαίνεται","FALSE"
"6219",".","FALSE"
"6220","ἆρʼ","FALSE"
"6221","οὖν","TRUE"
"6222","οὐδὲ","TRUE"
"6223","ἐν","TRUE"
"6224","χρόνῳ","FALSE"
"6225","τὸ","TRUE"
"6226","παράπαν","FALSE"
"6227","δύναιτο","FALSE"
"6228","ἂν","TRUE"
"6229","εἶναι","TRUE"
"6230","τὸ","TRUE"
"6231","ἕν","FALSE"
"6232",",","FALSE"
"6233","εἰ","TRUE"
"6234","τοιοῦτον","TRUE"
"6235","εἴη","TRUE"
"6236",";","FALSE"
"6237","ἢ","TRUE"
"6238","οὐκ","TRUE"
"6239","ἀνάγκη","FALSE"
"6240",",","FALSE"
"6241","ἐάν","TRUE"
"6242","τι","TRUE"
"6243","ᾖ","TRUE"
"6244","ἐν","TRUE"
"6245","χρόνῳ","FALSE"
"6246",",","FALSE"
"6247","ἀεὶ","FALSE"
"6248","αὐτὸ","TRUE"
"6249","αὑτοῦ","TRUE"
"6250","πρεσβύτερον","FALSE"
"6251","γίγνεσθαι","FALSE"
"6252",";","FALSE"
"6253","ἀνάγκη","FALSE"
"6254",".","FALSE"
"6255","οὐκοῦν","FALSE"
"6256","τό","TRUE"
"6257","γε","TRUE"
"6258","πρεσβύτερον","FALSE"
"6259","ἀεὶ","FALSE"
"6260","νεωτέρου","FALSE"
"6261","πρεσβύτερον","FALSE"
"6262",";","FALSE"
"6263","τί","TRUE"
"6264","μήν","FALSE"
"6265",";","FALSE"
"6266","τὸ","TRUE"
"6267","πρεσβύτερον","FALSE"
"6268","ἄρα","TRUE"
"6269","ἑαυτοῦ","TRUE"
"6270","γιγνόμενον","FALSE"
"6271","καὶ","TRUE"
"6272","νεώτερον","FALSE"
"6273","ἑαυτοῦ","TRUE"
"6274","ἅμα","FALSE"
"6275","γίγνεται","FALSE"
"6276",",","FALSE"
"6277","εἴπερ","FALSE"
"6278","μέλλει","FALSE"
"6279","ἔχειν","FALSE"
"6280","ὅτου","TRUE"
"6281","πρεσβύτερον","FALSE"
"6282","γίγνηται","FALSE"
"6283",".","FALSE"
"6284","πῶς","FALSE"
"6285","λέγεις","FALSE"
"6286",";","FALSE"
"6287","ὧδε","FALSE"
"6288","·","FALSE"
"6289","διάφορον","FALSE"
"6290","ἕτερον","FALSE"
"6291","ἑτέρου","FALSE"
"6292","οὐδὲν","TRUE"
"6293","δεῖ","FALSE"
"6294","γίγνεσθαι","FALSE"
"6295","ἤδη","FALSE"
"6296","ὄντος","TRUE"
"6297","διαφόρου","FALSE"
"6298",",","FALSE"
"6299","ἀλλὰ","TRUE"
"6300","τοῦ","TRUE"
"6301","μὲν","TRUE"
"6302","ἤδη","FALSE"
"6303","ὄντος","TRUE"
"6304","ἤδη","FALSE"
"6305","εἶναι","TRUE"
"6306",",","FALSE"
"6307","τοῦ","TRUE"
"6308","δὲ","TRUE"
"6309","γεγονότος","FALSE"
"6310","γεγονέναι","FALSE"
"6311",",","FALSE"
"6312","τοῦ","TRUE"
"6313","δὲ","TRUE"
"6314","μέλλοντος","FALSE"
"6315","μέλλειν","FALSE"
"6316",",","FALSE"
"6317","τοῦ","TRUE"
"6318","δὲ","TRUE"
"6319","γιγνομένου","FALSE"
"6320","οὔτε","TRUE"
"6321","γεγονέναι","FALSE"
"6322","οὔτε","TRUE"
"6323","μέλλειν","FALSE"
"6324","οὔτε","TRUE"
"6325","εἶναί","TRUE"
"6326","πω","FALSE"
"6327","διάφορον","FALSE"
"6328",",","FALSE"
"6329","ἀλλὰ","TRUE"
"6330","γίγνεσθαι","FALSE"
"6331","καὶ","TRUE"
"6332","ἄλλως","TRUE"
"6333","οὐκ","TRUE"
"6334","εἶναι","TRUE"
"6335",".","FALSE"
"6336","ἀνάγκη","FALSE"
"6337","γὰρ","TRUE"
"6338","δή","TRUE"
"6339",".","FALSE"
"6340","ἀλλὰ","TRUE"
"6341","μὴν","FALSE"
"6342","τό","TRUE"
"6343","γε","TRUE"
"6344","πρεσβύτερον","FALSE"
"6345","διαφορότης","FALSE"
"6346","νεωτέρου","FALSE"
"6347","ἐστὶν","TRUE"
"6348","καὶ","TRUE"
"6349","οὐδενὸς","TRUE"
"6350","ἄλλου","TRUE"
"6351",".","FALSE"
"6352","ἔστι","TRUE"
"6353","γάρ","TRUE"
"6354",".","FALSE"
"6355","τὸ","TRUE"
"6356","ἄρα","TRUE"
"6357","πρεσβύτερον","FALSE"
"6358","ἑαυτοῦ","TRUE"
"6359","γιγνόμενον","FALSE"
"6360","ἀνάγκη","FALSE"
"6361","καὶ","TRUE"
"6362","νεώτερον","FALSE"
"6363","ἅμα","FALSE"
"6364","ἑαυτοῦ","TRUE"
"6365","γίγνεσθαι","FALSE"
"6366",".","FALSE"
"6367","ἔοικεν","FALSE"
"6368",".","FALSE"
"6369","ἀλλὰ","TRUE"
"6370","μὴν","FALSE"
"6371","καὶ","TRUE"
"6372","μήτε","FALSE"
"6373","πλείω","FALSE"
"6374","ἑαυτοῦ","TRUE"
"6375","γίγνεσθαι","FALSE"
"6376","χρόνον","FALSE"
"6377","μήτε","FALSE"
"6378","ἐλάττω","FALSE"
"6379",",","FALSE"
"6380","ἀλλὰ","TRUE"
"6381","τὸν","TRUE"
"6382","ἴσον","FALSE"
"6383","χρόνον","FALSE"
"6384","καὶ","TRUE"
"6385","γίγνεσθαι","FALSE"
"6386","ἑαυτῷ","TRUE"
"6387","καὶ","TRUE"
"6388","εἶναι","TRUE"
"6389","καὶ","TRUE"
"6390","γεγονέναι","FALSE"
"6391","καὶ","TRUE"
"6392","μέλλειν","FALSE"
"6393","ἔσεσθαι","TRUE"
"6394",".","FALSE"
"6395","ἀνάγκη","FALSE"
"6396","γὰρ","TRUE"
"6397","οὖν","TRUE"
"6398","καὶ","TRUE"
"6399","ταῦτα","TRUE"
"6400",".","FALSE"
"6401","ἀνάγκη","FALSE"
"6402","ἄρα","TRUE"
"6403","ἐστίν","TRUE"
"6404",",","FALSE"
"6405","ὡς","TRUE"
"6406","ἔοικεν","FALSE"
"6407",",","FALSE"
"6408","ὅσα","FALSE"
"6409","γε","TRUE"
"6410","ἐν","TRUE"
"6411","χρόνῳ","FALSE"
"6412","ἐστὶν","TRUE"
"6413","καὶ","TRUE"
"6414","μετέχει","FALSE"
"6415","τοῦ","TRUE"
"6416","τοιούτου","TRUE"
"6417",",","FALSE"
"6418","ἕκαστον","FALSE"
"6419","αὐτῶν","TRUE"
"6420","τὴν","TRUE"
"6421","αὐτήν","TRUE"
"6422","τε","TRUE"
"6423","αὐτὸ","TRUE"
"6424","αὑτῷ","TRUE"
"6425","ἡλικίαν","FALSE"
"6426","ἔχειν","FALSE"
"6427","καὶ","TRUE"
"6428","πρεσβύτερόν","FALSE"
"6429","τε","TRUE"
"6430","αὑτοῦ","TRUE"
"6431","ἅμα","FALSE"
"6432","καὶ","TRUE"
"6433","νεώτερον","FALSE"
"6434","γίγνεσθαι","FALSE"
"6435",".","FALSE"
"6436","κινδυνεύει","FALSE"
"6437",".","FALSE"
"6438","ἀλλὰ","TRUE"
"6439","μὴν","FALSE"
"6440","τῷ","TRUE"
"6441","γε","TRUE"
"6442","ἑνὶ","FALSE"
"6443","τῶν","TRUE"
"6444","τοιούτων","TRUE"
"6445","παθημάτων","FALSE"
"6446","οὐδὲν","TRUE"
"6447","μετῆν","FALSE"
"6448",".","FALSE"
"6449","οὐ","TRUE"
"6450","γὰρ","TRUE"
"6451","μετῆν","FALSE"
"6452",".","FALSE"
"6453","οὐδὲ","TRUE"
"6454","ἄρα","TRUE"
"6455","χρόνου","FALSE"
"6456","αὐτῷ","TRUE"
"6457","μέτεστιν","FALSE"
"6458",",","FALSE"
"6459","οὐδʼ","FALSE"
"6460","ἔστιν","TRUE"
"6461","ἔν","TRUE"
"6462","τινι","TRUE"
"6463","χρόνῳ","FALSE"
"6464",".","FALSE"
"6465","οὔκουν","FALSE"
"6466","δή","TRUE"
"6467",",","FALSE"
"6468","ὥς","TRUE"
"6469","γε","TRUE"
"6470","ὁ","TRUE"
"6471","λόγος","FALSE"
"6472","αἱρεῖ","FALSE"
"6473",".","FALSE"
"6474","τί","TRUE"
"6475","οὖν","TRUE"
"6476",";","FALSE"
"6477","τὸ","TRUE"
"6478","ἦν","TRUE"
"6479","καὶ","TRUE"
"6480","τὸ","TRUE"
"6481","γέγονε","FALSE"
"6482","καὶ","TRUE"
"6483","τὸ","TRUE"
"6484","ἐγίγνετο","FALSE"
"6485","οὐ","TRUE"
"6486","χρόνου","FALSE"
"6487","μέθεξιν","FALSE"
"6488","δοκεῖ","FALSE"
"6489","σημαίνειν","FALSE"
"6490","τοῦ","TRUE"
"6491","ποτὲ","FALSE"
"6492","γεγονότος","FALSE"
"6493",";","FALSE"
"6494","καὶ","TRUE"
"6495","μάλα","FALSE"
"6496",".","FALSE"
"6497","τί","TRUE"
"6498","δέ","TRUE"
"6499",";","FALSE"
"6500","τὸ","TRUE"
"6501","ἔσται","TRUE"
"6502","καὶ","TRUE"
"6503","τὸ","TRUE"
"6504","γενήσεται","FALSE"
"6505","καὶ","TRUE"
"6506","τὸ","TRUE"
"6507","γενηθήσεται","FALSE"
"6508","οὐ","TRUE"
"6509","τοῦ","TRUE"
"6510","ἔπειτα","FALSE"
"6511","τοῦ","TRUE"
"6512","μέλλοντος","FALSE"
"6513",";","FALSE"
"6514","ναί","FALSE"
"6515",".","FALSE"
"6516","τὸ","TRUE"
"6517","δὲ","TRUE"
"6518","δὴ","TRUE"
"6519","ἔστι","TRUE"
"6520","καὶ","TRUE"
"6521","τὸ","TRUE"
"6522","γίγνεται","FALSE"
"6523","οὐ","TRUE"
"6524","τοῦ","TRUE"
"6525","νῦν","FALSE"
"6526","παρόντος","FALSE"
"6527",";","FALSE"
"6528","πάνυ","FALSE"
"6529","μὲν","TRUE"
"6530","οὖν","TRUE"
"6531",".","FALSE"
"6532","εἰ","TRUE"
"6533","ἄρα","TRUE"
"6534","τὸ","TRUE"
"6535","ἓν","FALSE"
"6536","μηδαμῇ","FALSE"
"6537","μηδενὸς","FALSE"
"6538","μετέχει","FALSE"
"6539","χρόνου","FALSE"
"6540",",","FALSE"
"6541","οὔτε","TRUE"
"6542","ποτὲ","FALSE"
"6543","γέγονεν","FALSE"
"6544","οὔτʼ","FALSE"
"6545","ἐγίγνετο","FALSE"
"6546","οὔτʼ","FALSE"
"6547","ἦν","TRUE"
"6548","ποτέ","FALSE"
"6549",",","FALSE"
"6550","οὔτε","TRUE"
"6551","νῦν","FALSE"
"6552","γέγονεν","FALSE"
"6553","οὔτε","TRUE"
"6554","γίγνεται","FALSE"
"6555","οὔτε","TRUE"
"6556","ἔστιν","TRUE"
"6557",",","FALSE"
"6558","οὔτʼ","FALSE"
"6559","ἔπειτα","FALSE"
"6560","γενήσεται","FALSE"
"6561","οὔτε","TRUE"
"6562","γενηθήσεται","FALSE"
"6563","οὔτε","TRUE"
"6564","ἔσται","TRUE"
"6565",".","FALSE"
"6566","ἀληθέστατα","FALSE"
"6567",".","FALSE"
"6568","ἔστιν","TRUE"
"6569","οὖν","TRUE"
"6570","οὐσίας","FALSE"
"6571","ὅπως","FALSE"
"6572","ἄν","TRUE"
"6573","τι","TRUE"
"6574","μετάσχοι","FALSE"
"6575","ἄλλως","TRUE"
"6576","ἢ","TRUE"
"6577","κατὰ","TRUE"
"6578","τούτων","TRUE"
"6579","τι","TRUE"
"6580",";","FALSE"
"6581","οὐκ","TRUE"
"6582","ἔστιν","TRUE"
"6583",".","FALSE"
"6584","οὐδαμῶς","FALSE"
"6585","ἄρα","TRUE"
"6586","τὸ","TRUE"
"6587","ἓν","FALSE"
"6588","οὐσίας","FALSE"
"6589","μετέχει","FALSE"
"6590",".","FALSE"
"6591","οὐκ","TRUE"
"6592","ἔοικεν","FALSE"
"6593",".","FALSE"
"6594","οὐδαμῶς","FALSE"
"6595","ἄρα","TRUE"
"6596","ἔστι","TRUE"
"6597","τὸ","TRUE"
"6598","ἕν","FALSE"
"6599",".","FALSE"
"6600","οὐ","TRUE"
"6601","φαίνεται","FALSE"
"6602",".","FALSE"
"6603","οὐδʼ","FALSE"
"6604","ἄρα","TRUE"
"6605","οὕτως","TRUE"
"6606","ἔστιν","TRUE"
"6607","ὥστε","TRUE"
"6608","ἓν","FALSE"
"6609","εἶναι","TRUE"
"6610","·","FALSE"
"6611","εἴη","TRUE"
"6612","γὰρ","TRUE"
"6613","ἂν","TRUE"
"6614","ἤδη","FALSE"
"6615","ὂν","TRUE"
"6616","καὶ","TRUE"
"6617","οὐσίας","FALSE"
"6618","μετέχον","FALSE"
"6619","·","FALSE"
"6620","ἀλλʼ","FALSE"
"6621","ὡς","TRUE"
"6622","ἔοικεν","FALSE"
"6623",",","FALSE"
"6624","τὸ","TRUE"
"6625","ἓν","FALSE"
"6626","οὔτε","TRUE"
"6627","ἕν","FALSE"
"6628","ἐστιν","TRUE"
"6629","οὔτε","TRUE"
"6630","ἔστιν","TRUE"
"6631",",","FALSE"
"6632","εἰ","TRUE"
"6633","δεῖ","FALSE"
"6634","τῷ","TRUE"
"6635","τοιῷδε","FALSE"
"6636","λόγῳ","FALSE"
"6637","πιστεύειν","FALSE"
"6638",".","FALSE"
"6639","κινδυνεύει","FALSE"
"6640",".","FALSE"
"6641","ὃ","TRUE"
"6642","δὲ","TRUE"
"6643","μὴ","TRUE"
"6644","ἔστι","TRUE"
"6645",",","FALSE"
"6646","τούτῳ","TRUE"
"6647","τῷ","TRUE"
"6648","μὴ","TRUE"
"6649","ὄντι","TRUE"
"6650","εἴη","TRUE"
"6651","ἄν","TRUE"
"6652","τι","TRUE"
"6653","αὐτῷ","TRUE"
"6654","ἢ","TRUE"
"6655","αὐτοῦ","TRUE"
"6656",";","FALSE"
"6657","καὶ","TRUE"
"6658","πῶς","FALSE"
"6659",";","FALSE"
"6660","οὐδʼ","FALSE"
"6661","ἄρα","TRUE"
"6662","ὄνομα","FALSE"
"6663","ἔστιν","TRUE"
"6664","αὐτῷ","TRUE"
"6665","οὐδὲ","TRUE"
"6666","λόγος","FALSE"
"6667","οὐδέ","TRUE"
"6668","τις","TRUE"
"6669","ἐπιστήμη","FALSE"
"6670","οὐδὲ","TRUE"
"6671","αἴσθησις","FALSE"
"6672","οὐδὲ","TRUE"
"6673","δόξα","FALSE"
"6674",".","FALSE"
"6675","οὐ","TRUE"
"6676","φαίνεται","FALSE"
"6677",".","FALSE"
"6678","οὐδʼ","FALSE"
"6679","ὀνομάζεται","FALSE"
"6680","ἄρα","TRUE"
"6681","οὐδὲ","TRUE"
"6682","λέγεται","FALSE"
"6683","οὐδὲ","TRUE"
"6684","δοξάζεται","FALSE"
"6685","οὐδὲ","TRUE"
"6686","γιγνώσκεται","FALSE"
"6687",",","FALSE"
"6688","οὐδέ","TRUE"
"6689","τι","TRUE"
"6690","τῶν","TRUE"
"6691","ὄντων","TRUE"
"6692","αὐτοῦ","TRUE"
"6693","αἰσθάνεται","FALSE"
"6694",".","FALSE"
"6695","οὐκ","TRUE"
"6696","ἔοικεν","FALSE"
"6697",".","FALSE"
"6698","ἦ","TRUE"
"6699","δυνατὸν","FALSE"
"6700","οὖν","TRUE"
"6701","περὶ","TRUE"
"6702","τὸ","TRUE"
"6703","ἓν","FALSE"
"6704","ταῦτα","TRUE"
"6705","οὕτως","TRUE"
"6706","ἔχειν","FALSE"
"6707",";","FALSE"
"6708","οὔκουν","FALSE"
"6709","ἔμοιγε","TRUE"
"6710","δοκεῖ","FALSE"
"6711",".","FALSE"
"6712","βούλει","FALSE"
"6713","οὖν","TRUE"
"6714","ἐπὶ","TRUE"
"6715","τὴν","TRUE"
"6716","ὑπόθεσιν","FALSE"
"6717","πάλιν","FALSE"
"6718","ἐξ","TRUE"
"6719","ἀρχῆς","FALSE"
"6720","ἐπανέλθωμεν","FALSE"
"6721",",","FALSE"
"6722","ἐάν","TRUE"
"6723","τι","TRUE"
"6724","ἡμῖν","TRUE"
"6725","ἐπανιοῦσιν","FALSE"
"6726","ἀλλοῖον","FALSE"
"6727","φανῇ","FALSE"
"6728",";","FALSE"
"6729","πάνυ","FALSE"
"6730","μὲν","TRUE"
"6731","οὖν","TRUE"
"6732","βούλομαι","FALSE"
"6733",".","FALSE"
"6734","οὐκοῦν","FALSE"
"6735","ἓν","FALSE"
"6736","εἰ","TRUE"
"6737","ἔστιν","TRUE"
"6738",",","FALSE"
"6739","φαμέν","FALSE"
"6740",",","FALSE"
"6741","τὰ","TRUE"
"6742","συμβαίνοντα","FALSE"
"6743","περὶ","TRUE"
"6744","αὐτοῦ","TRUE"
"6745",",","FALSE"
"6746","ποῖά","FALSE"
"6747","ποτε","FALSE"
"6748","τυγχάνει","FALSE"
"6749","ὄντα","TRUE"
"6750",",","FALSE"
"6751","διομολογητέα","FALSE"
"6752","ταῦτα","TRUE"
"6753","·","FALSE"
"6754","οὐχ","TRUE"
"6755","οὕτω","TRUE"
"6756",";","FALSE"
"6757","ναί","FALSE"
"6758",".","FALSE"
"6759","ὅρα","FALSE"
"6760","δὴ","TRUE"
"6761","ἐξ","TRUE"
"6762","ἀρχῆς","FALSE"
"6763",".","FALSE"
"6764","ἓν","FALSE"
"6765","εἰ","TRUE"
"6766","ἔστιν","TRUE"
"6767",",","FALSE"
"6768","ἆρα","FALSE"
"6769","οἷόν","FALSE"
"6770","τε","TRUE"
"6771","αὐτὸ","TRUE"
"6772","εἶναι","TRUE"
"6773","μέν","TRUE"
"6774",",","FALSE"
"6775","οὐσίας","FALSE"
"6776","δὲ","TRUE"
"6777","μὴ","TRUE"
"6778","μετέχειν","FALSE"
"6779",";","FALSE"
"6780","οὐχ","TRUE"
"6781","οἷόν","FALSE"
"6782","τε","TRUE"
"6783",".","FALSE"
"6784","οὐκοῦν","FALSE"
"6785","καὶ","TRUE"
"6786","ἡ","TRUE"
"6787","οὐσία","FALSE"
"6788","τοῦ","TRUE"
"6789","ἑνὸς","FALSE"
"6790","εἴη","TRUE"
"6791","ἂν","TRUE"
"6792","οὐ","TRUE"
"6793","ταὐτὸν","TRUE"
"6794","οὖσα","TRUE"
"6795","τῷ","TRUE"
"6796","ἑνί","FALSE"
"6797","·","FALSE"
"6798","οὐ","TRUE"
"6799","γὰρ","TRUE"
"6800","ἂν","TRUE"
"6801","ἐκείνη","FALSE"
"6802","ἦν","TRUE"
"6803","ἐκείνου","FALSE"
"6804","οὐσία","FALSE"
"6805",",","FALSE"
"6806","οὐδʼ","FALSE"
"6807","ἂν","TRUE"
"6808","ἐκεῖνο","FALSE"
"6809",",","FALSE"
"6810","τὸ","TRUE"
"6811","ἕν","FALSE"
"6812",",","FALSE"
"6813","ἐκείνης","FALSE"
"6814","μετεῖχεν","FALSE"
"6815",",","FALSE"
"6816","ἀλλʼ","FALSE"
"6817","ὅμοιον","FALSE"
"6818","ἂν","TRUE"
"6819","ἦν","TRUE"
"6820","λέγειν","FALSE"
"6821","ἕν","FALSE"
"6822","τε","TRUE"
"6823","εἶναι","TRUE"
"6824","καὶ","TRUE"
"6825","ἓν","FALSE"
"6826","ἕν","FALSE"
"6827",".","FALSE"
"6828","νῦν","FALSE"
"6829","δὲ","TRUE"
"6830","οὐχ","TRUE"
"6831","αὕτη","TRUE"
"6832","ἐστὶν","TRUE"
"6833","ἡ","TRUE"
"6834","ὑπόθεσις","FALSE"
"6835",",","FALSE"
"6836","εἰ","TRUE"
"6837","ἓν","FALSE"
"6838","ἕν","FALSE"
"6839",",","FALSE"
"6840","τί","TRUE"
"6841","χρὴ","FALSE"
"6842","συμβαίνειν","FALSE"
"6843",",","FALSE"
"6844","ἀλλʼ","FALSE"
"6845","εἰ","TRUE"
"6846","ἓν","FALSE"
"6847","ἔστιν","TRUE"
"6848","·","FALSE"
"6849","οὐχ","TRUE"
"6850","οὕτω","TRUE"
"6851",";","FALSE"
"6852","πάνυ","FALSE"
"6853","μὲν","TRUE"
"6854","οὖν","TRUE"
"6855",".","FALSE"
"6856","οὐκοῦν","FALSE"
"6857","ὡς","TRUE"
"6858","ἄλλο","TRUE"
"6859","τι","TRUE"
"6860","σημαῖνον","FALSE"
"6861","τὸ","TRUE"
"6862","ἔστι","TRUE"
"6863","τοῦ","TRUE"
"6864","ἕν","FALSE"
"6865",";","FALSE"
"6866","ἀνάγκη","FALSE"
"6867",".","FALSE"
"6868","ἆρα","FALSE"
"6869","οὖν","TRUE"
"6870","ἄλλο","TRUE"
"6871","ἢ","TRUE"
"6872","ὅτι","TRUE"
"6873","οὐσίας","FALSE"
"6874","μετέχει","FALSE"
"6875","τὸ","TRUE"
"6876","ἕν","FALSE"
"6877",",","FALSE"
"6878","τοῦτʼ","FALSE"
"6879","ἂν","TRUE"
"6880","εἴη","TRUE"
"6881","τὸ","TRUE"
"6882","λεγόμενον","FALSE"
"6883",",","FALSE"
"6884","ἐπειδάν","FALSE"
"6885","τις","TRUE"
"6886","συλλήβδην","FALSE"
"6887","εἴπῃ","FALSE"
"6888","ὅτι","TRUE"
"6889","ἓν","FALSE"
"6890","ἔστιν","TRUE"
"6891",";","FALSE"
"6892","πάνυ","FALSE"
"6893","γε","TRUE"
"6894",".","FALSE"
"6895","πάλιν","FALSE"
"6896","δὴ","TRUE"
"6897","λέγωμεν","FALSE"
"6898",",","FALSE"
"6899","ἓν","FALSE"
"6900","εἰ","TRUE"
"6901","ἔστιν","TRUE"
"6902",",","FALSE"
"6903","τί","TRUE"
"6904","συμβήσεται","FALSE"
"6905",".","FALSE"
"6906","σκόπει","FALSE"
"6907","οὖν","TRUE"
"6908","εἰ","TRUE"
"6909","οὐκ","TRUE"
"6910","ἀνάγκη","FALSE"
"6911","ταύτην","TRUE"
"6912","τὴν","TRUE"
"6913","ὑπόθεσιν","FALSE"
"6914","τοιοῦτον","TRUE"
"6915","ὂν","TRUE"
"6916","τὸ","TRUE"
"6917","ἓν","FALSE"
"6918","σημαίνειν","FALSE"
"6919",",","FALSE"
"6920","οἷον","FALSE"
"6921","μέρη","FALSE"
"6922","ἔχειν","FALSE"
"6923",";","FALSE"
"6924","πῶς","FALSE"
"6925",";","FALSE"
"6926","ὧδε","FALSE"
"6927","·","FALSE"
"6928","εἰ","TRUE"
"6929","τὸ","TRUE"
"6930","ἔστι","TRUE"
"6931","τοῦ","TRUE"
"6932","ἑνὸς","FALSE"
"6933","ὄντος","TRUE"
"6934","λέγεται","FALSE"
"6935","καὶ","TRUE"
"6936","τὸ","TRUE"
"6937","ἓν","FALSE"
"6938","τοῦ","TRUE"
"6939","ὄντος","TRUE"
"6940","ἑνός","FALSE"
"6941",",","FALSE"
"6942","ἔστι","TRUE"
"6943","δὲ","TRUE"
"6944","οὐ","TRUE"
"6945","τὸ","TRUE"
"6946","αὐτὸ","TRUE"
"6947","ἥ","TRUE"
"6948","τε","TRUE"
"6949","οὐσία","FALSE"
"6950","καὶ","TRUE"
"6951","τὸ","TRUE"
"6952","ἕν","FALSE"
"6953",",","FALSE"
"6954","τοῦ","TRUE"
"6955","αὐτοῦ","TRUE"
"6956","δὲ","TRUE"
"6957","ἐκείνου","FALSE"
"6958","οὗ","TRUE"
"6959","ὑπεθέμεθα","FALSE"
"6960",",","FALSE"
"6961","τοῦ","TRUE"
"6962","ἑνὸς","FALSE"
"6963","ὄντος","TRUE"
"6964",",","FALSE"
"6965","ἆρα","FALSE"
"6966","οὐκ","TRUE"
"6967","ἀνάγκη","FALSE"
"6968","τὸ","TRUE"
"6969","μὲν","TRUE"
"6970","ὅλον","FALSE"
"6971","ἓν","FALSE"
"6972","ὂν","TRUE"
"6973","εἶναι","TRUE"
"6974","αὐτό","TRUE"
"6975",",","FALSE"
"6976","τούτου","TRUE"
"6977","δὲ","TRUE"
"6978","γίγνεσθαι","FALSE"
"6979","μόρια","FALSE"
"6980","τό","TRUE"
"6981","τε","TRUE"
"6982","ἓν","FALSE"
"6983","καὶ","TRUE"
"6984","τὸ","TRUE"
"6985","εἶναι","TRUE"
"6986",";","FALSE"
"6987","ἀνάγκη","FALSE"
"6988",".","FALSE"
"6989","πότερον","FALSE"
"6990","οὖν","TRUE"
"6991","ἑκάτερον","FALSE"
"6992","τῶν","TRUE"
"6993","μορίων","FALSE"
"6994","τούτων","TRUE"
"6995","μόριον","FALSE"
"6996","μόνον","FALSE"
"6997","προσεροῦμεν","FALSE"
"6998",",","FALSE"
"6999","ἢ","TRUE"
"7000","τοῦ","TRUE"
"7001","ὅλου","FALSE"
"7002","μόριον","FALSE"
"7003","τό","TRUE"
"7004","γε","TRUE"
"7005","μόριον","FALSE"
"7006","προσρητέον","FALSE"
"7007",";","FALSE"
"7008","τοῦ","TRUE"
"7009","ὅλου","FALSE"
"7010",".","FALSE"
"7011","καὶ","TRUE"
"7012","ὅλον","FALSE"
"7013","ἄρα","TRUE"
"7014","ἐστί","TRUE"
"7015",",","FALSE"
"7016","ὃ","TRUE"
"7017","ἂν","TRUE"
"7018","ἓν","FALSE"
"7019","ᾖ","TRUE"
"7020",",","FALSE"
"7021","καὶ","TRUE"
"7022","μόριον","FALSE"
"7023","ἔχει","FALSE"
"7024",".","FALSE"
"7025","πάνυ","FALSE"
"7026","γε","TRUE"
"7027",".","FALSE"
"7028","τί","TRUE"
"7029","οὖν","TRUE"
"7030",";","FALSE"
"7031","τῶν","TRUE"
"7032","μορίων","FALSE"
"7033","ἑκάτερον","FALSE"
"7034","τούτων","TRUE"
"7035","τοῦ","TRUE"
"7036","ἑνὸς","FALSE"
"7037","ὄντος","TRUE"
"7038",",","FALSE"
"7039","τό","TRUE"
"7040","τε","TRUE"
"7041","ἓν","FALSE"
"7042","καὶ","TRUE"
"7043","τὸ","TRUE"
"7044","ὄν","FALSE"
"7045",",","FALSE"
"7046","ἆρα","FALSE"
"7047","ἀπολείπεσθον","FALSE"
"7048","ἢ","TRUE"
"7049","τὸ","TRUE"
"7050","ἓν","FALSE"
"7051","τοῦ","TRUE"
"7052","εἶναι","TRUE"
"7053","μορίου","FALSE"
"7054","ἢ","TRUE"
"7055","τὸ","TRUE"
"7056","ὂν","TRUE"
"7057","τοῦ","TRUE"
"7058","ἑνὸς","FALSE"
"7059","μορίου","FALSE"
"7060",";","FALSE"
"7061","οὐκ","TRUE"
"7062","ἂν","TRUE"
"7063","εἴη","TRUE"
"7064",".","FALSE"
"7065","πάλιν","FALSE"
"7066","ἄρα","TRUE"
"7067","καὶ","TRUE"
"7068","τῶν","TRUE"
"7069","μορίων","FALSE"
"7070","ἑκάτερον","FALSE"
"7071","τό","TRUE"
"7072","τε","TRUE"
"7073","ἓν","FALSE"
"7074","ἴσχει","FALSE"
"7075","καὶ","TRUE"
"7076","τὸ","TRUE"
"7077","ὄν","FALSE"
"7078",",","FALSE"
"7079","καὶ","TRUE"
"7080","γίγνεται","FALSE"
"7081","τὸ","TRUE"
"7082","ἐλάχιστον","FALSE"
"7083","ἐκ","TRUE"
"7084","δυοῖν","FALSE"
"7085","αὖ","FALSE"
"7086","μορίοιν","FALSE"
"7087","τὸ","TRUE"
"7088","μόριον","FALSE"
"7089",",","FALSE"
"7090","καὶ","TRUE"
"7091","κατὰ","TRUE"
"7092","τὸν","TRUE"
"7093","αὐτὸν","TRUE"
"7094","λόγον","FALSE"
"7095","οὕτως","TRUE"
"7096","ἀεί","FALSE"
"7097",",","FALSE"
"7098","ὅτιπερ","FALSE"
"7099","ἂν","TRUE"
"7100","μόριον","FALSE"
"7101","γένηται","FALSE"
"7102",",","FALSE"
"7103","τούτω","TRUE"
"7104","τὼ","TRUE"
"7105","μορίω","FALSE"
"7106","ἀεὶ","FALSE"
"7107","ἴσχει","FALSE"
"7108","·","FALSE"
"7109","τό","TRUE"
"7110","τε","TRUE"
"7111","γὰρ","TRUE"
"7112","ἓν","FALSE"
"7113","τὸ","TRUE"
"7114","ὂν","TRUE"
"7115","ἀεὶ","FALSE"
"7116","ἴσχει","FALSE"
"7117","καὶ","TRUE"
"7118","τὸ","TRUE"
"7119","ὂν","TRUE"
"7120","τὸ","TRUE"
"7121","ἕν","FALSE"
"7122","·","FALSE"
"7123","ὥστε","TRUE"
"7124","ἀνάγκη","FALSE"
"7125","δύʼ","FALSE"
"7126","ἀεὶ","FALSE"
"7127","γιγνόμενον","FALSE"
"7128","μηδέποτε","FALSE"
"7129","ἓν","FALSE"
"7130","εἶναι","TRUE"
"7131",".","FALSE"
"7132","παντάπασι","FALSE"
"7133","μὲν","TRUE"
"7134","οὖν","TRUE"
"7135",".","FALSE"
"7136","οὐκοῦν","FALSE"
"7137","ἄπειρον","FALSE"
"7138","ἂν","TRUE"
"7139","τὸ","TRUE"
"7140","πλῆθος","FALSE"
"7141","οὕτω","TRUE"
"7142","τὸ","TRUE"
"7143","ἓν","FALSE"
"7144","ὂν","TRUE"
"7145","εἴη","TRUE"
"7146",";","FALSE"
"7147","ἔοικεν","FALSE"
"7148",".","FALSE"
"7149","ἴθι","FALSE"
"7150","δὴ","TRUE"
"7151","καὶ","TRUE"
"7152","τῇδε","TRUE"
"7153","ἔτι","TRUE"
"7154",".","FALSE"
"7155","πῇ","FALSE"
"7156",";","FALSE"
"7157","οὐσίας","FALSE"
"7158","φαμὲν","FALSE"
"7159","μετέχειν","FALSE"
"7160","τὸ","TRUE"
"7161","ἕν","FALSE"
"7162",",","FALSE"
"7163","διὸ","FALSE"
"7164","ἔστιν","TRUE"
"7165",";","FALSE"
"7166","ναί","FALSE"
"7167",".","FALSE"
"7168","καὶ","TRUE"
"7169","διὰ","TRUE"
"7170","ταῦτα","TRUE"
"7171","δὴ","TRUE"
"7172","τὸ","TRUE"
"7173","ἓν","FALSE"
"7174","ὂν","TRUE"
"7175","πολλὰ","FALSE"
"7176","ἐφάνη","FALSE"
"7177",".","FALSE"
"7178","οὕτω","TRUE"
"7179",".","FALSE"
"7180","τί","TRUE"
"7181","δέ","TRUE"
"7182",";","FALSE"
"7183","αὐτὸ","TRUE"
"7184","τὸ","TRUE"
"7185","ἕν","FALSE"
"7186",",","FALSE"
"7187","ὃ","TRUE"
"7188","δή","TRUE"
"7189","φαμεν","FALSE"
"7190","οὐσίας","FALSE"
"7191","μετέχειν","FALSE"
"7192",",","FALSE"
"7193","ἐὰν","TRUE"
"7194","αὐτὸ","TRUE"
"7195","τῇ","TRUE"
"7196","διανοίᾳ","FALSE"
"7197","μόνον","FALSE"
"7198","καθʼ","FALSE"
"7199","αὑτὸ","FALSE"
"7200","λάβωμεν","FALSE"
"7201","ἄνευ","FALSE"
"7202","τούτου","TRUE"
"7203","οὗ","TRUE"
"7204","φαμεν","FALSE"
"7205","μετέχειν","FALSE"
"7206",",","FALSE"
"7207","ἆρά","FALSE"
"7208","γε","TRUE"
"7209","ἓν","FALSE"
"7210","μόνον","FALSE"
"7211","φανήσεται","FALSE"
"7212","ἢ","TRUE"
"7213","καὶ","TRUE"
"7214","πολλὰ","FALSE"
"7215","τὸ","TRUE"
"7216","αὐτὸ","TRUE"
"7217","τοῦτο","TRUE"
"7218",";","FALSE"
"7219","ἕν","FALSE"
"7220",",","FALSE"
"7221","οἶμαι","FALSE"
"7222","ἔγωγε","TRUE"
"7223",".","FALSE"
"7224","ἴδωμεν","FALSE"
"7225","δή","TRUE"
"7226","·","FALSE"
"7227","ἄλλο","TRUE"
"7228","τι","TRUE"
"7229","ἕτερον","FALSE"
"7230","μὲν","TRUE"
"7231","ἀνάγκη","FALSE"
"7232","τὴν","TRUE"
"7233","οὐσίαν","FALSE"
"7234","αὐτοῦ","TRUE"
"7235","εἶναι","TRUE"
"7236",",","FALSE"
"7237","ἕτερον","FALSE"
"7238","δὲ","TRUE"
"7239","αὐτό","TRUE"
"7240",",","FALSE"
"7241","εἴπερ","FALSE"
"7242","μὴ","TRUE"
"7243","οὐσία","FALSE"
"7244","τὸ","TRUE"
"7245","ἕν","FALSE"
"7246",",","FALSE"
"7247","ἀλλʼ","FALSE"
"7248","ὡς","TRUE"
"7249","ἓν","FALSE"
"7250","οὐσίας","FALSE"
"7251","μετέσχεν","FALSE"
"7252",".","FALSE"
"7253","ἀνάγκη","FALSE"
"7254",".","FALSE"
"7255","οὐκοῦν","FALSE"
"7256","εἰ","TRUE"
"7257","ἕτερον","FALSE"
"7258","μὲν","TRUE"
"7259","ἡ","TRUE"
"7260","οὐσία","FALSE"
"7261",",","FALSE"
"7262","ἕτερον","FALSE"
"7263","δὲ","TRUE"
"7264","τὸ","TRUE"
"7265","ἕν","FALSE"
"7266",",","FALSE"
"7267","οὔτε","TRUE"
"7268","τῷ","TRUE"
"7269","ἓν","FALSE"
"7270","τὸ","TRUE"
"7271","ἓν","FALSE"
"7272","τῆς","TRUE"
"7273","οὐσίας","FALSE"
"7274","ἕτερον","FALSE"
"7275","οὔτε","TRUE"
"7276","τῷ","TRUE"
"7277","οὐσία","FALSE"
"7278","εἶναι","TRUE"
"7279","ἡ","TRUE"
"7280","οὐσία","FALSE"
"7281","τοῦ","TRUE"
"7282","ἑνὸς","FALSE"
"7283","ἄλλο","TRUE"
"7284",",","FALSE"
"7285","ἀλλὰ","TRUE"
"7286","τῷ","TRUE"
"7287","ἑτέρῳ","FALSE"
"7288","τε","TRUE"
"7289","καὶ","TRUE"
"7290","ἄλλῳ","TRUE"
"7291","ἕτερα","FALSE"
"7292","ἀλλήλων","FALSE"
"7293",".","FALSE"
"7294","πάνυ","FALSE"
"7295","μὲν","TRUE"
"7296","οὖν","TRUE"
"7297",".","FALSE"
"7298","ὥστε","TRUE"
"7299","οὐ","TRUE"
"7300","ταὐτόν","FALSE"
"7301","ἐστιν","TRUE"
"7302","οὔτε","TRUE"
"7303","τῷ","TRUE"
"7304","ἑνὶ","FALSE"
"7305","οὔτε","TRUE"
"7306","τῇ","TRUE"
"7307","οὐσίᾳ","FALSE"
"7308","τὸ","TRUE"
"7309","ἕτερον","FALSE"
"7310",".","FALSE"
"7311","πῶς","FALSE"
"7312","γάρ","TRUE"
"7313",";","FALSE"
"7314","τί","TRUE"
"7315","οὖν","TRUE"
"7316",";","FALSE"
"7317","ἐὰν","TRUE"
"7318","προελώμεθα","FALSE"
"7319","αὐτῶν","TRUE"
"7320","εἴτε","FALSE"
"7321","βούλει","FALSE"
"7322","τὴν","TRUE"
"7323","οὐσίαν","FALSE"
"7324","καὶ","TRUE"
"7325","τὸ","TRUE"
"7326","ἕτερον","FALSE"
"7327","εἴτε","FALSE"
"7328","τὴν","TRUE"
"7329","οὐσίαν","FALSE"
"7330","καὶ","TRUE"
"7331","τὸ","TRUE"
"7332","ἓν","FALSE"
"7333","εἴτε","FALSE"
"7334","τὸ","TRUE"
"7335","ἓν","FALSE"
"7336","καὶ","TRUE"
"7337","τὸ","TRUE"
"7338","ἕτερον","FALSE"
"7339",",","FALSE"
"7340","ἆρʼ","FALSE"
"7341","οὐκ","TRUE"
"7342","ἐν","TRUE"
"7343","ἑκάστῃ","FALSE"
"7344","τῇ","TRUE"
"7345","προαιρέσει","FALSE"
"7346","προαιρούμεθά","FALSE"
"7347","τινε","FALSE"
"7348","ὣ","TRUE"
"7349","ὀρθῶς","FALSE"
"7350","ἔχει","FALSE"
"7351","καλεῖσθαι","FALSE"
"7352","ἀμφοτέρω","FALSE"
"7353",";","FALSE"
"7354","πῶς","FALSE"
"7355",";","FALSE"
"7356","ὧδε","FALSE"
"7357","·","FALSE"
"7358","ἔστιν","TRUE"
"7359","οὐσίαν","FALSE"
"7360","εἰπεῖν","FALSE"
"7361",";","FALSE"
"7362","ἔστιν","TRUE"
"7363",".","FALSE"
"7364","καὶ","TRUE"
"7365","αὖθις","FALSE"
"7366","εἰπεῖν","FALSE"
"7367","ἕν","FALSE"
"7368",";","FALSE"
"7369","καὶ","TRUE"
"7370","τοῦτο","TRUE"
"7371",".","FALSE"
"7372","ἆρʼ","FALSE"
"7373","οὖν","TRUE"
"7374","οὐχ","TRUE"
"7375","ἑκάτερον","FALSE"
"7376","αὐτοῖν","FALSE"
"7377","εἴρηται","FALSE"
"7378",";","FALSE"
"7379","ναί","FALSE"
"7380",".","FALSE"
"7381","τί","TRUE"
"7382","δʼ","FALSE"
"7383","ὅταν","FALSE"
"7384","εἴπω","FALSE"
"7385","οὐσία","FALSE"
"7386","τε","TRUE"
"7387","καὶ","TRUE"
"7388","ἕν","FALSE"
"7389",",","FALSE"
"7390","ἆρα","FALSE"
"7391","οὐκ","TRUE"
"7392","ἀμφοτέρω","FALSE"
"7393",";","FALSE"
"7394","πάνυ","FALSE"
"7395","γε","TRUE"
"7396",".","FALSE"
"7397","οὐκοῦν","FALSE"
"7398","καὶ","TRUE"
"7399","ἐὰν","TRUE"
"7400","οὐσία","FALSE"
"7401","τε","TRUE"
"7402","καὶ","TRUE"
"7403","ἕτερον","FALSE"
"7404","ἢ","TRUE"
"7405","ἕτερόν","FALSE"
"7406","τε","TRUE"
"7407","καὶ","TRUE"
"7408","ἕν","FALSE"
"7409",",","FALSE"
"7410","καὶ","TRUE"
"7411","οὕτω","TRUE"
"7412","πανταχῶς","FALSE"
"7413","ἐφʼ","FALSE"
"7414","ἑκάστου","FALSE"
"7415","ἄμφω","FALSE"
"7416","λέγω","FALSE"
"7417",";","FALSE"
"7418","ναί","FALSE"
"7419",".","FALSE"
"7420","ὣ","TRUE"
"7421","δʼ","FALSE"
"7422","ἂν","TRUE"
"7423","ἄμφω","FALSE"
"7424","ὀρθῶς","FALSE"
"7425","προσαγορεύησθον","FALSE"
"7426",",","FALSE"
"7427","ἆρα","FALSE"
"7428","οἷόν","FALSE"
"7429","τε","TRUE"
"7430","ἄμφω","FALSE"
"7431","μὲν","TRUE"
"7432","αὐτὼ","TRUE"
"7433","εἶναι","TRUE"
"7434",",","FALSE"
"7435","δύο","FALSE"
"7436","δὲ","TRUE"
"7437","μή","TRUE"
"7438",";","FALSE"
"7439","οὐχ","TRUE"
"7440","οἷόν","FALSE"
"7441","τε","TRUE"
"7442",".","FALSE"
"7443","ὣ","TRUE"
"7444","δʼ","FALSE"
"7445","ἂν","TRUE"
"7446","δύο","FALSE"
"7447","ἦτον","FALSE"
"7448",",","FALSE"
"7449","ἔστι","TRUE"
"7450","τις","TRUE"
"7451","μηχανὴ","FALSE"
"7452","μὴ","TRUE"
"7453","οὐχ","TRUE"
"7454","ἑκάτερον","FALSE"
"7455","αὐτοῖν","FALSE"
"7456","ἓν","FALSE"
"7457","εἶναι","TRUE"
"7458",";","FALSE"
"7459","οὐδεμία","TRUE"
"7460",".","FALSE"
"7461","τούτων","TRUE"
"7462","ἄρα","TRUE"
"7463","ἐπείπερ","FALSE"
"7464","σύνδυο","FALSE"
"7465","ἕκαστα","FALSE"
"7466","συμβαίνει","FALSE"
"7467","εἶναι","TRUE"
"7468",",","FALSE"
"7469","καὶ","TRUE"
"7470","ἓν","FALSE"
"7471","ἂν","TRUE"
"7472","εἴη","TRUE"
"7473","ἕκαστον","FALSE"
"7474",".","FALSE"
"7475","φαίνεται","FALSE"
"7476",".","FALSE"
"7477","εἰ","TRUE"
"7478","δὲ","TRUE"
"7479","ἓν","FALSE"
"7480","ἕκαστον","FALSE"
"7481","αὐτῶν","TRUE"
"7482","ἐστι","TRUE"
"7483",",","FALSE"
"7484","συντεθέντος","FALSE"
"7485","ἑνὸς","FALSE"
"7486","ὁποιουοῦν","FALSE"
"7487","ᾑτινιοῦν","FALSE"
"7488","συζυγίᾳ","FALSE"
"7489","οὐ","TRUE"
"7490","τρία","FALSE"
"7491","γίγνεται","FALSE"
"7492","τὰ","TRUE"
"7493","πάντα","FALSE"
"7494",";","FALSE"
"7495","ναί","FALSE"
"7496",".","FALSE"
"7497","τρία","FALSE"
"7498","δὲ","TRUE"
"7499","οὐ","TRUE"
"7500","περιττὰ","FALSE"
"7501","καὶ","TRUE"
"7502","δύο","FALSE"
"7503","ἄρτια","FALSE"
"7504",";","FALSE"
"7505","πῶς","FALSE"
"7506","δʼ","FALSE"
"7507","οὔ","TRUE"
"7508",";","FALSE"
"7509","τί","TRUE"
"7510","δέ","TRUE"
"7511",";","FALSE"
"7512","δυοῖν","FALSE"
"7513","ὄντοιν","FALSE"
"7514","οὐκ","TRUE"
"7515","ἀνάγκη","FALSE"
"7516","εἶναι","TRUE"
"7517","καὶ","TRUE"
"7518","δίς","FALSE"
"7519",",","FALSE"
"7520","καὶ","TRUE"
"7521","τριῶν","FALSE"
"7522","ὄντων","TRUE"
"7523","τρίς","FALSE"
"7524",",","FALSE"
"7525","εἴπερ","FALSE"
"7526","ὑπάρχει","FALSE"
"7527","τῷ","TRUE"
"7528","τε","TRUE"
"7529","δύο","FALSE"
"7530","τὸ","TRUE"
"7531","δὶς","FALSE"
"7532","ἓν","FALSE"
"7533","καὶ","TRUE"
"7534","τῷ","TRUE"
"7535","τρία","FALSE"
"7536","τὸ","TRUE"
"7537","τρὶς","FALSE"
"7538","ἕν","FALSE"
"7539",";","FALSE"
"7540","ἀνάγκη","FALSE"
"7541",".","FALSE"
"7542","δυοῖν","FALSE"
"7543","δὲ","TRUE"
"7544","ὄντοιν","FALSE"
"7545","καὶ","TRUE"
"7546","δὶς","FALSE"
"7547","οὐκ","TRUE"
"7548","ἀνάγκη","FALSE"
"7549","δύο","FALSE"
"7550","δὶς","FALSE"
"7551","εἶναι","TRUE"
"7552",";","FALSE"
"7553","καὶ","TRUE"
"7554","τριῶν","FALSE"
"7555","καὶ","TRUE"
"7556","τρὶς","FALSE"
"7557","οὐκ","TRUE"
"7558","ἀνάγκη","FALSE"
"7559","αὖ","FALSE"
"7560","τρία","FALSE"
"7561","τρὶς","FALSE"
"7562","εἶναι","TRUE"
"7563",";","FALSE"
"7564","πῶς","FALSE"
"7565","δʼ","FALSE"
"7566","οὔ","TRUE"
"7567",";","FALSE"
"7568","τί","TRUE"
"7569","δέ","TRUE"
"7570",";","FALSE"
"7571","τριῶν","FALSE"
"7572","ὄντων","TRUE"
"7573","καὶ","TRUE"
"7574","δὶς","FALSE"
"7575","ὄντων","TRUE"
"7576","καὶ","TRUE"
"7577","δυοῖν","FALSE"
"7578","ὄντοιν","FALSE"
"7579","καὶ","TRUE"
"7580","τρὶς","FALSE"
"7581","ὄντοιν","FALSE"
"7582","οὐκ","TRUE"
"7583","ἀνάγκη","FALSE"
"7584","τε","TRUE"
"7585","τρία","FALSE"
"7586","δὶς","FALSE"
"7587","εἶναι","TRUE"
"7588","καὶ","TRUE"
"7589","δύο","FALSE"
"7590","τρίς","FALSE"
"7591",";","FALSE"
"7592","πολλή","FALSE"
"7593","γε","TRUE"
"7594",".","FALSE"
"7595","ἄρτιά","FALSE"
"7596","τε","TRUE"
"7597","ἄρα","TRUE"
"7598","ἀρτιάκις","FALSE"
"7599","ἂν","TRUE"
"7600","εἴη","TRUE"
"7601","καὶ","TRUE"
"7602","περιττὰ","FALSE"
"7603","περιττάκις","FALSE"
"7604","καὶ","TRUE"
"7605","ἄρτια","FALSE"
"7606","περιττάκις","FALSE"
"7607","καὶ","TRUE"
"7608","περιττὰ","FALSE"
"7609","ἀρτιάκις","FALSE"
"7610",".","FALSE"
"7611","ἔστιν","TRUE"
"7612","οὕτω","TRUE"
"7613",".","FALSE"
"7614","εἰ","TRUE"
"7615","οὖν","TRUE"
"7616","ταῦτα","TRUE"
"7617","οὕτως","TRUE"
"7618","ἔχει","FALSE"
"7619",",","FALSE"
"7620","οἴει","FALSE"
"7621","τινὰ","TRUE"
"7622","ἀριθμὸν","FALSE"
"7623","ὑπολείπεσθαι","FALSE"
"7624","ὃν","TRUE"
"7625","οὐκ","TRUE"
"7626","ἀνάγκη","FALSE"
"7627","εἶναι","TRUE"
"7628",";","FALSE"
"7629","οὐδαμῶς","FALSE"
"7630","γε","TRUE"
"7631",".","FALSE"
"7632","εἰ","TRUE"
"7633","ἄρα","TRUE"
"7634","ἔστιν","TRUE"
"7635","ἕν","FALSE"
"7636",",","FALSE"
"7637","ἀνάγκη","FALSE"
"7638","καὶ","TRUE"
"7639","ἀριθμὸν","FALSE"
"7640","εἶναι","TRUE"
"7641",".","FALSE"
"7642","ἀνάγκη","FALSE"
"7643",".","FALSE"
"7644","ἀλλὰ","TRUE"
"7645","μὴν","FALSE"
"7646","ἀριθμοῦ","FALSE"
"7647","γε","TRUE"
"7648","ὄντος","TRUE"
"7649","πολλὰ","FALSE"
"7650","ἂν","TRUE"
"7651","εἴη","TRUE"
"7652","καὶ","TRUE"
"7653","πλῆθος","FALSE"
"7654","ἄπειρον","FALSE"
"7655","τῶν","TRUE"
"7656","ὄντων","TRUE"
"7657","·","FALSE"
"7658","ἢ","TRUE"
"7659","οὐκ","TRUE"
"7660","ἄπειρος","FALSE"
"7661","ἀριθμὸς","FALSE"
"7662","πλήθει","FALSE"
"7663","καὶ","TRUE"
"7664","μετέχων","FALSE"
"7665","οὐσίας","FALSE"
"7666","γίγνεται","FALSE"
"7667",";","FALSE"
"7668","καὶ","TRUE"
"7669","πάνυ","FALSE"
"7670","γε","TRUE"
"7671",".","FALSE"
"7672","οὐκοῦν","FALSE"
"7673","εἰ","TRUE"
"7674","πᾶς","FALSE"
"7675","ἀριθμὸς","FALSE"
"7676","οὐσίας","FALSE"
"7677","μετέχει","FALSE"
"7678",",","FALSE"
"7679","καὶ","TRUE"
"7680","τὸ","TRUE"
"7681","μόριον","FALSE"
"7682","ἕκαστον","FALSE"
"7683","τοῦ","TRUE"
"7684","ἀριθμοῦ","FALSE"
"7685","μετέχοι","FALSE"
"7686","ἂν","TRUE"
"7687","αὐτῆς","TRUE"
"7688",";","FALSE"
"7689","ναί","FALSE"
"7690",".","FALSE"
"7691","ἐπὶ","TRUE"
"7692","πάντα","FALSE"
"7693","ἄρα","TRUE"
"7694","πολλὰ","FALSE"
"7695","ὄντα","TRUE"
"7696","ἡ","TRUE"
"7697","οὐσία","FALSE"
"7698","νενέμηται","FALSE"
"7699","καὶ","TRUE"
"7700","οὐδενὸς","TRUE"
"7701","ἀποστατεῖ","FALSE"
"7702","τῶν","TRUE"
"7703","ὄντων","TRUE"
"7704",",","FALSE"
"7705","οὔτε","TRUE"
"7706","τοῦ","TRUE"
"7707","σμικροτάτου","FALSE"
"7708","οὔτε","TRUE"
"7709","τοῦ","TRUE"
"7710","μεγίστου","FALSE"
"7711",";","FALSE"
"7712","ἢ","TRUE"
"7713","τοῦτο","TRUE"
"7714","μὲν","TRUE"
"7715","καὶ","TRUE"
"7716","ἄλογον","FALSE"
"7717","ἐρέσθαι","FALSE"
"7718",";","FALSE"
"7719","πῶς","FALSE"
"7720","γὰρ","TRUE"
"7721","ἂν","TRUE"
"7722","δὴ","TRUE"
"7723","οὐσία","FALSE"
"7724","γε","TRUE"
"7725","τῶν","TRUE"
"7726","ὄντων","TRUE"
"7727","του","TRUE"
"7728","ἀποστατοῖ","FALSE"
"7729",";","FALSE"
"7730","οὐδαμῶς","FALSE"
"7731",".","FALSE"
"7732","κατακεκερμάτισται","FALSE"
"7733","ἄρα","TRUE"
"7734","ὡς","TRUE"
"7735","οἷόν","FALSE"
"7736","τε","TRUE"
"7737","σμικρότατα","FALSE"
"7738","καὶ","TRUE"
"7739","μέγιστα","FALSE"
"7740","καὶ","TRUE"
"7741","πανταχῶς","FALSE"
"7742","ὄντα","TRUE"
"7743",",","FALSE"
"7744","καὶ","TRUE"
"7745","μεμέρισται","FALSE"
"7746","πάντων","FALSE"
"7747","μάλιστα","FALSE"
"7748",",","FALSE"
"7749","καὶ","TRUE"
"7750","ἔστι","TRUE"
"7751","μέρη","FALSE"
"7752","ἀπέραντα","FALSE"
"7753","τῆς","TRUE"
"7754","οὐσίας","FALSE"
"7755",".","FALSE"
"7756","ἔχει","FALSE"
"7757","οὕτω","TRUE"
"7758",".","FALSE"
"7759","πλεῖστα","FALSE"
"7760","ἄρα","TRUE"
"7761","ἐστὶ","TRUE"
"7762","τὰ","TRUE"
"7763","μέρη","FALSE"
"7764","αὐτῆς","TRUE"
"7765",".","FALSE"
"7766","πλεῖστα","FALSE"
"7767","μέντοι","FALSE"
"7768",".","FALSE"
"7769","τί","TRUE"
"7770","οὖν","TRUE"
"7771",";","FALSE"
"7772","ἔστι","TRUE"
"7773","τι","TRUE"
"7774","αὐτῶν","TRUE"
"7775","ὃ","TRUE"
"7776","ἔστι","TRUE"
"7777","μὲν","TRUE"
"7778","μέρος","FALSE"
"7779","τῆς","TRUE"
"7780","οὐσίας","FALSE"
"7781",",","FALSE"
"7782","οὐδὲν","TRUE"
"7783","μέντοι","FALSE"
"7784","μέρος","FALSE"
"7785",";","FALSE"
"7786","καὶ","TRUE"
"7787","πῶς","FALSE"
"7788","ἄν","TRUE"
"7789","τοι","TRUE"
"7790","τοῦτο","TRUE"
"7791","γένοιτο","FALSE"
"7792",";","FALSE"
"7793","ἀλλʼ","FALSE"
"7794","εἴπερ","FALSE"
"7795","γε","TRUE"
"7796","οἶμαι","FALSE"
"7797","ἔστιν","TRUE"
"7798",",","FALSE"
"7799","ἀνάγκη","FALSE"
"7800","αὐτὸ","TRUE"
"7801","ἀεί","FALSE"
"7802",",","FALSE"
"7803","ἕωσπερ","FALSE"
"7804","ἂν","TRUE"
"7805","ᾖ","TRUE"
"7806",",","FALSE"
"7807","ἕν","FALSE"
"7808","γέ","TRUE"
"7809","τι","TRUE"
"7810","εἶναι","TRUE"
"7811",",","FALSE"
"7812","μηδὲν","FALSE"
"7813","δὲ","TRUE"
"7814","ἀδύνατον","FALSE"
"7815",".","FALSE"
"7816","ἀνάγκη","FALSE"
"7817",".","FALSE"
"7818","πρὸς","TRUE"
"7819","ἅπαντι","FALSE"
"7820","ἄρα","TRUE"
"7821","ἑκάστῳ","FALSE"
"7822","τῷ","TRUE"
"7823","τῆς","TRUE"
"7824","οὐσίας","FALSE"
"7825","μέρει","FALSE"
"7826","πρόσεστιν","FALSE"
"7827","τὸ","TRUE"
"7828","ἕν","FALSE"
"7829",",","FALSE"
"7830","οὐκ","TRUE"
"7831","ἀπολειπόμενον","FALSE"
"7832","οὔτε","TRUE"
"7833","σμικροτέρου","FALSE"
"7834","οὔτε","TRUE"
"7835","μείζονος","FALSE"
"7836","μέρους","FALSE"
"7837","οὔτε","TRUE"
"7838","ἄλλου","TRUE"
"7839","οὐδενός","TRUE"
"7840",".","FALSE"
"7841","οὕτω","TRUE"
"7842",".","FALSE"
"7843","ἆρα","FALSE"
"7844","οὖν","TRUE"
"7845","ἓν","FALSE"
"7846","ὂν","TRUE"
"7847","πολλαχοῦ","FALSE"
"7848","ἅμα","FALSE"
"7849","ὅλον","FALSE"
"7850","ἐστί","TRUE"
"7851",";","FALSE"
"7852","τοῦτο","TRUE"
"7853","ἄθρει","FALSE"
"7854",".","FALSE"
"7855","ἀλλʼ","FALSE"
"7856","ἀθρῶ","FALSE"
"7857","καὶ","TRUE"
"7858","ὁρῶ","FALSE"
"7859","ὅτι","TRUE"
"7860","ἀδύνατον","FALSE"
"7861",".","FALSE"
"7862","μεμερισμένον","FALSE"
"7863","ἄρα","TRUE"
"7864",",","FALSE"
"7865","εἴπερ","FALSE"
"7866","μὴ","TRUE"
"7867","ὅλον","FALSE"
"7868","·","FALSE"
"7869","ἄλλως","TRUE"
"7870","γάρ","TRUE"
"7871","που","FALSE"
"7872","οὐδαμῶς","FALSE"
"7873","ἅμα","FALSE"
"7874","ἅπασι","FALSE"
"7875","τοῖς","TRUE"
"7876","τῆς","TRUE"
"7877","οὐσίας","FALSE"
"7878","μέρεσιν","FALSE"
"7879","παρέσται","FALSE"
"7880","ἢ","TRUE"
"7881","μεμερισμένον","FALSE"
"7882",".","FALSE"
"7883","ναί","FALSE"
"7884",".","FALSE"
"7885","καὶ","TRUE"
"7886","μὴν","FALSE"
"7887","τό","TRUE"
"7888","γε","TRUE"
"7889","μεριστὸν","FALSE"
"7890","πολλὴ","FALSE"
"7891","ἀνάγκη","FALSE"
"7892","εἶναι","TRUE"
"7893","τοσαῦτα","FALSE"
"7894","ὅσαπερ","FALSE"
"7895","μέρη","FALSE"
"7896",".","FALSE"
"7897","ἀνάγκη","FALSE"
"7898",".","FALSE"
"7899","οὐκ","TRUE"
"7900","ἄρα","TRUE"
"7901","ἀληθῆ","FALSE"
"7902","ἄρτι","FALSE"
"7903","ἐλέγομεν","FALSE"
"7904","λέγοντες","FALSE"
"7905","ὡς","TRUE"
"7906","πλεῖστα","FALSE"
"7907","μέρη","FALSE"
"7908","ἡ","TRUE"
"7909","οὐσία","FALSE"
"7910","νενεμημένη","FALSE"
"7911","εἴη","TRUE"
"7912",".","FALSE"
"7913","οὐδὲ","TRUE"
"7914","γὰρ","TRUE"
"7915","πλείω","FALSE"
"7916","τοῦ","TRUE"
"7917","ἑνὸς","FALSE"
"7918","νενέμηται","FALSE"
"7919",",","FALSE"
"7920","ἀλλʼ","FALSE"
"7921","ἴσα","FALSE"
"7922",",","FALSE"
"7923","ὡς","TRUE"
"7924","ἔοικε","FALSE"
"7925",",","FALSE"
"7926","τῷ","TRUE"
"7927","ἑνί","FALSE"
"7928","·","FALSE"
"7929","οὔτε","TRUE"
"7930","γὰρ","TRUE"
"7931","τὸ","TRUE"
"7932","ὂν","TRUE"
"7933","τοῦ","TRUE"
"7934","ἑνὸς","FALSE"
"7935","ἀπολείπεται","FALSE"
"7936","οὔτε","TRUE"
"7937","τὸ","TRUE"
"7938","ἓν","FALSE"
"7939","τοῦ","TRUE"
"7940","ὄντος","TRUE"
"7941",",","FALSE"
"7942","ἀλλʼ","FALSE"
"7943","ἐξισοῦσθον","FALSE"
"7944","δύο","FALSE"
"7945","ὄντε","FALSE"
"7946","ἀεὶ","FALSE"
"7947","παρὰ","TRUE"
"7948","πάντα","FALSE"
"7949",".","FALSE"
"7950","παντάπασιν","FALSE"
"7951","οὕτω","TRUE"
"7952","φαίνεται","FALSE"
"7953",".","FALSE"
"7954","τὸ","TRUE"
"7955","ἓν","FALSE"
"7956","ἄρα","TRUE"
"7957","αὐτὸ","TRUE"
"7958","κεκερματισμένον","FALSE"
"7959","ὑπὸ","TRUE"
"7960","τῆς","TRUE"
"7961","οὐσίας","FALSE"
"7962","πολλά","FALSE"
"7963","τε","TRUE"
"7964","καὶ","TRUE"
"7965","ἄπειρα","FALSE"
"7966","τὸ","TRUE"
"7967","πλῆθός","FALSE"
"7968","ἐστιν","TRUE"
"7969",".","FALSE"
"7970","φαίνεται","FALSE"
"7971",".","FALSE"
"7972","οὐ","TRUE"
"7973","μόνον","FALSE"
"7974","ἄρα","TRUE"
"7975","τὸ","TRUE"
"7976","ὂν","TRUE"
"7977","ἓν","FALSE"
"7978","πολλά","FALSE"
"7979","ἐστιν","TRUE"
"7980",",","FALSE"
"7981","ἀλλὰ","TRUE"
"7982","καὶ","TRUE"
"7983","αὐτὸ","TRUE"
"7984","τὸ","TRUE"
"7985","ἓν","FALSE"
"7986","ὑπὸ","TRUE"
"7987","τοῦ","TRUE"
"7988","ὄντος","TRUE"
"7989","διανενεμημένον","FALSE"
"7990","πολλὰ","FALSE"
"7991","ἀνάγκη","FALSE"
"7992","εἶναι","TRUE"
"7993",".","FALSE"
"7994","παντάπασι","FALSE"
"7995","μὲν","TRUE"
"7996","οὖν","TRUE"
"7997",".","FALSE"
"7998","καὶ","TRUE"
"7999","μὴν","FALSE"
"8000","ὅτι","TRUE"
"8001","γε","TRUE"
"8002","ὅλου","FALSE"
"8003","τὰ","TRUE"
"8004","μόρια","FALSE"
"8005","μόρια","FALSE"
"8006",",","FALSE"
"8007","πεπερασμένον","FALSE"
"8008","ἂν","TRUE"
"8009","εἴη","TRUE"
"8010","κατὰ","TRUE"
"8011","τὸ","TRUE"
"8012","ὅλον","FALSE"
"8013","τὸ","TRUE"
"8014","ἕν","FALSE"
"8015","·","FALSE"
"8016","ἢ","TRUE"
"8017","οὐ","TRUE"
"8018","περιέχεται","FALSE"
"8019","ὑπὸ","TRUE"
"8020","τοῦ","TRUE"
"8021","ὅλου","FALSE"
"8022","τὰ","TRUE"
"8023","μόρια","FALSE"
"8024",";","FALSE"
"8025","ἀνάγκη","FALSE"
"8026",".","FALSE"
"8027","ἀλλὰ","TRUE"
"8028","μὴν","FALSE"
"8029","τό","TRUE"
"8030","γε","TRUE"
"8031","περιέχον","FALSE"
"8032","πέρας","FALSE"
"8033","ἂν","TRUE"
"8034","εἴη","TRUE"
"8035",".","FALSE"
"8036","πῶς","FALSE"
"8037","δʼ","FALSE"
"8038","οὔ","TRUE"
"8039",";","FALSE"
"8040","τὸ","TRUE"
"8041","ἓν","FALSE"
"8042","ἄρα","TRUE"
"8043","ὂν","TRUE"
"8044","ἕν","FALSE"
"8045","τέ","TRUE"
"8046","ἐστί","TRUE"
"8047","που","FALSE"
"8048","καὶ","TRUE"
"8049","πολλά","FALSE"
"8050",",","FALSE"
"8051","καὶ","TRUE"
"8052","ὅλον","FALSE"
"8053","καὶ","TRUE"
"8054","μόρια","FALSE"
"8055",",","FALSE"
"8056","καὶ","TRUE"
"8057","πεπερασμένον","FALSE"
"8058","καὶ","TRUE"
"8059","ἄπειρον","FALSE"
"8060","πλήθει","FALSE"
"8061",".","FALSE"
"8062","φαίνεται","FALSE"
"8063",".","FALSE"
"8064","ἆρʼ","FALSE"
"8065","οὖν","TRUE"
"8066","οὐκ","TRUE"
"8067",",","FALSE"
"8068","ἐπείπερ","FALSE"
"8069","πεπερασμένον","FALSE"
"8070",",","FALSE"
"8071","καὶ","TRUE"
"8072","ἔσχατα","FALSE"
"8073","ἔχον","FALSE"
"8074",";","FALSE"
"8075","ἀνάγκη","FALSE"
"8076",".","FALSE"
"8077","τί","TRUE"
"8078","δέ","TRUE"
"8079",";","FALSE"
"8080","εἰ","TRUE"
"8081","ὅλον","FALSE"
"8082",",","FALSE"
"8083","οὐ","TRUE"
"8084","καὶ","TRUE"
"8085","ἀρχὴν","FALSE"
"8086","ἂν","TRUE"
"8087","ἔχοι","FALSE"
"8088","καὶ","TRUE"
"8089","μέσον","FALSE"
"8090","καὶ","TRUE"
"8091","τελευτήν","FALSE"
"8092",";","FALSE"
"8093","ἢ","TRUE"
"8094","οἷόν","FALSE"
"8095","τέ","TRUE"
"8096","τι","TRUE"
"8097","ὅλον","FALSE"
"8098","εἶναι","TRUE"
"8099","ἄνευ","FALSE"
"8100","τριῶν","FALSE"
"8101","τούτων","TRUE"
"8102",";","FALSE"
"8103","κἄν","FALSE"
"8104","του","TRUE"
"8105","ἓν","FALSE"
"8106","ὁτιοῦν","FALSE"
"8107","αὐτῶν","TRUE"
"8108","ἀποστατῇ","FALSE"
"8109",",","FALSE"
"8110","ἐθελήσει","FALSE"
"8111","ἔτι","TRUE"
"8112","ὅλον","FALSE"
"8113","εἶναι","TRUE"
"8114",";","FALSE"
"8115","οὐκ","TRUE"
"8116","ἐθελήσει","FALSE"
"8117",".","FALSE"
"8118","καὶ","TRUE"
"8119","ἀρχὴν","FALSE"
"8120","δή","TRUE"
"8121",",","FALSE"
"8122","ὡς","TRUE"
"8123","ἔοικεν","FALSE"
"8124",",","FALSE"
"8125","καὶ","TRUE"
"8126","τελευτὴν","FALSE"
"8127","καὶ","TRUE"
"8128","μέσον","FALSE"
"8129","ἔχοι","FALSE"
"8130","ἂν","TRUE"
"8131","τὸ","TRUE"
"8132","ἕν","FALSE"
"8133",".","FALSE"
"8134","ἔχοι","FALSE"
"8135",".","FALSE"
"8136","ἀλλὰ","TRUE"
"8137","μὴν","FALSE"
"8138","τό","TRUE"
"8139","γε","TRUE"
"8140","μέσον","FALSE"
"8141","ἴσον","FALSE"
"8142","τῶν","TRUE"
"8143","ἐσχάτων","FALSE"
"8144","ἀπέχει","FALSE"
"8145","·","FALSE"
"8146","οὐ","TRUE"
"8147","γὰρ","TRUE"
"8148","ἂν","TRUE"
"8149","ἄλλως","TRUE"
"8150","μέσον","FALSE"
"8151","εἴη","TRUE"
"8152",".","FALSE"
"8153","οὐ","TRUE"
"8154","γάρ","TRUE"
"8155",".","FALSE"
"8156","καὶ","TRUE"
"8157","σχήματος","FALSE"
"8158","δή","TRUE"
"8159","τινος","TRUE"
"8160",",","FALSE"
"8161","ὡς","TRUE"
"8162","ἔοικε","FALSE"
"8163",",","FALSE"
"8164","τοιοῦτον","TRUE"
"8165","ὂν","TRUE"
"8166","μετέχοι","FALSE"
"8167","ἂν","TRUE"
"8168","τὸ","TRUE"
"8169","ἕν","FALSE"
"8170",",","FALSE"
"8171","ἤτοι","FALSE"
"8172","εὐθέος","FALSE"
"8173","ἢ","TRUE"
"8174","στρογγύλου","FALSE"
"8175","ἤ","TRUE"
"8176","τινος","TRUE"
"8177","μεικτοῦ","FALSE"
"8178","ἐξ","TRUE"
"8179","ἀμφοῖν","FALSE"
"8180",".","FALSE"
"8181","μετέχοι","FALSE"
"8182","γὰρ","TRUE"
"8183","ἄν","TRUE"
"8184",".","FALSE"
"8185","ἆρʼ","FALSE"
"8186","οὖν","TRUE"
"8187","οὕτως","TRUE"
"8188","ἔχον","FALSE"
"8189","οὐκ","TRUE"
"8190","αὐτό","TRUE"
"8191","τε","TRUE"
"8192","ἐν","TRUE"
"8193","ἑαυτῷ","TRUE"
"8194","ἔσται","TRUE"
"8195","καὶ","TRUE"
"8196","ἐν","TRUE"
"8197","ἄλλῳ","TRUE"
"8198",";","FALSE"
"8199","πῶς","FALSE"
"8200",";","FALSE"
"8201","τῶν","TRUE"
"8202","μερῶν","FALSE"
"8203","που","FALSE"
"8204","ἕκαστον","FALSE"
"8205","ἐν","TRUE"
"8206","τῷ","TRUE"
"8207","ὅλῳ","FALSE"
"8208","ἐστὶ","TRUE"
"8209","καὶ","TRUE"
"8210","οὐδὲν","TRUE"
"8211","ἐκτὸς","FALSE"
"8212","τοῦ","TRUE"
"8213","ὅλου","FALSE"
"8214",".","FALSE"
"8215","οὕτω","TRUE"
"8216",".","FALSE"
"8217","πάντα","FALSE"
"8218","δὲ","TRUE"
"8219","τὰ","TRUE"
"8220","μέρη","FALSE"
"8221","ὑπὸ","TRUE"
"8222","τοῦ","TRUE"
"8223","ὅλου","FALSE"
"8224","περιέχεται","FALSE"
"8225",";","FALSE"
"8226","ναί","FALSE"
"8227",".","FALSE"
"8228","καὶ","TRUE"
"8229","μὴν","FALSE"
"8230","τά","TRUE"
"8231","γε","TRUE"
"8232","πάντα","FALSE"
"8233","μέρη","FALSE"
"8234","τὰ","TRUE"
"8235","αὑτοῦ","TRUE"
"8236","τὸ","TRUE"
"8237","ἕν","FALSE"
"8238","ἐστι","TRUE"
"8239",",","FALSE"
"8240","καὶ","TRUE"
"8241","οὔτε","TRUE"
"8242","τι","TRUE"
"8243","πλέον","FALSE"
"8244","οὔτε","TRUE"
"8245","ἔλαττον","FALSE"
"8246","ἢ","TRUE"
"8247","πάντα","FALSE"
"8248",".","FALSE"
"8249","οὐ","TRUE"
"8250","γάρ","TRUE"
"8251",".","FALSE"
"8252","οὐκοῦν","FALSE"
"8253","καὶ","TRUE"
"8254","τὸ","TRUE"
"8255","ὅλον","FALSE"
"8256","τὸ","TRUE"
"8257","ἕν","FALSE"
"8258","ἐστιν","TRUE"
"8259",";","FALSE"
"8260","πῶς","FALSE"
"8261","δʼ","FALSE"
"8262","οὔ","TRUE"
"8263",";","FALSE"
"8264","εἰ","TRUE"
"8265","ἄρα","TRUE"
"8266","πάντα","FALSE"
"8267","τὰ","TRUE"
"8268","μέρη","FALSE"
"8269","ἐν","TRUE"
"8270","ὅλῳ","FALSE"
"8271","τυγχάνει","FALSE"
"8272","ὄντα","TRUE"
"8273",",","FALSE"
"8274","ἔστι","TRUE"
"8275","δὲ","TRUE"
"8276","τά","TRUE"
"8277","τε","TRUE"
"8278","πάντα","FALSE"
"8279","τὸ","TRUE"
"8280","ἓν","FALSE"
"8281","καὶ","TRUE"
"8282","αὐτὸ","TRUE"
"8283","τὸ","TRUE"
"8284","ὅλον","FALSE"
"8285",",","FALSE"
"8286","περιέχεται","FALSE"
"8287","δὲ","TRUE"
"8288","ὑπὸ","TRUE"
"8289","τοῦ","TRUE"
"8290","ὅλου","FALSE"
"8291","τὰ","TRUE"
"8292","πάντα","FALSE"
"8293",",","FALSE"
"8294","ὑπὸ","TRUE"
"8295","τοῦ","TRUE"
"8296","ἑνὸς","FALSE"
"8297","ἂν","TRUE"
"8298","περιέχοιτο","FALSE"
"8299","τὸ","TRUE"
"8300","ἕν","FALSE"
"8301",",","FALSE"
"8302","καὶ","TRUE"
"8303","οὕτως","TRUE"
"8304","ἂν","TRUE"
"8305","ἤδη","FALSE"
"8306","τὸ","TRUE"
"8307","ἓν","FALSE"
"8308","αὐτὸ","TRUE"
"8309","ἐν","TRUE"
"8310","ἑαυτῷ","TRUE"
"8311","εἴη","TRUE"
"8312",".","FALSE"
"8313","φαίνεται","FALSE"
"8314",".","FALSE"
"8315","ἀλλὰ","TRUE"
"8316","μέντοι","FALSE"
"8317","τό","TRUE"
"8318","γε","TRUE"
"8319","ὅλον","FALSE"
"8320","αὖ","FALSE"
"8321","οὐκ","TRUE"
"8322","ἐν","TRUE"
"8323","τοῖς","TRUE"
"8324","μέρεσίν","FALSE"
"8325","ἐστιν","TRUE"
"8326",",","FALSE"
"8327","οὔτε","TRUE"
"8328","ἐν","TRUE"
"8329","πᾶσιν","FALSE"
"8330","οὔτε","TRUE"
"8331","ἐν","TRUE"
"8332","τινί","TRUE"
"8333",".","FALSE"
"8334","εἰ","TRUE"
"8335","γὰρ","TRUE"
"8336","ἐν","TRUE"
"8337","πᾶσιν","FALSE"
"8338",",","FALSE"
"8339","ἀνάγκη","FALSE"
"8340","καὶ","TRUE"
"8341","ἐν","TRUE"
"8342","ἑνί","FALSE"
"8343","·","FALSE"
"8344","ἔν","TRUE"
"8345","τινι","TRUE"
"8346","γὰρ","TRUE"
"8347","ἑνὶ","FALSE"
"8348","μὴ","TRUE"
"8349","ὂν","TRUE"
"8350","οὐκ","TRUE"
"8351","ἂν","TRUE"
"8352","ἔτι","TRUE"
"8353","που","FALSE"
"8354","δύναιτο","FALSE"
"8355","ἔν","TRUE"
"8356","γε","TRUE"
"8357","ἅπασιν","FALSE"
"8358","εἶναι","TRUE"
"8359","·","FALSE"
"8360","εἰ","TRUE"
"8361","δὲ","TRUE"
"8362","τοῦτο","TRUE"
"8363","μὲν","TRUE"
"8364","τὸ","TRUE"
"8365","ἓν","FALSE"
"8366","τῶν","TRUE"
"8367","ἁπάντων","FALSE"
"8368","ἐστί","TRUE"
"8369",",","FALSE"
"8370","τὸ","TRUE"
"8371","δὲ","TRUE"
"8372","ὅλον","FALSE"
"8373","ἐν","TRUE"
"8374","τούτῳ","TRUE"
"8375","μὴ","TRUE"
"8376","ἔνι","TRUE"
"8377",",","FALSE"
"8378","πῶς","FALSE"
"8379","ἔτι","TRUE"
"8380","ἔν","TRUE"
"8381","γε","TRUE"
"8382","τοῖς","TRUE"
"8383","πᾶσιν","FALSE"
"8384","ἐνέσται","FALSE"
"8385",";","FALSE"
"8386","οὐδαμῶς","FALSE"
"8387",".","FALSE"
"8388","οὐδὲ","TRUE"
"8389","μὴν","FALSE"
"8390","ἐν","TRUE"
"8391","τισὶ","TRUE"
"8392","τῶν","TRUE"
"8393","μερῶν","FALSE"
"8394","·","FALSE"
"8395","εἰ","TRUE"
"8396","γὰρ","TRUE"
"8397","ἐν","TRUE"
"8398","τισὶ","TRUE"
"8399","τὸ","TRUE"
"8400","ὅλον","FALSE"
"8401","εἴη","TRUE"
"8402",",","FALSE"
"8403","τὸ","TRUE"
"8404","πλέον","FALSE"
"8405","ἂν","TRUE"
"8406","ἐν","TRUE"
"8407","τῷ","TRUE"
"8408","ἐλάττονι","FALSE"
"8409","εἴη","TRUE"
"8410",",","FALSE"
"8411","ὅ","TRUE"
"8412","ἐστιν","TRUE"
"8413","ἀδύνατον","FALSE"
"8414",".","FALSE"
"8415","ἀδύνατον","FALSE"
"8416","γάρ","TRUE"
"8417",".","FALSE"
"8418","μὴ","TRUE"
"8419","ὂν","TRUE"
"8420","δʼ","FALSE"
"8421","ἐν","TRUE"
"8422","πλέοσιν","FALSE"
"8423","μηδʼ","FALSE"
"8424","ἐν","TRUE"
"8425","ἑνὶ","FALSE"
"8426","μηδʼ","FALSE"
"8427","ἐν","TRUE"
"8428","ἅπασι","FALSE"
"8429","τοῖς","TRUE"
"8430","μέρεσι","FALSE"
"8431","τὸ","TRUE"
"8432","ὅλον","FALSE"
"8433","οὐκ","TRUE"
"8434","ἀνάγκη","FALSE"
"8435","ἐν","TRUE"
"8436","ἑτέρῳ","FALSE"
"8437","τινὶ","TRUE"
"8438","εἶναι","TRUE"
"8439","ἢ","TRUE"
"8440","μηδαμοῦ","FALSE"
"8441","ἔτι","TRUE"
"8442","εἶναι","TRUE"
"8443",";","FALSE"
"8444","ἀνάγκη","FALSE"
"8445",".","FALSE"
"8446","οὐκοῦν","FALSE"
"8447","μηδαμοῦ","FALSE"
"8448","μὲν","TRUE"
"8449","ὂν","TRUE"
"8450","οὐδὲν","TRUE"
"8451","ἂν","TRUE"
"8452","εἴη","TRUE"
"8453",",","FALSE"
"8454","ὅλον","FALSE"
"8455","δὲ","TRUE"
"8456","ὄν","FALSE"
"8457",",","FALSE"
"8458","ἐπειδὴ","FALSE"
"8459","οὐκ","TRUE"
"8460","ἐν","TRUE"
"8461","αὑτῷ","TRUE"
"8462","ἐστιν","TRUE"
"8463",",","FALSE"
"8464","ἀνάγκη","FALSE"
"8465","ἐν","TRUE"
"8466","ἄλλῳ","TRUE"
"8467","εἶναι","TRUE"
"8468",";","FALSE"
"8469","πάνυ","FALSE"
"8470","γε","TRUE"
"8471",".","FALSE"
"8472","ἧι","FALSE"
"8473","μὲν","TRUE"
"8474","ἄρα","TRUE"
"8475","τὸ","TRUE"
"8476","ἓν","FALSE"
"8477","ὅλον","FALSE"
"8478",",","FALSE"
"8479","ἐν","TRUE"
"8480","ἄλλῳ","TRUE"
"8481","ἐστίν","TRUE"
"8482","·","FALSE"
"8483","ᾗ","TRUE"
"8484","δὲ","TRUE"
"8485","τὰ","TRUE"
"8486","πάντα","FALSE"
"8487","μέρη","FALSE"
"8488","ὄντα","TRUE"
"8489","τυγχάνει","FALSE"
"8490",",","FALSE"
"8491","αὐτὸ","TRUE"
"8492","ἐν","TRUE"
"8493","ἑαυτῷ","TRUE"
"8494","·","FALSE"
"8495","καὶ","TRUE"
"8496","οὕτω","TRUE"
"8497","τὸ","TRUE"
"8498","ἓν","FALSE"
"8499","ἀνάγκη","FALSE"
"8500","αὐτό","TRUE"
"8501","τε","TRUE"
"8502","ἐν","TRUE"
"8503","ἑαυτῷ","TRUE"
"8504","εἶναι","TRUE"
"8505","καὶ","TRUE"
"8506","ἐν","TRUE"
"8507","ἑτέρῳ","FALSE"
"8508",".","FALSE"
"8509","ἀνάγκη","FALSE"
"8510",".","FALSE"
"8511","οὕτω","TRUE"
"8512","δὴ","TRUE"
"8513","πεφυκὸς","FALSE"
"8514","τὸ","TRUE"
"8515","ἓν","FALSE"
"8516","ἆρʼ","FALSE"
"8517","οὐκ","TRUE"
"8518","ἀνάγκη","FALSE"
"8519","καὶ","TRUE"
"8520","κινεῖσθαι","FALSE"
"8521","καὶ","TRUE"
"8522","ἑστάναι","FALSE"
"8523",";","FALSE"
"8524","πῇ","FALSE"
"8525",";","FALSE"
"8526","ἕστηκε","FALSE"
"8527","μέν","TRUE"
"8528","που","FALSE"
"8529",",","FALSE"
"8530","εἴπερ","FALSE"
"8531","αὐτὸ","TRUE"
"8532","ἐν","TRUE"
"8533","ἑαυτῷ","TRUE"
"8534","ἐστιν","TRUE"
"8535","·","FALSE"
"8536","ἐν","TRUE"
"8537","γὰρ","TRUE"
"8538","ἑνὶ","FALSE"
"8539","ὂν","TRUE"
"8540","καὶ","TRUE"
"8541","ἐκ","TRUE"
"8542","τούτου","TRUE"
"8543","μὴ","TRUE"
"8544","μεταβαῖνον","FALSE"
"8545","ἐν","TRUE"
"8546","τῷ","TRUE"
"8547","αὐτῷ","TRUE"
"8548","ἂν","TRUE"
"8549","εἴη","TRUE"
"8550",",","FALSE"
"8551","ἐν","TRUE"
"8552","ἑαυτῷ","TRUE"
"8553",".","FALSE"
"8554","ἔστι","TRUE"
"8555","γάρ","TRUE"
"8556",".","FALSE"
"8557","τὸ","TRUE"
"8558","δέ","TRUE"
"8559","γε","TRUE"
"8560","ἐν","TRUE"
"8561","τῷ","TRUE"
"8562","αὐτῷ","TRUE"
"8563","ἀεὶ","FALSE"
"8564","ὂν","TRUE"
"8565","ἑστὸς","FALSE"
"8566","δήπου","FALSE"
"8567","ἀνάγκη","FALSE"
"8568","ἀεὶ","FALSE"
"8569","εἶναι","TRUE"
"8570",".","FALSE"
"8571","πάνυ","FALSE"
"8572","γε","TRUE"
"8573",".","FALSE"
"8574","τί","TRUE"
"8575","δέ","TRUE"
"8576",";","FALSE"
"8577","τὸ","TRUE"
"8578","ἐν","TRUE"
"8579","ἑτέρῳ","FALSE"
"8580","ἀεὶ","FALSE"
"8581","ὂν","TRUE"
"8582","οὐ","TRUE"
"8583","τὸ","TRUE"
"8584","ἐναντίον","FALSE"
"8585","ἀνάγκη","FALSE"
"8586","μηδέποτʼ","FALSE"
"8587","ἐν","TRUE"
"8588","ταὐτῷ","FALSE"
"8589","εἶναι","TRUE"
"8590",",","FALSE"
"8591","μηδέποτε","FALSE"
"8592","δὲ","TRUE"
"8593","ὂν","TRUE"
"8594","ἐν","TRUE"
"8595","τῷ","TRUE"
"8596","αὐτῷ","TRUE"
"8597","μηδὲ","FALSE"
"8598","ἑστάναι","FALSE"
"8599",",","FALSE"
"8600","μὴ","TRUE"
"8601","ἑστὸς","FALSE"
"8602","δὲ","TRUE"
"8603","κινεῖσθαι","FALSE"
"8604",";","FALSE"
"8605","οὕτως","TRUE"
"8606",".","FALSE"
"8607","ἀνάγκη","FALSE"
"8608","ἄρα","TRUE"
"8609","τὸ","TRUE"
"8610","ἕν","FALSE"
"8611",",","FALSE"
"8612","αὐτό","TRUE"
"8613","τε","TRUE"
"8614","ἐν","TRUE"
"8615","ἑαυτῷ","TRUE"
"8616","ἀεὶ","FALSE"
"8617","ὂν","TRUE"
"8618","καὶ","TRUE"
"8619","ἐν","TRUE"
"8620","ἑτέρῳ","FALSE"
"8621",",","FALSE"
"8622","ἀεὶ","FALSE"
"8623","κινεῖσθαί","FALSE"
"8624","τε","TRUE"
"8625","καὶ","TRUE"
"8626","ἑστάναι","FALSE"
"8627",".","FALSE"
"8628","φαίνεται","FALSE"
"8629",".","FALSE"
"8630","καὶ","TRUE"
"8631","μὴν","FALSE"
"8632","ταὐτόν","FALSE"
"8633","γε","TRUE"
"8634","δεῖ","FALSE"
"8635","εἶναι","TRUE"
"8636","αὐτὸ","TRUE"
"8637","ἑαυτῷ","TRUE"
"8638","καὶ","TRUE"
"8639","ἕτερον","FALSE"
"8640","ἑαυτοῦ","TRUE"
"8641",",","FALSE"
"8642","καὶ","TRUE"
"8643","τοῖς","TRUE"
"8644","ἄλλοις","TRUE"
"8645","ὡσαύτως","FALSE"
"8646","ταὐτόν","FALSE"
"8647","τε","TRUE"
"8648","καὶ","TRUE"
"8649","ἕτερον","FALSE"
"8650","εἶναι","TRUE"
"8651",",","FALSE"
"8652","εἴπερ","FALSE"
"8653","καὶ","TRUE"
"8654","τὰ","TRUE"
"8655","πρόσθεν","FALSE"
"8656","πέπονθεν","FALSE"
"8657",".","FALSE"
"8658","πῶς","FALSE"
"8659",";","FALSE"
"8660","πᾶν","FALSE"
"8661","που","FALSE"
"8662","πρὸς","TRUE"
"8663","ἅπαν","FALSE"
"8664","ὧδε","FALSE"
"8665","ἔχει","FALSE"
"8666",",","FALSE"
"8667","ἢ","TRUE"
"8668","ταὐτόν","FALSE"
"8669","ἐστιν","TRUE"
"8670","ἢ","TRUE"
"8671","ἕτερον","FALSE"
"8672","·","FALSE"
"8673","ἢ","TRUE"
"8674","ἐὰν","TRUE"
"8675","μὴ","TRUE"
"8676","ταὐτὸν","TRUE"
"8677","ᾖ","TRUE"
"8678","μηδʼ","FALSE"
"8679","ἕτερον","FALSE"
"8680",",","FALSE"
"8681","μέρος","FALSE"
"8682","ἂν","TRUE"
"8683","εἴη","TRUE"
"8684","τούτου","TRUE"
"8685","πρὸς","TRUE"
"8686","ὃ","TRUE"
"8687","οὕτως","TRUE"
"8688","ἔχει","FALSE"
"8689",",","FALSE"
"8690","ἢ","TRUE"
"8691","ὡς","TRUE"
"8692","πρὸς","TRUE"
"8693","μέρος","FALSE"
"8694","ὅλον","FALSE"
"8695","ἂν","TRUE"
"8696","εἴη","TRUE"
"8697",".","FALSE"
"8698","φαίνεται","FALSE"
"8699",".","FALSE"
"8700","ἆρʼ","FALSE"
"8701","οὖν","TRUE"
"8702","τὸ","TRUE"
"8703","ἓν","FALSE"
"8704","αὐτὸ","TRUE"
"8705","αὑτοῦ","TRUE"
"8706","μέρος","FALSE"
"8707","ἐστίν","TRUE"
"8708",";","FALSE"
"8709","οὐδαμῶς","FALSE"
"8710",".","FALSE"
"8711","οὐδʼ","FALSE"
"8712","ἄρα","TRUE"
"8713","ὡς","TRUE"
"8714","πρὸς","TRUE"
"8715","μέρος","FALSE"
"8716","αὐτὸ","TRUE"
"8717","αὑτοῦ","TRUE"
"8718","ὅλον","FALSE"
"8719","ἂν","TRUE"
"8720","εἴη","TRUE"
"8721",",","FALSE"
"8722","πρὸς","TRUE"
"8723","ἑαυτὸ","FALSE"
"8724","μέρος","FALSE"
"8725","ὄν","FALSE"
"8726",".","FALSE"
"8727","οὐ","TRUE"
"8728","γὰρ","TRUE"
"8729","οἷόν","FALSE"
"8730","τε","TRUE"
"8731",".","FALSE"
"8732","ἀλλʼ","FALSE"
"8733","ἆρα","FALSE"
"8734","ἕτερόν","FALSE"
"8735","ἐστιν","TRUE"
"8736","ἑνὸς","FALSE"
"8737","τὸ","TRUE"
"8738","ἕν","FALSE"
"8739",";","FALSE"
"8740","οὐ","TRUE"
"8741","δῆτα","FALSE"
"8742",".","FALSE"
"8743","οὐδʼ","FALSE"
"8744","ἄρα","TRUE"
"8745","ἑαυτοῦ","TRUE"
"8746","γε","TRUE"
"8747","ἕτερον","FALSE"
"8748","ἂν","TRUE"
"8749","εἴη","TRUE"
"8750",".","FALSE"
"8751","οὐ","TRUE"
"8752","μέντοι","FALSE"
"8753",".","FALSE"
"8754","εἰ","TRUE"
"8755","οὖν","TRUE"
"8756","μήτε","FALSE"
"8757","ἕτερον","FALSE"
"8758","μήτε","FALSE"
"8759","ὅλον","FALSE"
"8760","μήτε","FALSE"
"8761","μέρος","FALSE"
"8762","αὐτὸ","TRUE"
"8763","πρὸς","TRUE"
"8764","ἑαυτό","FALSE"
"8765","ἐστιν","TRUE"
"8766",",","FALSE"
"8767","οὐκ","TRUE"
"8768","ἀνάγκη","FALSE"
"8769","ἤδη","FALSE"
"8770","ταὐτὸν","TRUE"
"8771","εἶναι","TRUE"
"8772","αὐτὸ","TRUE"
"8773","ἑαυτῷ","TRUE"
"8774",";","FALSE"
"8775","ἀνάγκη","FALSE"
"8776",".","FALSE"
"8777","τί","TRUE"
"8778","δέ","TRUE"
"8779",";","FALSE"
"8780","τὸ","TRUE"
"8781","ἑτέρωθι","FALSE"
"8782","ὂν","TRUE"
"8783","αὐτὸ","TRUE"
"8784","ἑαυτοῦ","TRUE"
"8785","ἐν","TRUE"
"8786","τῷ","TRUE"
"8787","αὐτῷ","TRUE"
"8788","ὄντος","TRUE"
"8789","ἑαυτῷ","TRUE"
"8790","οὐκ","TRUE"
"8791","ἀνάγκη","FALSE"
"8792","αὐτὸ","TRUE"
"8793","ἑαυτοῦ","TRUE"
"8794","ἕτερον","FALSE"
"8795","εἶναι","TRUE"
"8796",",","FALSE"
"8797","εἴπερ","FALSE"
"8798","καὶ","TRUE"
"8799","ἑτέρωθι","FALSE"
"8800","ἔσται","TRUE"
"8801",";","FALSE"
"8802","ἔμοιγε","TRUE"
"8803","δοκεῖ","FALSE"
"8804",".","FALSE"
"8805","οὕτω","TRUE"
"8806","μὴν","FALSE"
"8807","ἐφάνη","FALSE"
"8808","ἔχον","FALSE"
"8809","τὸ","TRUE"
"8810","ἕν","FALSE"
"8811",",","FALSE"
"8812","αὐτό","TRUE"
"8813","τε","TRUE"
"8814","ἐν","TRUE"
"8815","ἑαυτῷ","TRUE"
"8816","ὂν","TRUE"
"8817","ἅμα","FALSE"
"8818","καὶ","TRUE"
"8819","ἐν","TRUE"
"8820","ἑτέρῳ","FALSE"
"8821",".","FALSE"
"8822","ἐφάνη","FALSE"
"8823","γάρ","TRUE"
"8824",".","FALSE"
"8825","ἕτερον","FALSE"
"8826","ἄρα","TRUE"
"8827",",","FALSE"
"8828","ὡς","TRUE"
"8829","ἔοικεν","FALSE"
"8830",",","FALSE"
"8831","εἴη","TRUE"
"8832","ταύτῃ","TRUE"
"8833","ἂν","TRUE"
"8834","ἑαυτοῦ","TRUE"
"8835","τὸ","TRUE"
"8836","ἕν","FALSE"
"8837",".","FALSE"
"8838","ἔοικεν","FALSE"
"8839",".","FALSE"
"8840","τί","TRUE"
"8841","οὖν","TRUE"
"8842",";","FALSE"
"8843","εἴ","TRUE"
"8844","τού","FALSE"
"8845","τι","TRUE"
"8846","ἕτερόν","FALSE"
"8847","ἐστιν","TRUE"
"8848",",","FALSE"
"8849","οὐχ","TRUE"
"8850","ἑτέρου","FALSE"
"8851","ὄντος","TRUE"
"8852","ἕτερον","FALSE"
"8853","ἔσται","TRUE"
"8854",";","FALSE"
"8855","ἀνάγκη","FALSE"
"8856",".","FALSE"
"8857","οὐκοῦν","FALSE"
"8858","ὅσα","FALSE"
"8859","μὴ","TRUE"
"8860","ἕν","FALSE"
"8861","ἐστιν","TRUE"
"8862",",","FALSE"
"8863","ἅπανθʼ","FALSE"
"8864","ἕτερα","FALSE"
"8865","τοῦ","TRUE"
"8866","ἑνός","FALSE"
"8867",",","FALSE"
"8868","καὶ","TRUE"
"8869","τὸ","TRUE"
"8870","ἓν","FALSE"
"8871","τῶν","TRUE"
"8872","μὴ","TRUE"
"8873","ἕν","FALSE"
"8874",";","FALSE"
"8875","πῶς","FALSE"
"8876","δʼ","FALSE"
"8877","οὔ","TRUE"
"8878",";","FALSE"
"8879","ἕτερον","FALSE"
"8880","ἄρα","TRUE"
"8881","ἂν","TRUE"
"8882","εἴη","TRUE"
"8883","τὸ","TRUE"
"8884","ἓν","FALSE"
"8885","τῶν","TRUE"
"8886","ἄλλων","TRUE"
"8887",".","FALSE"
"8888","ἕτερον","FALSE"
"8889",".","FALSE"
"8890","ὅρα","FALSE"
"8891","δή","TRUE"
"8892","·","FALSE"
"8893","αὐτό","TRUE"
"8894","τε","TRUE"
"8895","ταὐτὸν","TRUE"
"8896","καὶ","TRUE"
"8897","τὸ","TRUE"
"8898","ἕτερον","FALSE"
"8899","ἆρʼ","FALSE"
"8900","οὐκ","TRUE"
"8901","ἐναντία","FALSE"
"8902","ἀλλήλοις","FALSE"
"8903",";","FALSE"
"8904","πῶς","FALSE"
"8905","δʼ","FALSE"
"8906","οὔ","TRUE"
"8907",";","FALSE"
"8908","ἦ","TRUE"
"8909","οὖν","TRUE"
"8910","ἐθελήσει","FALSE"
"8911","ταὐτὸν","TRUE"
"8912","ἐν","TRUE"
"8913","τῷ","TRUE"
"8914","ἑτέρῳ","FALSE"
"8915","ἢ","TRUE"
"8916","τὸ","TRUE"
"8917","ἕτερον","FALSE"
"8918","ἐν","TRUE"
"8919","ταὐτῷ","FALSE"
"8920","ποτε","FALSE"
"8921","εἶναι","TRUE"
"8922",";","FALSE"
"8923","οὐκ","TRUE"
"8924","ἐθελήσει","FALSE"
"8925",".","FALSE"
"8926","εἰ","TRUE"
"8927","ἄρα","TRUE"
"8928","τὸ","TRUE"
"8929","ἕτερον","FALSE"
"8930","ἐν","TRUE"
"8931","τῷ","TRUE"
"8932","αὐτῷ","TRUE"
"8933","μηδέποτε","FALSE"
"8934","ἔσται","TRUE"
"8935",",","FALSE"
"8936","οὐδὲν","TRUE"
"8937","ἔστι","TRUE"
"8938","τῶν","TRUE"
"8939","ὄντων","TRUE"
"8940","ἐν","TRUE"
"8941","ᾧ","TRUE"
"8942","ἐστὶν","TRUE"
"8943","τὸ","TRUE"
"8944","ἕτερον","FALSE"
"8945","χρόνον","FALSE"
"8946","οὐδένα","TRUE"
"8947","·","FALSE"
"8948","εἰ","TRUE"
"8949","γὰρ","TRUE"
"8950","ὁντινοῦν","FALSE"
"8951","εἴη","TRUE"
"8952","ἔν","TRUE"
"8953","τῳ","TRUE"
"8954",",","FALSE"
"8955","ἐκεῖνον","FALSE"
"8956","ἂν","TRUE"
"8957","τὸν","TRUE"
"8958","χρόνον","FALSE"
"8959","ἐν","TRUE"
"8960","ταὐτῷ","FALSE"
"8961","εἴη","TRUE"
"8962","τὸ","TRUE"
"8963","ἕτερον","FALSE"
"8964",".","FALSE"
"8965","οὐχ","TRUE"
"8966","οὕτως","TRUE"
"8967",";","FALSE"
"8968","οὕτως","TRUE"
"8969",".","FALSE"
"8970","ἐπειδὴ","FALSE"
"8971","δʼ","FALSE"
"8972","οὐδέποτε","FALSE"
"8973","ἐν","TRUE"
"8974","τῷ","TRUE"
"8975","αὐτῷ","TRUE"
"8976","ἐστιν","TRUE"
"8977",",","FALSE"
"8978","οὐδέποτε","FALSE"
"8979","ἔν","TRUE"
"8980","τινι","TRUE"
"8981","τῶν","TRUE"
"8982","ὄντων","TRUE"
"8983","ἂν","TRUE"
"8984","εἴη","TRUE"
"8985","τὸ","TRUE"
"8986","ἕτερον","FALSE"
"8987",".","FALSE"
"8988","ἀληθῆ","FALSE"
"8989",".","FALSE"
"8990","οὔτʼ","FALSE"
"8991","ἄρα","TRUE"
"8992","ἐν","TRUE"
"8993","τοῖς","TRUE"
"8994","μὴ","TRUE"
"8995","ἓν","FALSE"
"8996","οὔτε","TRUE"
"8997","ἐν","TRUE"
"8998","τῷ","TRUE"
"8999","ἑνὶ","FALSE"
"9000","ἐνείη","FALSE"
"9001","ἂν","TRUE"
"9002","τὸ","TRUE"
"9003","ἕτερον","FALSE"
"9004",".","FALSE"
"9005","οὐ","TRUE"
"9006","γὰρ","TRUE"
"9007","οὖν","TRUE"
"9008",".","FALSE"
"9009","οὐκ","TRUE"
"9010","ἄρα","TRUE"
"9011","τῷ","TRUE"
"9012","ἑτέρῳ","FALSE"
"9013","γʼ","FALSE"
"9014","ἂν","TRUE"
"9015","εἴη","TRUE"
"9016","τὸ","TRUE"
"9017","ἓν","FALSE"
"9018","τῶν","TRUE"
"9019","μὴ","TRUE"
"9020","ἓν","FALSE"
"9021","οὐδὲ","TRUE"
"9022","τὰ","TRUE"
"9023","μὴ","TRUE"
"9024","ἓν","FALSE"
"9025","τοῦ","TRUE"
"9026","ἑνὸς","FALSE"
"9027","ἕτερα","FALSE"
"9028",".","FALSE"
"9029","οὐ","TRUE"
"9030","γάρ","TRUE"
"9031",".","FALSE"
"9032","οὐδὲ","TRUE"
"9033","μὴν","FALSE"
"9034","ἑαυτοῖς","TRUE"
"9035","γε","TRUE"
"9036","ἕτερʼ","FALSE"
"9037","ἂν","TRUE"
"9038","εἴη","TRUE"
"9039","ἀλλήλων","FALSE"
"9040",",","FALSE"
"9041","μὴ","TRUE"
"9042","μετέχοντα","FALSE"
"9043","τοῦ","TRUE"
"9044","ἑτέρου","FALSE"
"9045",".","FALSE"
"9046","πῶς","FALSE"
"9047","γάρ","TRUE"
"9048",";","FALSE"
"9049","εἰ","TRUE"
"9050","δὲ","TRUE"
"9051","μήτε","FALSE"
"9052","αὑτοῖς","TRUE"
"9053","ἕτερά","FALSE"
"9054","ἐστι","TRUE"
"9055","μήτε","FALSE"
"9056","τῷ","TRUE"
"9057","ἑτέρῳ","FALSE"
"9058",",","FALSE"
"9059","οὐ","TRUE"
"9060","πάντῃ","FALSE"
"9061","ἤδη","FALSE"
"9062","ἂν","TRUE"
"9063","ἐκφεύγοι","FALSE"
"9064","τὸ","TRUE"
"9065","μὴ","TRUE"
"9066","ἕτερα","FALSE"
"9067","εἶναι","TRUE"
"9068","ἀλλήλων","FALSE"
"9069",";","FALSE"
"9070","ἐκφεύγοι","FALSE"
"9071",".","FALSE"
"9072","ἀλλὰ","TRUE"
"9073","μὴν","FALSE"
"9074","οὐδὲ","TRUE"
"9075","τοῦ","TRUE"
"9076","ἑνός","FALSE"
"9077","γε","TRUE"
"9078","μετέχει","FALSE"
"9079","τὰ","TRUE"
"9080","μὴ","TRUE"
"9081","ἕν","FALSE"
"9082","·","FALSE"
"9083","οὐ","TRUE"
"9084","γὰρ","TRUE"
"9085","ἂν","TRUE"
"9086","μὴ","TRUE"
"9087","ἓν","FALSE"
"9088","ἦν","TRUE"
"9089",",","FALSE"
"9090","ἀλλά","TRUE"
"9091","πῃ","FALSE"
"9092","ἂν","TRUE"
"9093","ἓν","FALSE"
"9094","ἦν","TRUE"
"9095",".","FALSE"
"9096","ἀληθῆ","FALSE"
"9097",".","FALSE"
"9098","οὐδʼ","FALSE"
"9099","ἂν","TRUE"
"9100","ἀριθμὸς","FALSE"
"9101","εἴη","TRUE"
"9102","ἄρα","TRUE"
"9103","τὰ","TRUE"
"9104","μὴ","TRUE"
"9105","ἕν","FALSE"
"9106","·","FALSE"
"9107","οὐδὲ","TRUE"
"9108","γὰρ","TRUE"
"9109","ἂν","TRUE"
"9110","οὕτω","TRUE"
"9111","μὴ","TRUE"
"9112","ἓν","FALSE"
"9113","ἦν","TRUE"
"9114","παντάπασιν","FALSE"
"9115",",","FALSE"
"9116","ἀριθμόν","FALSE"
"9117","γε","TRUE"
"9118","ἔχοντα","FALSE"
"9119",".","FALSE"
"9120","οὐ","TRUE"
"9121","γὰρ","TRUE"
"9122","οὖν","TRUE"
"9123",".","FALSE"
"9124","τί","TRUE"
"9125","δέ","TRUE"
"9126",";","FALSE"
"9127","τὰ","TRUE"
"9128","μὴ","TRUE"
"9129","ἓν","FALSE"
"9130","τοῦ","TRUE"
"9131","ἑνὸς","FALSE"
"9132","ἆρα","FALSE"
"9133","μόριά","FALSE"
"9134","ἐστιν","TRUE"
"9135",";","FALSE"
"9136","ἢ","TRUE"
"9137","κἂν","TRUE"
"9138","οὕτω","TRUE"
"9139","μετεῖχε","FALSE"
"9140","τοῦ","TRUE"
"9141","ἑνὸς","FALSE"
"9142","τὰ","TRUE"
"9143","μὴ","TRUE"
"9144","ἕν","FALSE"
"9145",";","FALSE"
"9146","μετεῖχεν","FALSE"
"9147",".","FALSE"
"9148","εἰ","TRUE"
"9149","ἄρα","TRUE"
"9150","πάντῃ","FALSE"
"9151","τὸ","TRUE"
"9152","μὲν","TRUE"
"9153","ἕν","FALSE"
"9154","ἐστι","TRUE"
"9155",",","FALSE"
"9156","τὰ","TRUE"
"9157","δὲ","TRUE"
"9158","μὴ","TRUE"
"9159","ἕν","FALSE"
"9160",",","FALSE"
"9161","οὔτʼ","FALSE"
"9162","ἂν","TRUE"
"9163","μόριον","FALSE"
"9164","τῶν","TRUE"
"9165","μὴ","TRUE"
"9166","ἓν","FALSE"
"9167","τὸ","TRUE"
"9168","ἓν","FALSE"
"9169","εἴη","TRUE"
"9170","οὔτε","TRUE"
"9171","ὅλον","FALSE"
"9172","ὡς","TRUE"
"9173","μορίων","FALSE"
"9174","·","FALSE"
"9175","οὔτε","TRUE"
"9176","αὖ","FALSE"
"9177","τὰ","TRUE"
"9178","μὴ","TRUE"
"9179","ἓν","FALSE"
"9180","τοῦ","TRUE"
"9181","ἑνὸς","FALSE"
"9182","μόρια","FALSE"
"9183",",","FALSE"
"9184","οὔτε","TRUE"
"9185","ὅλα","FALSE"
"9186","ὡς","TRUE"
"9187","μορίῳ","FALSE"
"9188","τῷ","TRUE"
"9189","ἑνί","FALSE"
"9190",".","FALSE"
"9191","οὐ","TRUE"
"9192","γάρ","TRUE"
"9193",".","FALSE"
"9194","ἀλλὰ","TRUE"
"9195","μὴν","FALSE"
"9196","ἔφαμεν","FALSE"
"9197","τὰ","TRUE"
"9198","μήτε","FALSE"
"9199","μόρια","FALSE"
"9200","μήτε","FALSE"
"9201","ὅλα","FALSE"
"9202","μήτε","FALSE"
"9203","ἕτερα","FALSE"
"9204","ἀλλήλων","FALSE"
"9205","ταὐτὰ","TRUE"
"9206","ἔσεσθαι","TRUE"
"9207","ἀλλήλοις","FALSE"
"9208",".","FALSE"
"9209","ἔφαμεν","FALSE"
"9210","γάρ","TRUE"
"9211",".","FALSE"
"9212","φῶμεν","FALSE"
"9213","ἄρα","TRUE"
"9214","καὶ","TRUE"
"9215","τὸ","TRUE"
"9216","ἓν","FALSE"
"9217","πρὸς","TRUE"
"9218","τὰ","TRUE"
"9219","μὴ","TRUE"
"9220","ἓν","FALSE"
"9221","οὕτως","TRUE"
"9222","ἔχον","FALSE"
"9223","τὸ","TRUE"
"9224","αὐτὸ","TRUE"
"9225","εἶναι","TRUE"
"9226","αὐτοῖς","TRUE"
"9227",";","FALSE"
"9228","φῶμεν","FALSE"
"9229",".","FALSE"
"9230","τὸ","TRUE"
"9231","ἓν","FALSE"
"9232","ἄρα","TRUE"
"9233",",","FALSE"
"9234","ὡς","TRUE"
"9235","ἔοικεν","FALSE"
"9236",",","FALSE"
"9237","ἕτερόν","FALSE"
"9238","τε","TRUE"
"9239","τῶν","TRUE"
"9240","ἄλλων","TRUE"
"9241","ἐστὶν","TRUE"
"9242","καὶ","TRUE"
"9243","ἑαυτοῦ","TRUE"
"9244","καὶ","TRUE"
"9245","ταὐτὸν","TRUE"
"9246","ἐκείνοις","FALSE"
"9247","τε","TRUE"
"9248","καὶ","TRUE"
"9249","ἑαυτῷ","TRUE"
"9250",".","FALSE"
"9251","κινδυνεύει","FALSE"
"9252","φαίνεσθαι","FALSE"
"9253","ἐκ","TRUE"
"9254","γε","TRUE"
"9255","τοῦ","TRUE"
"9256","λόγου","FALSE"
"9257",".","FALSE"
"9258","ἆρʼ","FALSE"
"9259","οὖν","TRUE"
"9260","καὶ","TRUE"
"9261","ὅμοιόν","FALSE"
"9262","τε","TRUE"
"9263","καὶ","TRUE"
"9264","ἀνόμοιον","FALSE"
"9265","ἑαυτῷ","TRUE"
"9266","τε","TRUE"
"9267","καὶ","TRUE"
"9268","τοῖς","TRUE"
"9269","ἄλλοις","TRUE"
"9270",";","FALSE"
"9271","ἴσως","FALSE"
"9272",".","FALSE"
"9273","ἐπειδὴ","FALSE"
"9274","γοῦν","FALSE"
"9275","ἕτερον","FALSE"
"9276","τῶν","TRUE"
"9277","ἄλλων","TRUE"
"9278","ἐφάνη","FALSE"
"9279",",","FALSE"
"9280","καὶ","TRUE"
"9281","τἆλλά","FALSE"
"9282","που","FALSE"
"9283","ἕτερα","FALSE"
"9284","ἂν","TRUE"
"9285","ἐκείνου","FALSE"
"9286","εἴη","TRUE"
"9287",".","FALSE"
"9288","τί","TRUE"
"9289","μήν","FALSE"
"9290",";","FALSE"
"9291","οὐκοῦν","FALSE"
"9292","οὕτως","TRUE"
"9293","ἕτερον","FALSE"
"9294","τῶν","TRUE"
"9295","ἄλλων","TRUE"
"9296",",","FALSE"
"9297","ὥσπερ","FALSE"
"9298","καὶ","TRUE"
"9299","τἆ","FALSE"
"9300","λλα","FALSE"
"9301","ἐκείνου","FALSE"
"9302",",","FALSE"
"9303","καὶ","TRUE"
"9304","οὔτε","TRUE"
"9305","μᾶλλον","FALSE"
"9306","οὔτε","TRUE"
"9307","ἧττον","FALSE"
"9308",";","FALSE"
"9309","τί","TRUE"
"9310","γὰρ","TRUE"
"9311","ἄν","TRUE"
"9312",";","FALSE"
"9313","εἰ","TRUE"
"9314","ἄρα","TRUE"
"9315","μήτε","FALSE"
"9316","μᾶλλον","FALSE"
"9317","μήτε","FALSE"
"9318","ἧττον","FALSE"
"9319",",","FALSE"
"9320","ὁμοίως","FALSE"
"9321",".","FALSE"
"9322","ναί","FALSE"
"9323",".","FALSE"
"9324","οὐκοῦν","FALSE"
"9325","ᾗ","TRUE"
"9326","ἕτερον","FALSE"
"9327","εἶναι","TRUE"
"9328","πέπονθεν","FALSE"
"9329","τῶν","TRUE"
"9330","ἄλλων","TRUE"
"9331","καὶ","TRUE"
"9332","τἆ","FALSE"
"9333","λλα","FALSE"
"9334","ἐκείνου","FALSE"
"9335","ὡσαύτως","FALSE"
"9336",",","FALSE"
"9337","ταύτῃ","TRUE"
"9338","ταὐτὸν","TRUE"
"9339","ἂν","TRUE"
"9340","πεπονθότα","FALSE"
"9341","εἶεν","TRUE"
"9342","τό","TRUE"
"9343","τε","TRUE"
"9344","ἓν","FALSE"
"9345","τοῖς","TRUE"
"9346","ἄλλοις","TRUE"
"9347","καὶ","TRUE"
"9348","τἆ","FALSE"
"9349","λλα","FALSE"
"9350","τῷ","TRUE"
"9351","ἑνί","FALSE"
"9352",".","FALSE"
"9353","πῶς","FALSE"
"9354","λέγεις","FALSE"
"9355",";","FALSE"
"9356","ὧδε","FALSE"
"9357","·","FALSE"
"9358","ἕκαστον","FALSE"
"9359","τῶν","TRUE"
"9360","ὀνομάτων","FALSE"
"9361","οὐκ","TRUE"
"9362","ἐπί","TRUE"
"9363","τινι","TRUE"
"9364","καλεῖς","FALSE"
"9365",";","FALSE"
"9366","ἔγωγε","TRUE"
"9367",".","FALSE"
"9368","τί","TRUE"
"9369","οὖν","TRUE"
"9370",";","FALSE"
"9371","τὸ","TRUE"
"9372","αὐτὸ","TRUE"
"9373","ὄνομα","FALSE"
"9374","εἴποις","FALSE"
"9375","ἂν","TRUE"
"9376","πλεονάκις","FALSE"
"9377","ἢ","TRUE"
"9378","ἅπαξ","FALSE"
"9379",";","FALSE"
"9380","ἔγωγε","TRUE"
"9381",".","FALSE"
"9382","πότερον","FALSE"
"9383","οὖν","TRUE"
"9384","ἐὰν","TRUE"
"9385","μὲν","TRUE"
"9386","ἅπαξ","FALSE"
"9387","εἴπῃς","FALSE"
"9388",",","FALSE"
"9389","ἐκεῖνο","FALSE"
"9390","προσαγορεύεις","FALSE"
"9391","οὗπέρ","FALSE"
"9392","ἐστι","TRUE"
"9393","τοὔ","FALSE"
"9394","νομα","FALSE"
"9395",",","FALSE"
"9396","ἐὰν","TRUE"
"9397","δὲ","TRUE"
"9398","πολλάκις","FALSE"
"9399",",","FALSE"
"9400","οὐκ","TRUE"
"9401","ἐκεῖνο","FALSE"
"9402",";","FALSE"
"9403","ἢ","TRUE"
"9404","ἐάντε","FALSE"
"9405","ἅπαξ","FALSE"
"9406","ἐάντε","FALSE"
"9407","πολλάκις","FALSE"
"9408","ταὐτὸν","TRUE"
"9409","ὄνομα","FALSE"
"9410","φθέγξῃ","FALSE"
"9411",",","FALSE"
"9412","πολλὴ","FALSE"
"9413","ἀνάγκη","FALSE"
"9414","σε","TRUE"
"9415","ταὐτὸν","TRUE"
"9416","καὶ","TRUE"
"9417","λέγειν","FALSE"
"9418","ἀεί","FALSE"
"9419",";","FALSE"
"9420","τί","TRUE"
"9421","μήν","FALSE"
"9422",";","FALSE"
"9423","οὐκοῦν","FALSE"
"9424","καὶ","TRUE"
"9425","τὸ","TRUE"
"9426","ἕτερον","FALSE"
"9427","ὄνομά","FALSE"
"9428","ἐστιν","TRUE"
"9429","ἐπί","TRUE"
"9430","τινι","TRUE"
"9431",";","FALSE"
"9432","πάνυ","FALSE"
"9433","γε","TRUE"
"9434",".","FALSE"
"9435","ὅταν","FALSE"
"9436","ἄρα","TRUE"
"9437","αὐτὸ","TRUE"
"9438","φθέγγῃ","FALSE"
"9439",",","FALSE"
"9440","ἐάντε","FALSE"
"9441","ἅπαξ","FALSE"
"9442","ἐάντε","FALSE"
"9443","πολλάκις","FALSE"
"9444",",","FALSE"
"9445","οὐκ","TRUE"
"9446","ἐπʼ","FALSE"
"9447","ἄλλῳ","TRUE"
"9448","οὐδὲ","TRUE"
"9449","ἄλλο","TRUE"
"9450","τι","TRUE"
"9451","ὀνομάζεις","FALSE"
"9452","ἢ","TRUE"
"9453","ἐκεῖνο","FALSE"
"9454","οὗπερ","FALSE"
"9455","ἦν","TRUE"
"9456","ὄνομα","FALSE"
"9457",".","FALSE"
"9458","ἀνάγκη","FALSE"
"9459",".","FALSE"
"9460","ὅταν","FALSE"
"9461","δὴ","TRUE"
"9462","λέγωμεν","FALSE"
"9463","ὅτι","TRUE"
"9464","ἕτερον","FALSE"
"9465","μὲν","TRUE"
"9466","τἆ","FALSE"
"9467","λλα","FALSE"
"9468","τοῦ","TRUE"
"9469","ἑνός","FALSE"
"9470",",","FALSE"
"9471","ἕτερον","FALSE"
"9472","δὲ","TRUE"
"9473","τὸ","TRUE"
"9474","ἓν","FALSE"
"9475","τῶν","TRUE"
"9476","ἄλλων","TRUE"
"9477",",","FALSE"
"9478","δὶς","FALSE"
"9479","τὸ","TRUE"
"9480","ἕτερον","FALSE"
"9481","εἰπόντες","FALSE"
"9482","οὐδέν","TRUE"
"9483","τι","TRUE"
"9484","μᾶλλον","FALSE"
"9485","ἐπʼ","FALSE"
"9486","ἄλλῃ","TRUE"
"9487",",","FALSE"
"9488","ἀλλʼ","FALSE"
"9489","ἐπʼ","FALSE"
"9490","ἐκείνῃ","FALSE"
"9491","τῇ","TRUE"
"9492","φύσει","FALSE"
"9493","αὐτὸ","TRUE"
"9494","ἀεὶ","FALSE"
"9495","λέγομεν","FALSE"
"9496","ἧσπερ","FALSE"
"9497","ἦν","TRUE"
"9498","τοὔ","FALSE"
"9499","νομα","FALSE"
"9500",".","FALSE"
"9501","πάνυ","FALSE"
"9502","μὲν","TRUE"
"9503","οὖν","TRUE"
"9504",".","FALSE"
"9505","ἧι","FALSE"
"9506","ἄρα","TRUE"
"9507","ἕτερον","FALSE"
"9508","τῶν","TRUE"
"9509","ἄλλων","TRUE"
"9510","τὸ","TRUE"
"9511","ἓν","FALSE"
"9512","καὶ","TRUE"
"9513","τἆ","FALSE"
"9514","λλα","FALSE"
"9515","τοῦ","TRUE"
"9516","ἑνός","FALSE"
"9517",",","FALSE"
"9518","κατʼ","FALSE"
"9519","αὐτὸ","TRUE"
"9520","τὸ","TRUE"
"9521","ἕτερον","FALSE"
"9522","πεπονθέναι","FALSE"
"9523","οὐκ","TRUE"
"9524","ἄλλο","TRUE"
"9525","ἀλλὰ","TRUE"
"9526","τὸ","TRUE"
"9527","αὐτὸ","TRUE"
"9528","ἂν","TRUE"
"9529","πεπονθὸς","FALSE"
"9530","εἴη","TRUE"
"9531","τὸ","TRUE"
"9532","ἓν","FALSE"
"9533","τοῖς","TRUE"
"9534","ἄλλοις","TRUE"
"9535","·","FALSE"
"9536","τὸ","TRUE"
"9537","δέ","TRUE"
"9538","που","FALSE"
"9539","ταὐτὸν","TRUE"
"9540","πεπονθὸς","FALSE"
"9541","ὅμοιον","FALSE"
"9542","·","FALSE"
"9543","οὐχί","TRUE"
"9544",";","FALSE"
"9545","ναί","FALSE"
"9546",".","FALSE"
"9547","ἧι","FALSE"
"9548","δὴ","TRUE"
"9549","τὸ","TRUE"
"9550","ἓν","FALSE"
"9551","ἕτερον","FALSE"
"9552","τῶν","TRUE"
"9553","ἄλλων","TRUE"
"9554","πέπονθεν","FALSE"
"9555","εἶναι","TRUE"
"9556",",","FALSE"
"9557","κατʼ","FALSE"
"9558","αὐτὸ","TRUE"
"9559","τοῦτο","TRUE"
"9560","ἅπαν","FALSE"
"9561","ἅπασιν","FALSE"
"9562","ὅμοιον","FALSE"
"9563","ἂν","TRUE"
"9564","εἴη","TRUE"
"9565","·","FALSE"
"9566","ἅπαν","FALSE"
"9567","γὰρ","TRUE"
"9568","ἁπάντων","FALSE"
"9569","ἕτερόν","FALSE"
"9570","ἐστιν","TRUE"
"9571",".","FALSE"
"9572","ἔοικεν","FALSE"
"9573",".","FALSE"
"9574","ἀλλὰ","TRUE"
"9575","μὴν","FALSE"
"9576","τό","TRUE"
"9577","γε","TRUE"
"9578","ὅμοιον","FALSE"
"9579","τῷ","TRUE"
"9580","ἀνομοίῳ","FALSE"
"9581","ἐναντίον","FALSE"
"9582",".","FALSE"
"9583","ναί","FALSE"
"9584",".","FALSE"
"9585","οὐκοῦν","FALSE"
"9586","καὶ","TRUE"
"9587","τὸ","TRUE"
"9588","ἕτερον","FALSE"
"9589","τῷ","TRUE"
"9590","ταὐτῷ","FALSE"
"9591",".","FALSE"
"9592","καὶ","TRUE"
"9593","τοῦτο","TRUE"
"9594",".","FALSE"
"9595","ἀλλὰ","TRUE"
"9596","μὴν","FALSE"
"9597","καὶ","TRUE"
"9598","τοῦτό","TRUE"
"9599","γʼ","FALSE"
"9600","ἐφάνη","FALSE"
"9601",",","FALSE"
"9602","ὡς","TRUE"
"9603","ἄρα","TRUE"
"9604","τὸ","TRUE"
"9605","ἓν","FALSE"
"9606","τοῖς","TRUE"
"9607","ἄλλοις","TRUE"
"9608","ταὐτόν","FALSE"
"9609",".","FALSE"
"9610","ἐφάνη","FALSE"
"9611","γάρ","TRUE"
"9612",".","FALSE"
"9613","τοὐναντίον","FALSE"
"9614","δέ","TRUE"
"9615","γε","TRUE"
"9616","πάθος","FALSE"
"9617","ἐστὶ","TRUE"
"9618","τὸ","TRUE"
"9619","εἶναι","TRUE"
"9620","ταὐτὸν","TRUE"
"9621","τοῖς","TRUE"
"9622","ἄλλοις","TRUE"
"9623","τῷ","TRUE"
"9624","ἕτερον","FALSE"
"9625","εἶναι","TRUE"
"9626","τῶν","TRUE"
"9627","ἄλλων","TRUE"
"9628",".","FALSE"
"9629","πάνυ","FALSE"
"9630","γε","TRUE"
"9631",".","FALSE"
"9632","ἧι","FALSE"
"9633","γε","TRUE"
"9634","μὴν","FALSE"
"9635","ἕτερον","FALSE"
"9636",",","FALSE"
"9637","ὅμοιον","FALSE"
"9638","ἐφάνη","FALSE"
"9639",".","FALSE"
"9640","ναί","FALSE"
"9641",".","FALSE"
"9642","ἧι","FALSE"
"9643","ἄρα","TRUE"
"9644","ταὐτόν","FALSE"
"9645",",","FALSE"
"9646","ἀνόμοιον","FALSE"
"9647","ἔσται","TRUE"
"9648","κατὰ","TRUE"
"9649","τοὐναντίον","FALSE"
"9650","πάθος","FALSE"
"9651","τῷ","TRUE"
"9652","ὁμοιοῦντι","FALSE"
"9653","πάθει","FALSE"
"9654",".","FALSE"
"9655","ὡμοίου","FALSE"
"9656","δέ","TRUE"
"9657","που","FALSE"
"9658","τὸ","TRUE"
"9659","ἕτερον","FALSE"
"9660",";","FALSE"
"9661","ναί","FALSE"
"9662",".","FALSE"
"9663","ἀνομοιώσει","FALSE"
"9664","ἄρα","TRUE"
"9665","τὸ","TRUE"
"9666","ταὐτόν","FALSE"
"9667",",","FALSE"
"9668","ἢ","TRUE"
"9669","οὐκ","TRUE"
"9670","ἐναντίον","FALSE"
"9671","ἔσται","TRUE"
"9672","τῷ","TRUE"
"9673","ἑτέρῳ","FALSE"
"9674",".","FALSE"
"9675","ἔοικεν","FALSE"
"9676",".","FALSE"
"9677","ὅμοιον","FALSE"
"9678","ἄρα","TRUE"
"9679","καὶ","TRUE"
"9680","ἀνόμοιον","FALSE"
"9681","ἔσται","TRUE"
"9682","τὸ","TRUE"
"9683","ἓν","FALSE"
"9684","τοῖς","TRUE"
"9685","ἄλλοις","TRUE"
"9686",",","FALSE"
"9687","ᾗ","TRUE"
"9688","μὲν","TRUE"
"9689","ἕτερον","FALSE"
"9690",",","FALSE"
"9691","ὅμοιον","FALSE"
"9692",",","FALSE"
"9693","ᾗ","TRUE"
"9694","δὲ","TRUE"
"9695","ταὐτόν","FALSE"
"9696",",","FALSE"
"9697","ἀνόμοιον","FALSE"
"9698",".","FALSE"
"9699","ἔχει","FALSE"
"9700","γὰρ","TRUE"
"9701","οὖν","TRUE"
"9702","δή","TRUE"
"9703",",","FALSE"
"9704","ὡς","TRUE"
"9705","ἔοικεν","FALSE"
"9706",",","FALSE"
"9707","καὶ","TRUE"
"9708","τοιοῦτον","TRUE"
"9709","λόγον","FALSE"
"9710",".","FALSE"
"9711","καὶ","TRUE"
"9712","γὰρ","TRUE"
"9713","τόνδε","TRUE"
"9714","ἔχει","FALSE"
"9715",".","FALSE"
"9716","τίνα","TRUE"
"9717",";","FALSE"
"9718","ἧι","FALSE"
"9719","ταὐτὸν","TRUE"
"9720","πέπονθε","FALSE"
"9721",",","FALSE"
"9722","μὴ","TRUE"
"9723","ἀλλοῖον","FALSE"
"9724","πεπονθέναι","FALSE"
"9725",",","FALSE"
"9726","μὴ","TRUE"
"9727","ἀλλοῖον","FALSE"
"9728","δὲ","TRUE"
"9729","πεπονθὸς","FALSE"
"9730","μὴ","TRUE"
"9731","ἀνόμοιον","FALSE"
"9732",",","FALSE"
"9733","μὴ","TRUE"
"9734","ἀνόμοιον","FALSE"
"9735","δὲ","TRUE"
"9736","ὅμοιον","FALSE"
"9737","εἶναι","TRUE"
"9738","·","FALSE"
"9739","ᾗ","TRUE"
"9740","δʼ","FALSE"
"9741","ἄλλο","TRUE"
"9742","πέπονθεν","FALSE"
"9743",",","FALSE"
"9744","ἀλλοῖον","FALSE"
"9745",",","FALSE"
"9746","ἀλλοῖον","FALSE"
"9747","δὲ","TRUE"
"9748","ὂν","TRUE"
"9749","ἀνόμοιον","FALSE"
"9750","εἶναι","TRUE"
"9751",".","FALSE"
"9752","ἀληθῆ","FALSE"
"9753","λέγεις","FALSE"
"9754",".","FALSE"
"9755","ταὐτόν","FALSE"
"9756","τε","TRUE"
"9757","ἄρα","TRUE"
"9758","ὂν","TRUE"
"9759","τὸ","TRUE"
"9760","ἓν","FALSE"
"9761","τοῖς","TRUE"
"9762","ἄλλοις","TRUE"
"9763","καὶ","TRUE"
"9764","ὅτι","TRUE"
"9765","ἕτερόν","FALSE"
"9766","ἐστι","TRUE"
"9767",",","FALSE"
"9768","κατʼ","FALSE"
"9769","ἀμφότερα","FALSE"
"9770","καὶ","TRUE"
"9771","κατὰ","TRUE"
"9772","ἑκάτερον","FALSE"
"9773",",","FALSE"
"9774","ὅμοιόν","FALSE"
"9775","τε","TRUE"
"9776","ἂν","TRUE"
"9777","εἴη","TRUE"
"9778","καὶ","TRUE"
"9779","ἀνόμοιον","FALSE"
"9780","τοῖς","TRUE"
"9781","ἄλλοις","TRUE"
"9782",".","FALSE"
"9783","πάνυ","FALSE"
"9784","γε","TRUE"
"9785",".","FALSE"
"9786","οὐκοῦν","FALSE"
"9787","καὶ","TRUE"
"9788","ἑαυτῷ","TRUE"
"9789","ὡσαύτως","FALSE"
"9790",",","FALSE"
"9791","ἐπείπερ","FALSE"
"9792","ἕτερόν","FALSE"
"9793","τε","TRUE"
"9794","ἑαυτοῦ","TRUE"
"9795","καὶ","TRUE"
"9796","ταὐτὸν","TRUE"
"9797","ἑαυτῷ","TRUE"
"9798","ἐφάνη","FALSE"
"9799",",","FALSE"
"9800","κατʼ","FALSE"
"9801","ἀμφότερα","FALSE"
"9802","καὶ","TRUE"
"9803","κατὰ","TRUE"
"9804","ἑκάτερον","FALSE"
"9805","ὅμοιόν","FALSE"
"9806","τε","TRUE"
"9807","καὶ","TRUE"
"9808","ἀνόμοιον","FALSE"
"9809","φανήσεται","FALSE"
"9810",";","FALSE"
"9811","ἀνάγκη","FALSE"
"9812",".","FALSE"
"9813","τί","TRUE"
"9814","δὲ","TRUE"
"9815","δή","TRUE"
"9816",";","FALSE"
"9817","περὶ","TRUE"
"9818","τοῦ","TRUE"
"9819","ἅπτεσθαι","FALSE"
"9820","τὸ","TRUE"
"9821","ἓν","FALSE"
"9822","αὑτοῦ","TRUE"
"9823","καὶ","TRUE"
"9824","τῶν","TRUE"
"9825","ἄλλων","TRUE"
"9826","καὶ","TRUE"
"9827","τοῦ","TRUE"
"9828","μὴ","TRUE"
"9829","ἅπτεσθαι","FALSE"
"9830","πέρι","TRUE"
"9831","πῶς","FALSE"
"9832","ἔχει","FALSE"
"9833",",","FALSE"
"9834","σκόπει","FALSE"
"9835",".","FALSE"
"9836","σκοπῶ","FALSE"
"9837",".","FALSE"
"9838","αὐτὸ","TRUE"
"9839","γάρ","TRUE"
"9840","που","FALSE"
"9841","ἐν","TRUE"
"9842","ἑαυτῷ","TRUE"
"9843","ὅλῳ","FALSE"
"9844","τὸ","TRUE"
"9845","ἓν","FALSE"
"9846","ἐφάνη","FALSE"
"9847","ὄν","FALSE"
"9848",".","FALSE"
"9849","ὀρθῶς","FALSE"
"9850",".","FALSE"
"9851","οὐκοῦν","FALSE"
"9852","καὶ","TRUE"
"9853","ἐν","TRUE"
"9854","τοῖς","TRUE"
"9855","ἄλλοις","TRUE"
"9856","τὸ","TRUE"
"9857","ἕν","FALSE"
"9858",";","FALSE"
"9859","ναί","FALSE"
"9860",".","FALSE"
"9861","ἧι","FALSE"
"9862","μὲν","TRUE"
"9863","ἄρα","TRUE"
"9864","ἐν","TRUE"
"9865","τοῖς","TRUE"
"9866","ἄλλοις","TRUE"
"9867",",","FALSE"
"9868","τῶν","TRUE"
"9869","ἄλλων","TRUE"
"9870","ἅπτοιτο","FALSE"
"9871","ἄν","TRUE"
"9872","·","FALSE"
"9873","ᾗ","TRUE"
"9874","δὲ","TRUE"
"9875","αὐτὸ","TRUE"
"9876","ἐν","TRUE"
"9877","ἑαυτῷ","TRUE"
"9878",",","FALSE"
"9879","τῶν","TRUE"
"9880","μὲν","TRUE"
"9881","ἄλλων","TRUE"
"9882","ἀπείργοιτο","FALSE"
"9883","ἅπτεσθαι","FALSE"
"9884",",","FALSE"
"9885","αὐτὸ","TRUE"
"9886","δὲ","TRUE"
"9887","αὑτοῦ","TRUE"
"9888","ἅπτοιτο","FALSE"
"9889","ἂν","TRUE"
"9890","ἐν","TRUE"
"9891","ἑαυτῷ","TRUE"
"9892","ὄν","FALSE"
"9893",".","FALSE"
"9894","φαίνεται","FALSE"
"9895",".","FALSE"
"9896","οὕτω","TRUE"
"9897","μὲν","TRUE"
"9898","δὴ","TRUE"
"9899","ἅπτοιτο","FALSE"
"9900","ἂν","TRUE"
"9901","τὸ","TRUE"
"9902","ἓν","FALSE"
"9903","αὑτοῦ","TRUE"
"9904","τε","TRUE"
"9905","καὶ","TRUE"
"9906","τῶν","TRUE"
"9907","ἄλλων","TRUE"
"9908",".","FALSE"
"9909","ἅπτοιτο","FALSE"
"9910",".","FALSE"
"9911","τί","TRUE"
"9912","δὲ","TRUE"
"9913","τῇδε","TRUE"
"9914",";","FALSE"
"9915","ἆρʼ","FALSE"
"9916","οὐ","TRUE"
"9917","πᾶν","FALSE"
"9918","τὸ","TRUE"
"9919","μέλλον","FALSE"
"9920","ἅψεσθαί","FALSE"
"9921","τινος","TRUE"
"9922","ἐφεξῆς","FALSE"
"9923","δεῖ","FALSE"
"9924","κεῖσθαι","FALSE"
"9925","ἐκείνῳ","FALSE"
"9926","οὗ","TRUE"
"9927","μέλλει","FALSE"
"9928","ἅπτεσθαι","FALSE"
"9929",",","FALSE"
"9930","ταύτην","TRUE"
"9931","τὴν","TRUE"
"9932","ἕδραν","FALSE"
"9933","κατέχον","FALSE"
"9934","ἣ","TRUE"
"9935","ἂν","TRUE"
"9936","μετʼ","FALSE"
"9937","ἐκείνην","FALSE"
"9938","ᾖ","TRUE"
"9939","ἕδρα","FALSE"
"9940","ᾗ","TRUE"
"9941","ἂν","TRUE"
"9942","κέηται","FALSE"
"9943",",","FALSE"
"9944","ἅπτεται","FALSE"
"9945",";","FALSE"
"9946","ἀνάγκη","FALSE"
"9947",".","FALSE"
"9948","καὶ","TRUE"
"9949","τὸ","TRUE"
"9950","ἓν","FALSE"
"9951","ἄρα","TRUE"
"9952","εἰ","TRUE"
"9953","μέλλει","FALSE"
"9954","αὐτὸ","TRUE"
"9955","αὑτοῦ","TRUE"
"9956","ἅψεσθαι","FALSE"
"9957",",","FALSE"
"9958","ἐφεξῆς","FALSE"
"9959","δεῖ","FALSE"
"9960","εὐθὺς","FALSE"
"9961","μετὰ","TRUE"
"9962","ἑαυτὸ","FALSE"
"9963","κεῖσθαι","FALSE"
"9964",",","FALSE"
"9965","τὴν","TRUE"
"9966","ἐχομένην","FALSE"
"9967","χώραν","FALSE"
"9968","κατέχον","FALSE"
"9969","ἐκείνης","FALSE"
"9970","ἐν","TRUE"
"9971","ᾗ","TRUE"
"9972","αὐτό","TRUE"
"9973","ἐστιν","TRUE"
"9974",".","FALSE"
"9975","δεῖ","FALSE"
"9976","γὰρ","TRUE"
"9977","οὖν","TRUE"
"9978",".","FALSE"
"9979","οὐκοῦν","FALSE"
"9980","δύο","FALSE"
"9981","μὲν","TRUE"
"9982","ὂν","TRUE"
"9983","τὸ","TRUE"
"9984","ἓν","FALSE"
"9985","ποιήσειεν","FALSE"
"9986","ἂν","TRUE"
"9987","ταῦτα","TRUE"
"9988","καὶ","TRUE"
"9989","ἐν","TRUE"
"9990","δυοῖν","FALSE"
"9991","χώραιν","FALSE"
"9992","ἅμα","FALSE"
"9993","γένοιτο","FALSE"
"9994","·","FALSE"
"9995","ἕως","FALSE"
"9996","δʼ","FALSE"
"9997","ἂν","TRUE"
"9998","ᾖ","TRUE"
"9999","ἕν","FALSE"
"10000",",","FALSE"
"10001","οὐκ","TRUE"
"10002","ἐθελήσει","FALSE"
"10003",";","FALSE"
"10004","οὐ","TRUE"
"10005","γὰρ","TRUE"
"10006","οὖν","TRUE"
"10007",".","FALSE"
"10008","ἡ","TRUE"
"10009","αὐτὴ","TRUE"
"10010","ἄρα","TRUE"
"10011","ἀνάγκη","FALSE"
"10012","τῷ","TRUE"
"10013","ἑνὶ","FALSE"
"10014","μήτε","FALSE"
"10015","δύο","FALSE"
"10016","εἶναι","TRUE"
"10017","μήτε","FALSE"
"10018","ἅπτεσθαι","FALSE"
"10019","αὐτῷ","TRUE"
"10020","αὑτοῦ","TRUE"
"10021",".","FALSE"
"10022","ἡ","TRUE"
"10023","αὐτή","TRUE"
"10024",".","FALSE"
"10025","ἀλλʼ","FALSE"
"10026","οὐδὲ","TRUE"
"10027","μὴν","FALSE"
"10028","τῶν","TRUE"
"10029","ἄλλων","TRUE"
"10030","ἅψεται","FALSE"
"10031",".","FALSE"
"10032","τί","TRUE"
"10033","δή","TRUE"
"10034",";","FALSE"
"10035","ὅτι","TRUE"
"10036",",","FALSE"
"10037","φαμέν","FALSE"
"10038",",","FALSE"
"10039","τὸ","TRUE"
"10040","μέλλον","FALSE"
"10041","ἅψεσθαι","FALSE"
"10042","χωρὶς","FALSE"
"10043","ὂν","TRUE"
"10044","ἐφεξῆς","FALSE"
"10045","δεῖ","FALSE"
"10046","ἐκείνῳ","FALSE"
"10047","εἶναι","TRUE"
"10048","οὗ","TRUE"
"10049","μέλλει","FALSE"
"10050","ἅψεσθαι","FALSE"
"10051",",","FALSE"
"10052","τρίτον","FALSE"
"10053","δὲ","TRUE"
"10054","αὐτῶν","TRUE"
"10055","ἐν","TRUE"
"10056","μέσῳ","FALSE"
"10057","μηδὲν","FALSE"
"10058","εἶναι","TRUE"
"10059",".","FALSE"
"10060","ἀληθῆ","FALSE"
"10061",".","FALSE"
"10062","δύο","FALSE"
"10063","ἄρα","TRUE"
"10064","δεῖ","FALSE"
"10065","τὸ","TRUE"
"10066","ὀλίγιστον","FALSE"
"10067","εἶναι","TRUE"
"10068",",","FALSE"
"10069","εἰ","TRUE"
"10070","μέλλει","FALSE"
"10071","ἅψις","FALSE"
"10072","εἶναι","TRUE"
"10073",".","FALSE"
"10074","δεῖ","FALSE"
"10075",".","FALSE"
"10076","ἐὰν","TRUE"
"10077","δὲ","TRUE"
"10078","τοῖν","TRUE"
"10079","δυοῖν","FALSE"
"10080","ὅροιν","FALSE"
"10081","τρίτον","FALSE"
"10082","προσγένηται","FALSE"
"10083","ἑξῆς","FALSE"
"10084",",","FALSE"
"10085","αὐτὰ","TRUE"
"10086","μὲν","TRUE"
"10087","τρία","FALSE"
"10088","ἔσται","TRUE"
"10089",",","FALSE"
"10090","αἱ","TRUE"
"10091","δὲ","TRUE"
"10092","ἅψεις","FALSE"
"10093","δύο","FALSE"
"10094",".","FALSE"
"10095","ναί","FALSE"
"10096",".","FALSE"
"10097","καὶ","TRUE"
"10098","οὕτω","TRUE"
"10099","δὴ","TRUE"
"10100","ἀεὶ","FALSE"
"10101","ἑνὸς","FALSE"
"10102","προσγιγνομένου","FALSE"
"10103","μία","FALSE"
"10104","καὶ","TRUE"
"10105","ἅψις","FALSE"
"10106","προσγίγνεται","FALSE"
"10107",",","FALSE"
"10108","καὶ","TRUE"
"10109","συμβαίνει","FALSE"
"10110","τὰς","TRUE"
"10111","ἅψεις","FALSE"
"10112","τοῦ","TRUE"
"10113","πλήθους","FALSE"
"10114","τῶν","TRUE"
"10115","ἀριθμῶν","FALSE"
"10116","μιᾷ","FALSE"
"10117","ἐλάττους","FALSE"
"10118","εἶναι","TRUE"
"10119",".","FALSE"
"10120","ᾧ","TRUE"
"10121","γὰρ","TRUE"
"10122","τὰ","TRUE"
"10123","πρῶτα","FALSE"
"10124","δύο","FALSE"
"10125","ἐπλεονέκτησεν","FALSE"
"10126","τῶν","TRUE"
"10127","ἅψεων","FALSE"
"10128","εἰς","TRUE"
"10129","τὸ","TRUE"
"10130","πλείω","FALSE"
"10131","εἶναι","TRUE"
"10132","τὸν","TRUE"
"10133","ἀριθμὸν","FALSE"
"10134","ἢ","TRUE"
"10135","τὰς","TRUE"
"10136","ἅψεις","FALSE"
"10137",",","FALSE"
"10138","τῷ","TRUE"
"10139","ἴσῳ","FALSE"
"10140","τούτῳ","TRUE"
"10141","καὶ","TRUE"
"10142","ὁ","TRUE"
"10143","ἔπειτα","FALSE"
"10144","ἀριθμὸς","FALSE"
"10145","πᾶς","FALSE"
"10146","πασῶν","FALSE"
"10147","τῶν","TRUE"
"10148","ἅψεων","FALSE"
"10149","πλεονεκτεῖ","FALSE"
"10150","·","FALSE"
"10151","ἤδη","FALSE"
"10152","γὰρ","TRUE"
"10153","τὸ","TRUE"
"10154","λοιπὸν","FALSE"
"10155","ἅμα","FALSE"
"10156","ἕν","FALSE"
"10157","τε","TRUE"
"10158","τῷ","TRUE"
"10159","ἀριθμῷ","FALSE"
"10160","προσγίγνεται","FALSE"
"10161","καὶ","TRUE"
"10162","μία","FALSE"
"10163","ἅψις","FALSE"
"10164","ταῖς","TRUE"
"10165","ἅψεσιν","FALSE"
"10166",".","FALSE"
"10167","ὀρθῶς","FALSE"
"10168",".","FALSE"
"10169","ὅσα","FALSE"
"10170","ἄρα","TRUE"
"10171","ἐστὶν","TRUE"
"10172","τὰ","TRUE"
"10173","ὄντα","TRUE"
"10174","τὸν","TRUE"
"10175","ἀριθμόν","FALSE"
"10176",",","FALSE"
"10177","ἀεὶ","FALSE"
"10178","μιᾷ","FALSE"
"10179","αἱ","TRUE"
"10180","ἅψεις","FALSE"
"10181","ἐλάττους","FALSE"
"10182","εἰσὶν","TRUE"
"10183","αὐτῶν","TRUE"
"10184",".","FALSE"
"10185","ἀληθῆ","FALSE"
"10186",".","FALSE"
"10187","εἰ","TRUE"
"10188","δέ","TRUE"
"10189","γε","TRUE"
"10190","ἓν","FALSE"
"10191","μόνον","FALSE"
"10192","ἐστίν","TRUE"
"10193",",","FALSE"
"10194","δυὰς","FALSE"
"10195","δὲ","TRUE"
"10196","μὴ","TRUE"
"10197","ἔστιν","TRUE"
"10198",",","FALSE"
"10199","ἅψις","FALSE"
"10200","οὐκ","TRUE"
"10201","ἂν","TRUE"
"10202","εἴη","TRUE"
"10203",".","FALSE"
"10204","πῶς","FALSE"
"10205","γάρ","TRUE"
"10206",";","FALSE"
"10207","οὔκουν","FALSE"
"10208",",","FALSE"
"10209","φαμέν","FALSE"
"10210",",","FALSE"
"10211","τὰ","TRUE"
"10212","ἄλλα","TRUE"
"10213","τοῦ","TRUE"
"10214","ἑνὸς","FALSE"
"10215","οὔτε","TRUE"
"10216","ἕν","FALSE"
"10217","ἐστιν","TRUE"
"10218","οὔτε","TRUE"
"10219","μετέχει","FALSE"
"10220","αὐτοῦ","TRUE"
"10221",",","FALSE"
"10222","εἴπερ","FALSE"
"10223","ἄλλα","TRUE"
"10224","ἐστίν","TRUE"
"10225",".","FALSE"
"10226","οὐ","TRUE"
"10227","γάρ","TRUE"
"10228",".","FALSE"
"10229","οὐκ","TRUE"
"10230","ἄρα","TRUE"
"10231","ἔνεστιν","FALSE"
"10232","ἀριθμὸς","FALSE"
"10233","ἐν","TRUE"
"10234","τοῖς","TRUE"
"10235","ἄλλοις","TRUE"
"10236",",","FALSE"
"10237","ἑνὸς","FALSE"
"10238","μὴ","TRUE"
"10239","ἐνόντος","FALSE"
"10240","ἐν","TRUE"
"10241","αὐτοῖς","TRUE"
"10242",".","FALSE"
"10243","πῶς","FALSE"
"10244","γάρ","TRUE"
"10245",";","FALSE"
"10246","οὔτʼ","FALSE"
"10247","ἄρα","TRUE"
"10248","ἕν","FALSE"
"10249","ἐστι","TRUE"
"10250","τὰ","TRUE"
"10251","ἄλλα","TRUE"
"10252","οὔτε","TRUE"
"10253","δύο","FALSE"
"10254","οὔτε","TRUE"
"10255","ἄλλου","TRUE"
"10256","ἀριθμοῦ","FALSE"
"10257","ἔχοντα","FALSE"
"10258","ὄνομα","FALSE"
"10259","οὐδέν","TRUE"
"10260",".","FALSE"
"10261","οὔ","TRUE"
"10262",".","FALSE"
"10263","τὸ","TRUE"
"10264","ἓν","FALSE"
"10265","ἄρα","TRUE"
"10266","μόνον","FALSE"
"10267","ἐστὶν","TRUE"
"10268","ἕν","FALSE"
"10269",",","FALSE"
"10270","καὶ","TRUE"
"10271","δυὰς","FALSE"
"10272","οὐκ","TRUE"
"10273","ἂν","TRUE"
"10274","εἴη","TRUE"
"10275",".","FALSE"
"10276","οὐ","TRUE"
"10277","φαίνεται","FALSE"
"10278",".","FALSE"
"10279","ἅψις","FALSE"
"10280","ἄρα","TRUE"
"10281","οὐκ","TRUE"
"10282","ἔστιν","TRUE"
"10283","δυοῖν","FALSE"
"10284","μὴ","TRUE"
"10285","ὄντοιν","FALSE"
"10286",".","FALSE"
"10287","οὐκ","TRUE"
"10288","ἔστιν","TRUE"
"10289",".","FALSE"
"10290","οὔτʼ","FALSE"
"10291","ἄρα","TRUE"
"10292","τὸ","TRUE"
"10293","ἓν","FALSE"
"10294","τῶν","TRUE"
"10295","ἄλλων","TRUE"
"10296","ἅπτεται","FALSE"
"10297","οὔτε","TRUE"
"10298","τὰ","TRUE"
"10299","ἄλλα","TRUE"
"10300","τοῦ","TRUE"
"10301","ἑνός","FALSE"
"10302",",","FALSE"
"10303","ἐπείπερ","FALSE"
"10304","ἅψις","FALSE"
"10305","οὐκ","TRUE"
"10306","ἔστιν","TRUE"
"10307",".","FALSE"
"10308","οὐ","TRUE"
"10309","γὰρ","TRUE"
"10310","οὖν","TRUE"
"10311",".","FALSE"
"10312","οὕτω","TRUE"
"10313","δὴ","TRUE"
"10314","κατὰ","TRUE"
"10315","πάντα","FALSE"
"10316","ταῦτα","TRUE"
"10317","τὸ","TRUE"
"10318","ἓν","FALSE"
"10319","τῶν","TRUE"
"10320","τε","TRUE"
"10321","ἄλλων","TRUE"
"10322","καὶ","TRUE"
"10323","ἑαυτοῦ","TRUE"
"10324","ἅπτεταί","FALSE"
"10325","τε","TRUE"
"10326","καὶ","TRUE"
"10327","οὐχ","TRUE"
"10328","ἅπτεται","FALSE"
"10329",".","FALSE"
"10330","ἔοικεν","FALSE"
"10331",".","FALSE"
"10332","ἆρʼ","FALSE"
"10333","οὖν","TRUE"
"10334","καὶ","TRUE"
"10335","ἴσον","FALSE"
"10336","ἐστὶ","TRUE"
"10337","καὶ","TRUE"
"10338","ἄνισον","FALSE"
"10339","αὑτῷ","TRUE"
"10340","τε","TRUE"
"10341","καὶ","TRUE"
"10342","τοῖς","TRUE"
"10343","ἄλλοις","TRUE"
"10344",";","FALSE"
"10345","πῶς","FALSE"
"10346",";","FALSE"
"10347","εἰ","TRUE"
"10348","μεῖζον","FALSE"
"10349","εἴη","TRUE"
"10350","τὸ","TRUE"
"10351","ἓν","FALSE"
"10352","ἢ","TRUE"
"10353","τἆ","FALSE"
"10354","λλα","FALSE"
"10355","ἢ","TRUE"
"10356","ἔλαττον","FALSE"
"10357",",","FALSE"
"10358","ἢ","TRUE"
"10359","αὖ","FALSE"
"10360","τὰ","TRUE"
"10361","ἄλλα","TRUE"
"10362","τοῦ","TRUE"
"10363","ἑνὸς","FALSE"
"10364","μείζω","FALSE"
"10365","ἢ","TRUE"
"10366","ἐλάττω","FALSE"
"10367",",","FALSE"
"10368","ἆρα","FALSE"
"10369","οὐκ","TRUE"
"10370","ἂν","TRUE"
"10371","τῷ","TRUE"
"10372","μὲν","TRUE"
"10373","ἓν","FALSE"
"10374","εἶναι","TRUE"
"10375","τὸ","TRUE"
"10376","ἓν","FALSE"
"10377","καὶ","TRUE"
"10378","τἆ","FALSE"
"10379","λλα","FALSE"
"10380","ἄλλα","TRUE"
"10381","τοῦ","TRUE"
"10382","ἑνὸς","FALSE"
"10383","οὔτε","TRUE"
"10384","τι","TRUE"
"10385","μείζω","FALSE"
"10386","οὔτε","TRUE"
"10387","τι","TRUE"
"10388","ἐλάττω","FALSE"
"10389","ἂν","TRUE"
"10390","εἴη","TRUE"
"10391","ἀλλήλων","FALSE"
"10392","αὐταῖς","TRUE"
"10393","γε","TRUE"
"10394","ταύταις","TRUE"
"10395","ταῖς","TRUE"
"10396","οὐσίαις","FALSE"
"10397",";","FALSE"
"10398","ἀλλʼ","FALSE"
"10399","εἰ","TRUE"
"10400","μὲν","TRUE"
"10401","πρὸς","TRUE"
"10402","τῷ","TRUE"
"10403","τοιαῦτα","TRUE"
"10404","εἶναι","TRUE"
"10405","ἑκάτερα","FALSE"
"10406","ἰσότητα","FALSE"
"10407","ἔχοιεν","FALSE"
"10408",",","FALSE"
"10409","ἴσα","FALSE"
"10410","ἂν","TRUE"
"10411","εἴη","TRUE"
"10412","πρὸς","TRUE"
"10413","ἄλληλα","FALSE"
"10414","·","FALSE"
"10415","εἰ","TRUE"
"10416","δὲ","TRUE"
"10417","τὰ","TRUE"
"10418","μὲν","TRUE"
"10419","μέγεθος","FALSE"
"10420",",","FALSE"
"10421","τὸ","TRUE"
"10422","δὲ","TRUE"
"10423","σμικρότητα","FALSE"
"10424",",","FALSE"
"10425","ἢ","TRUE"
"10426","καὶ","TRUE"
"10427","μέγεθος","FALSE"
"10428","μὲν","TRUE"
"10429","τὸ","TRUE"
"10430","ἕν","FALSE"
"10431",",","FALSE"
"10432","σμικρότητα","FALSE"
"10433","δὲ","TRUE"
"10434","τἆ","FALSE"
"10435","λλα","FALSE"
"10436",",","FALSE"
"10437","ὁποτέρῳ","FALSE"
"10438","μὲν","TRUE"
"10439","τῷ","TRUE"
"10440","εἴδει","FALSE"
"10441","μέγεθος","FALSE"
"10442","προσείη","FALSE"
"10443",",","FALSE"
"10444","μεῖζον","FALSE"
"10445","ἂν","TRUE"
"10446","εἴη","TRUE"
"10447",",","FALSE"
"10448","ᾧ","TRUE"
"10449","δὲ","TRUE"
"10450","σμικρότης","FALSE"
"10451",",","FALSE"
"10452","ἔλαττον","FALSE"
"10453",";","FALSE"
"10454","ἀνάγκη","FALSE"
"10455",".","FALSE"
"10456","οὐκοῦν","FALSE"
"10457","ἐστόν","TRUE"
"10458","γέ","TRUE"
"10459","τινε","FALSE"
"10460","τούτω","TRUE"
"10461","εἴδη","FALSE"
"10462",",","FALSE"
"10463","τό","TRUE"
"10464","τε","TRUE"
"10465","μέγεθος","FALSE"
"10466","καὶ","TRUE"
"10467","ἡ","TRUE"
"10468","σμικρότης","FALSE"
"10469",";","FALSE"
"10470","οὐ","TRUE"
"10471","γὰρ","TRUE"
"10472","ἄν","TRUE"
"10473","που","FALSE"
"10474","μὴ","TRUE"
"10475","ὄντε","FALSE"
"10476","γε","TRUE"
"10477","ἐναντίω","FALSE"
"10478","τε","TRUE"
"10479","ἀλλήλοιν","FALSE"
"10480","εἴτην","FALSE"
"10481","καὶ","TRUE"
"10482","ἐν","TRUE"
"10483","τοῖς","TRUE"
"10484","οὖσιν","TRUE"
"10485","ἐγγιγνοίσθην","FALSE"
"10486",".","FALSE"
"10487","πῶς","FALSE"
"10488","γὰρ","TRUE"
"10489","ἄν","TRUE"
"10490",";","FALSE"
"10491","εἰ","TRUE"
"10492","ἄρα","TRUE"
"10493","ἐν","TRUE"
"10494","τῷ","TRUE"
"10495","ἑνὶ","FALSE"
"10496","σμικρότης","FALSE"
"10497","ἐγγίγνεται","FALSE"
"10498",",","FALSE"
"10499","ἤτοι","FALSE"
"10500","ἐν","TRUE"
"10501","ὅλῳ","FALSE"
"10502","ἂν","TRUE"
"10503","ἢ","TRUE"
"10504","ἐν","TRUE"
"10505","μέρει","FALSE"
"10506","αὐτοῦ","TRUE"
"10507","ἐνείη","FALSE"
"10508",".","FALSE"
"10509","ἀνάγκη","FALSE"
"10510",".","FALSE"
"10511","τί","TRUE"
"10512","δʼ","FALSE"
"10513","εἰ","TRUE"
"10514","ἐν","TRUE"
"10515","ὅλῳ","FALSE"
"10516","ἐγγίγνοιτο","FALSE"
"10517",";","FALSE"
"10518","οὐχὶ","TRUE"
"10519","ἢ","TRUE"
"10520","ἐξ","TRUE"
"10521","ἴσου","FALSE"
"10522","ἂν","TRUE"
"10523","τῷ","TRUE"
"10524","ἑνὶ","FALSE"
"10525","διʼ","FALSE"
"10526","ὅλου","FALSE"
"10527","αὐτοῦ","TRUE"
"10528","τεταμένη","FALSE"
"10529","εἴη","TRUE"
"10530","ἢ","TRUE"
"10531","περιέχουσα","FALSE"
"10532","αὐτό","TRUE"
"10533",";","FALSE"
"10534","δῆλον","FALSE"
"10535","δή","TRUE"
"10536",".","FALSE"
"10537","ἆρʼ","FALSE"
"10538","οὖν","TRUE"
"10539","οὐκ","TRUE"
"10540","ἐξ","TRUE"
"10541","ἴσου","FALSE"
"10542","μὲν","TRUE"
"10543","οὖσα","TRUE"
"10544","ἡ","TRUE"
"10545","σμικρότης","FALSE"
"10546","τῷ","TRUE"
"10547","ἑνὶ","FALSE"
"10548","ἴση","FALSE"
"10549","ἂν","TRUE"
"10550","αὐτῷ","TRUE"
"10551","εἴη","TRUE"
"10552",",","FALSE"
"10553","περιέχουσα","FALSE"
"10554","δὲ","TRUE"
"10555","μείζων","FALSE"
"10556",";","FALSE"
"10557","πῶς","FALSE"
"10558","δʼ","FALSE"
"10559","οὔ","TRUE"
"10560",";","FALSE"
"10561","δυνατὸν","FALSE"
"10562","οὖν","TRUE"
"10563","σμικρότητα","FALSE"
"10564","ἴσην","FALSE"
"10565","τῳ","TRUE"
"10566","εἶναι","TRUE"
"10567","ἢ","TRUE"
"10568","μείζω","FALSE"
"10569","τινός","TRUE"
"10570",",","FALSE"
"10571","καὶ","TRUE"
"10572","πράττειν","FALSE"
"10573","τὰ","TRUE"
"10574","μεγέθους","FALSE"
"10575","τε","TRUE"
"10576","καὶ","TRUE"
"10577","ἰσότητος","FALSE"
"10578",",","FALSE"
"10579","ἀλλὰ","TRUE"
"10580","μὴ","TRUE"
"10581","τὰ","TRUE"
"10582","ἑαυτῆς","TRUE"
"10583",";","FALSE"
"10584","ἀδύνατον","FALSE"
"10585",".","FALSE"
"10586","ἐν","TRUE"
"10587","μὲν","TRUE"
"10588","ὅλῳ","FALSE"
"10589","ἄρα","TRUE"
"10590","τῷ","TRUE"
"10591","ἑνὶ","FALSE"
"10592","οὐκ","TRUE"
"10593","ἂν","TRUE"
"10594","εἴη","TRUE"
"10595","σμικρότης","FALSE"
"10596",",","FALSE"
"10597","ἀλλʼ","FALSE"
"10598","εἴπερ","FALSE"
"10599",",","FALSE"
"10600","ἐν","TRUE"
"10601","μέρει","FALSE"
"10602",".","FALSE"
"10603","ναί","FALSE"
"10604",".","FALSE"
"10605","οὐδέ","TRUE"
"10606","γε","TRUE"
"10607","ἐν","TRUE"
"10608","παντὶ","FALSE"
"10609","αὖ","FALSE"
"10610","τῷ","TRUE"
"10611","μέρει","FALSE"
"10612","·","FALSE"
"10613","εἰ","TRUE"
"10614","δὲ","TRUE"
"10615","μή","TRUE"
"10616",",","FALSE"
"10617","ταὐτὰ","TRUE"
"10618","ποιήσει","FALSE"
"10619","ἅπερ","TRUE"
"10620","πρὸς","TRUE"
"10621","τὸ","TRUE"
"10622","ὅλον","FALSE"
"10623","·","FALSE"
"10624","ἴση","FALSE"
"10625","ἔσται","TRUE"
"10626","ἢ","TRUE"
"10627","μείζων","FALSE"
"10628","τοῦ","TRUE"
"10629","μέρους","FALSE"
"10630","ἐν","TRUE"
"10631","ᾧ","TRUE"
"10632","ἂν","TRUE"
"10633","ἀεὶ","FALSE"
"10634","ἐνῇ","FALSE"
"10635",".","FALSE"
"10636","ἀνάγκη","FALSE"
"10637",".","FALSE"
"10638","οὐδενί","FALSE"
"10639","ποτε","FALSE"
"10640","ἄρα","TRUE"
"10641","ἐνέσται","FALSE"
"10642","τῶν","TRUE"
"10643","ὄντων","TRUE"
"10644","σμικρότης","FALSE"
"10645",",","FALSE"
"10646","μήτʼ","FALSE"
"10647","ἐν","TRUE"
"10648","μέρει","FALSE"
"10649","μήτʼ","FALSE"
"10650","ἐν","TRUE"
"10651","ὅλῳ","FALSE"
"10652","ἐγγιγνομένη","FALSE"
"10653","·","FALSE"
"10654","οὐδέ","TRUE"
"10655","τι","TRUE"
"10656","ἔσται","TRUE"
"10657","σμικρὸν","FALSE"
"10658","πλὴν","FALSE"
"10659","αὐτῆς","TRUE"
"10660","σμικρότητος","FALSE"
"10661",".","FALSE"
"10662","οὐκ","TRUE"
"10663","ἔοικεν","FALSE"
"10664",".","FALSE"
"10665","οὐδʼ","FALSE"
"10666","ἄρα","TRUE"
"10667","μέγεθος","FALSE"
"10668","ἐνέσται","FALSE"
"10669","ἐν","TRUE"
"10670","αὐτῷ","TRUE"
"10671","·","FALSE"
"10672","μεῖζον","FALSE"
"10673","γὰρ","TRUE"
"10674","ἄν","TRUE"
"10675","τι","TRUE"
"10676","εἴη","TRUE"
"10677","ἄλλο","TRUE"
"10678","καὶ","TRUE"
"10679","πλὴν","FALSE"
"10680","αὐτοῦ","TRUE"
"10681","μεγέθους","FALSE"
"10682",",","FALSE"
"10683","ἐκεῖνο","FALSE"
"10684","ἐν","TRUE"
"10685","ᾧ","TRUE"
"10686","τὸ","TRUE"
"10687","μέγεθος","FALSE"
"10688","ἐνείη","FALSE"
"10689",",","FALSE"
"10690","καὶ","TRUE"
"10691","ταῦτα","TRUE"
"10692","σμικροῦ","FALSE"
"10693","αὐτῷ","TRUE"
"10694","οὐκ","TRUE"
"10695","ὄντος","TRUE"
"10696",",","FALSE"
"10697","οὗ","TRUE"
"10698","ἀνάγκη","FALSE"
"10699","ὑπερέχειν","FALSE"
"10700",",","FALSE"
"10701","ἐάνπερ","FALSE"
"10702","ᾖ","TRUE"
"10703","μέγα","FALSE"
"10704","·","FALSE"
"10705","τοῦτο","TRUE"
"10706","δὲ","TRUE"
"10707","ἀδύνατον","FALSE"
"10708",",","FALSE"
"10709","ἐπειδὴ","FALSE"
"10710","σμικρότης","FALSE"
"10711","οὐδαμοῦ","FALSE"
"10712","ἔνι","TRUE"
"10713",".","FALSE"
"10714","ἀληθῆ","FALSE"
"10715",".","FALSE"
"10716","ἀλλὰ","TRUE"
"10717","μὴν","FALSE"
"10718","αὐτὸ","TRUE"
"10719","μέγεθος","FALSE"
"10720","οὐκ","TRUE"
"10721","ἄλλου","TRUE"
"10722","μεῖζον","FALSE"
"10723","ἢ","TRUE"
"10724","αὐτῆς","TRUE"
"10725","σμικρότητος","FALSE"
"10726",",","FALSE"
"10727","οὐδὲ","TRUE"
"10728","σμικρότης","FALSE"
"10729","ἄλλου","TRUE"
"10730","ἔλαττον","FALSE"
"10731","ἢ","TRUE"
"10732","αὐτοῦ","TRUE"
"10733","μεγέθους","FALSE"
"10734",".","FALSE"
"10735","οὐ","TRUE"
"10736","γάρ","TRUE"
"10737",".","FALSE"
"10738","οὔτε","TRUE"
"10739","ἄρα","TRUE"
"10740","τὰ","TRUE"
"10741","ἄλλα","TRUE"
"10742","μείζω","FALSE"
"10743","τοῦ","TRUE"
"10744","ἑνὸς","FALSE"
"10745","οὐδὲ","TRUE"
"10746","ἐλάττω","FALSE"
"10747",",","FALSE"
"10748","μήτε","FALSE"
"10749","μέγεθος","FALSE"
"10750","μήτε","FALSE"
"10751","σμικρότητα","FALSE"
"10752","ἔχοντα","FALSE"
"10753",",","FALSE"
"10754","οὔτε","TRUE"
"10755","αὐτὼ","TRUE"
"10756","τούτω","TRUE"
"10757","πρὸς","TRUE"
"10758","τὸ","TRUE"
"10759","ἓν","FALSE"
"10760","ἔχετον","FALSE"
"10761","τὴν","TRUE"
"10762","δύναμιν","FALSE"
"10763","τὴν","TRUE"
"10764","τοῦ","TRUE"
"10765","ὑπερέχειν","FALSE"
"10766","καὶ","TRUE"
"10767","ὑπερέχεσθαι","FALSE"
"10768",",","FALSE"
"10769","ἀλλὰ","TRUE"
"10770","πρὸς","TRUE"
"10771","ἀλλήλω","FALSE"
"10772",",","FALSE"
"10773","οὔτε","TRUE"
"10774","αὖ","FALSE"
"10775","τὸ","TRUE"
"10776","ἓν","FALSE"
"10777","τούτοιν","FALSE"
"10778","οὐδὲ","TRUE"
"10779","τῶν","TRUE"
"10780","ἄλλων","TRUE"
"10781","μεῖζον","FALSE"
"10782","ἂν","TRUE"
"10783","οὐδʼ","FALSE"
"10784","ἔλαττον","FALSE"
"10785","εἴη","TRUE"
"10786",",","FALSE"
"10787","μήτε","FALSE"
"10788","μέγεθος","FALSE"
"10789","μήτε","FALSE"
"10790","σμικρότητα","FALSE"
"10791","ἔχον","FALSE"
"10792",".","FALSE"
"10793","οὔκουν","FALSE"
"10794","φαίνεταί","FALSE"
"10795","γε","TRUE"
"10796",".","FALSE"
"10797","ἆρʼ","FALSE"
"10798","οὖν","TRUE"
"10799",",","FALSE"
"10800","εἰ","TRUE"
"10801","μήτε","FALSE"
"10802","μεῖζον","FALSE"
"10803","μήτε","FALSE"
"10804","ἔλαττον","FALSE"
"10805","τὸ","TRUE"
"10806","ἓν","FALSE"
"10807","τῶν","TRUE"
"10808","ἄλλων","TRUE"
"10809",",","FALSE"
"10810","ἀνάγκη","FALSE"
"10811","αὐτὸ","TRUE"
"10812","ἐκείνων","FALSE"
"10813","μήτε","FALSE"
"10814","ὑπερέχειν","FALSE"
"10815","μήτε","FALSE"
"10816","ὑπερέχεσθαι","FALSE"
"10817",";","FALSE"
"10818","ἀνάγκη","FALSE"
"10819",".","FALSE"
"10820","οὐκοῦν","FALSE"
"10821","τό","TRUE"
"10822","γε","TRUE"
"10823","μήτε","FALSE"
"10824","ὑπερέχον","FALSE"
"10825","μήτε","FALSE"
"10826","ὑπερεχόμενον","FALSE"
"10827","πολλὴ","FALSE"
"10828","ἀνάγκη","FALSE"
"10829","ἐξ","TRUE"
"10830","ἴσου","FALSE"
"10831","εἶναι","TRUE"
"10832",",","FALSE"
"10833","ἐξ","TRUE"
"10834","ἴσου","FALSE"
"10835","δὲ","TRUE"
"10836","ὂν","TRUE"
"10837","ἴσον","FALSE"
"10838","εἶναι","TRUE"
"10839",".","FALSE"
"10840","πῶς","FALSE"
"10841","γὰρ","TRUE"
"10842","οὔ","TRUE"
"10843",";","FALSE"
"10844","καὶ","TRUE"
"10845","μὴν","FALSE"
"10846","καὶ","TRUE"
"10847","αὐτό","TRUE"
"10848","γε","TRUE"
"10849","τὸ","TRUE"
"10850","ἓν","FALSE"
"10851","πρὸς","TRUE"
"10852","ἑαυτὸ","FALSE"
"10853","οὕτως","TRUE"
"10854","ἂν","TRUE"
"10855","ἔχοι","FALSE"
"10856","·","FALSE"
"10857","μήτε","FALSE"
"10858","μέγεθος","FALSE"
"10859","ἐν","TRUE"
"10860","ἑαυτῷ","TRUE"
"10861","μήτε","FALSE"
"10862","σμικρότητα","FALSE"
"10863","ἔχον","FALSE"
"10864","οὔτʼ","FALSE"
"10865","ἂν","TRUE"
"10866","ὑπερέχοιτο","FALSE"
"10867","οὔτʼ","FALSE"
"10868","ἂν","TRUE"
"10869","ὑπερέχοι","FALSE"
"10870","ἑαυτοῦ","TRUE"
"10871",",","FALSE"
"10872","ἀλλʼ","FALSE"
"10873","ἐξ","TRUE"
"10874","ἴσου","FALSE"
"10875","ὂν","TRUE"
"10876","ἴσον","FALSE"
"10877","ἂν","TRUE"
"10878","εἴη","TRUE"
"10879","ἑαυτῷ","TRUE"
"10880",".","FALSE"
"10881","πάνυ","FALSE"
"10882","μὲν","TRUE"
"10883","οὖν","TRUE"
"10884",".","FALSE"
"10885","τὸ","TRUE"
"10886","ἓν","FALSE"
"10887","ἄρα","TRUE"
"10888","ἑαυτῷ","TRUE"
"10889","τε","TRUE"
"10890","καὶ","TRUE"
"10891","τοῖς","TRUE"
"10892","ἄλλοις","TRUE"
"10893","ἴσον","FALSE"
"10894","ἂν","TRUE"
"10895","εἴη","TRUE"
"10896",".","FALSE"
"10897","φαίνεται","FALSE"
"10898",".","FALSE"
"10899","καὶ","TRUE"
"10900","μὴν","FALSE"
"10901","αὐτό","TRUE"
"10902","γε","TRUE"
"10903","ἐν","TRUE"
"10904","ἑαυτῷ","TRUE"
"10905","ὂν","TRUE"
"10906","καὶ","TRUE"
"10907","περὶ","TRUE"
"10908","ἑαυτὸ","FALSE"
"10909","ἂν","TRUE"
"10910","εἴη","TRUE"
"10911","ἔξωθεν","FALSE"
"10912",",","FALSE"
"10913","καὶ","TRUE"
"10914","περιέχον","FALSE"
"10915","μὲν","TRUE"
"10916","μεῖζον","FALSE"
"10917","ἂν","TRUE"
"10918","ἑαυτοῦ","TRUE"
"10919","εἴη","TRUE"
"10920",",","FALSE"
"10921","περιεχόμενον","FALSE"
"10922","δὲ","TRUE"
"10923","ἔλαττον","FALSE"
"10924",",","FALSE"
"10925","καὶ","TRUE"
"10926","οὕτω","TRUE"
"10927","μεῖζον","FALSE"
"10928","ἂν","TRUE"
"10929","καὶ","TRUE"
"10930","ἔλαττον","FALSE"
"10931","εἴη","TRUE"
"10932","αὐτὸ","TRUE"
"10933","ἑαυτοῦ","TRUE"
"10934","τὸ","TRUE"
"10935","ἕν","FALSE"
"10936",".","FALSE"
"10937","εἴη","TRUE"
"10938","γὰρ","TRUE"
"10939","ἄν","TRUE"
"10940",".","FALSE"
"10941","οὐκοῦν","FALSE"
"10942","καὶ","TRUE"
"10943","τόδε","TRUE"
"10944","ἀνάγκη","FALSE"
"10945",",","FALSE"
"10946","μηδὲν","FALSE"
"10947","εἶναι","TRUE"
"10948","ἐκτὸς","FALSE"
"10949","τοῦ","TRUE"
"10950","ἑνός","FALSE"
"10951","τε","TRUE"
"10952","καὶ","TRUE"
"10953","τῶν","TRUE"
"10954","ἄλλων","TRUE"
"10955",";","FALSE"
"10956","πῶς","FALSE"
"10957","γὰρ","TRUE"
"10958","οὔ","TRUE"
"10959",";","FALSE"
"10960","ἀλλὰ","TRUE"
"10961","μὴν","FALSE"
"10962","καὶ","TRUE"
"10963","εἶναί","TRUE"
"10964","που","FALSE"
"10965","δεῖ","FALSE"
"10966","τό","TRUE"
"10967","γε","TRUE"
"10968","ὂν","TRUE"
"10969","ἀεί","FALSE"
"10970",".","FALSE"
"10971","ναί","FALSE"
"10972",".","FALSE"
"10973","οὐκοῦν","FALSE"
"10974","τό","TRUE"
"10975","γε","TRUE"
"10976","ἔν","TRUE"
"10977","τῳ","TRUE"
"10978","ὂν","TRUE"
"10979","ἐν","TRUE"
"10980","μείζονι","FALSE"
"10981","ἔσται","TRUE"
"10982","ἔλαττον","FALSE"
"10983","ὄν","FALSE"
"10984",";","FALSE"
"10985","οὐ","TRUE"
"10986","γὰρ","TRUE"
"10987","ἂν","TRUE"
"10988","ἄλλως","TRUE"
"10989","ἕτερον","FALSE"
"10990","ἐν","TRUE"
"10991","ἑτέρῳ","FALSE"
"10992","εἴη","TRUE"
"10993",".","FALSE"
"10994","οὐ","TRUE"
"10995","γάρ","TRUE"
"10996",".","FALSE"
"10997","ἐπειδὴ","FALSE"
"10998","δὲ","TRUE"
"10999","οὐδὲν","TRUE"
"11000","ἕτερον","FALSE"
"11001","ἔστι","TRUE"
"11002","χωρὶς","FALSE"
"11003","τῶν","TRUE"
"11004","ἄλλων","TRUE"
"11005","καὶ","TRUE"
"11006","τοῦ","TRUE"
"11007","ἑνός","FALSE"
"11008",",","FALSE"
"11009","δεῖ","FALSE"
"11010","δὲ","TRUE"
"11011","αὐτὰ","TRUE"
"11012","ἔν","TRUE"
"11013","τῳ","TRUE"
"11014","εἶναι","TRUE"
"11015",",","FALSE"
"11016","οὐκ","TRUE"
"11017","ἀνάγκη","FALSE"
"11018","ἤδη","FALSE"
"11019","ἐν","TRUE"
"11020","ἀλλήλοις","FALSE"
"11021","εἶναι","TRUE"
"11022",",","FALSE"
"11023","τά","TRUE"
"11024","τε","TRUE"
"11025","ἄλλα","TRUE"
"11026","ἐν","TRUE"
"11027","τῷ","TRUE"
"11028","ἑνὶ","FALSE"
"11029","καὶ","TRUE"
"11030","τὸ","TRUE"
"11031","ἓν","FALSE"
"11032","ἐν","TRUE"
"11033","τοῖς","TRUE"
"11034","ἄλλοις","TRUE"
"11035",",","FALSE"
"11036","ἢ","TRUE"
"11037","μηδαμοῦ","FALSE"
"11038","εἶναι","TRUE"
"11039",";","FALSE"
"11040","φαίνεται","FALSE"
"11041",".","FALSE"
"11042","ὅτι","TRUE"
"11043","μὲν","TRUE"
"11044","ἄρα","TRUE"
"11045","τὸ","TRUE"
"11046","ἓν","FALSE"
"11047","ἐν","TRUE"
"11048","τοῖς","TRUE"
"11049","ἄλλοις","TRUE"
"11050","ἔνεστι","FALSE"
"11051",",","FALSE"
"11052","μείζω","FALSE"
"11053","ἂν","TRUE"
"11054","εἴη","TRUE"
"11055","τὰ","TRUE"
"11056","ἄλλα","TRUE"
"11057","τοῦ","TRUE"
"11058","ἑνός","FALSE"
"11059",",","FALSE"
"11060","περιέχοντα","FALSE"
"11061","αὐτό","TRUE"
"11062",",","FALSE"
"11063","τὸ","TRUE"
"11064","δὲ","TRUE"
"11065","ἓν","FALSE"
"11066","ἔλαττον","FALSE"
"11067","τῶν","TRUE"
"11068","ἄλλων","TRUE"
"11069",",","FALSE"
"11070","περιεχόμενον","FALSE"
"11071","·","FALSE"
"11072","ὅτι","TRUE"
"11073","δὲ","TRUE"
"11074","τὰ","TRUE"
"11075","ἄλλα","TRUE"
"11076","ἐν","TRUE"
"11077","τῷ","TRUE"
"11078","ἑνί","FALSE"
"11079",",","FALSE"
"11080","τὸ","TRUE"
"11081","ἓν","FALSE"
"11082","τῶν","TRUE"
"11083","ἄλλων","TRUE"
"11084","κατὰ","TRUE"
"11085","τὸν","TRUE"
"11086","αὐτὸν","TRUE"
"11087","λόγον","FALSE"
"11088","μεῖζον","FALSE"
"11089","ἂν","TRUE"
"11090","εἴη","TRUE"
"11091",",","FALSE"
"11092","τὰ","TRUE"
"11093","δὲ","TRUE"
"11094","ἄλλα","TRUE"
"11095","τοῦ","TRUE"
"11096","ἑνὸς","FALSE"
"11097","ἐλάττω","FALSE"
"11098",".","FALSE"
"11099","ἔοικεν","FALSE"
"11100",".","FALSE"
"11101","τὸ","TRUE"
"11102","ἓν","FALSE"
"11103","ἄρα","TRUE"
"11104","ἴσον","FALSE"
"11105","τε","TRUE"
"11106","καὶ","TRUE"
"11107","μεῖζον","FALSE"
"11108","καὶ","TRUE"
"11109","ἔλαττόν","FALSE"
"11110","ἐστιν","TRUE"
"11111","αὐτό","TRUE"
"11112","τε","TRUE"
"11113","αὑτοῦ","TRUE"
"11114","καὶ","TRUE"
"11115","τῶν","TRUE"
"11116","ἄλλων","TRUE"
"11117",".","FALSE"
"11118","φαίνεται","FALSE"
"11119",".","FALSE"
"11120","καὶ","TRUE"
"11121","μὴν","FALSE"
"11122","εἴπερ","FALSE"
"11123","μεῖζον","FALSE"
"11124","καὶ","TRUE"
"11125","ἔλαττον","FALSE"
"11126","καὶ","TRUE"
"11127","ἴσον","FALSE"
"11128",",","FALSE"
"11129","ἴσων","FALSE"
"11130","ἂν","TRUE"
"11131","εἴη","TRUE"
"11132","μέτρων","FALSE"
"11133","καὶ","TRUE"
"11134","πλειόνων","FALSE"
"11135","καὶ","TRUE"
"11136","ἐλαττόνων","FALSE"
"11137","αὑτῷ","TRUE"
"11138","καὶ","TRUE"
"11139","τοῖς","TRUE"
"11140","ἄλλοις","TRUE"
"11141",",","FALSE"
"11142","ἐπειδὴ","FALSE"
"11143","δὲ","TRUE"
"11144","μέτρων","FALSE"
"11145",",","FALSE"
"11146","καὶ","TRUE"
"11147","μερῶν","FALSE"
"11148",".","FALSE"
"11149","πῶς","FALSE"
"11150","δʼ","FALSE"
"11151","οὔ","TRUE"
"11152",";","FALSE"
"11153","ἴσων","FALSE"
"11154","μὲν","TRUE"
"11155","ἄρα","TRUE"
"11156","μέτρων","FALSE"
"11157","ὂν","TRUE"
"11158","καὶ","TRUE"
"11159","πλειόνων","FALSE"
"11160","καὶ","TRUE"
"11161","ἐλαττόνων","FALSE"
"11162",",","FALSE"
"11163","καὶ","TRUE"
"11164","ἀριθμῷ","FALSE"
"11165","ἔλαττον","FALSE"
"11166","ἂν","TRUE"
"11167","καὶ","TRUE"
"11168","πλέον","FALSE"
"11169","εἴη","TRUE"
"11170","αὐτό","TRUE"
"11171","τε","TRUE"
"11172","αὑτοῦ","TRUE"
"11173","καὶ","TRUE"
"11174","τῶν","TRUE"
"11175","ἄλλων","TRUE"
"11176","καὶ","TRUE"
"11177","ἴσον","FALSE"
"11178","αὑτῷ","TRUE"
"11179","τε","TRUE"
"11180","καὶ","TRUE"
"11181","τοῖς","TRUE"
"11182","ἄλλοις","TRUE"
"11183","κατὰ","TRUE"
"11184","ταὐτά","FALSE"
"11185",".","FALSE"
"11186","πῶς","FALSE"
"11187",";","FALSE"
"11188","ὧνπερ","TRUE"
"11189","μεῖζόν","FALSE"
"11190","ἐστι","TRUE"
"11191",",","FALSE"
"11192","πλειόνων","FALSE"
"11193","που","FALSE"
"11194","καὶ","TRUE"
"11195","μέτρων","FALSE"
"11196","ἂν","TRUE"
"11197","εἴη","TRUE"
"11198","αὐτῶν","TRUE"
"11199",",","FALSE"
"11200","ὅσων","FALSE"
"11201","δὲ","TRUE"
"11202","μέτρων","FALSE"
"11203",",","FALSE"
"11204","καὶ","TRUE"
"11205","μερῶν","FALSE"
"11206","·","FALSE"
"11207","καὶ","TRUE"
"11208","ὧν","TRUE"
"11209","ἔλαττον","FALSE"
"11210",",","FALSE"
"11211","ὡσαύτως","FALSE"
"11212","·","FALSE"
"11213","καὶ","TRUE"
"11214","οἷς","TRUE"
"11215","ἴσον","FALSE"
"11216",",","FALSE"
"11217","κατὰ","TRUE"
"11218","ταὐτά","FALSE"
"11219",".","FALSE"
"11220","οὕτως","TRUE"
"11221",".","FALSE"
"11222","οὐκοῦν","FALSE"
"11223","ἑαυτοῦ","TRUE"
"11224","μεῖζον","FALSE"
"11225","καὶ","TRUE"
"11226","ἔλαττον","FALSE"
"11227","ὂν","TRUE"
"11228","καὶ","TRUE"
"11229","ἴσον","FALSE"
"11230","ἴσων","FALSE"
"11231","ἂν","TRUE"
"11232","εἴη","TRUE"
"11233","μέτρων","FALSE"
"11234","καὶ","TRUE"
"11235","πλειόνων","FALSE"
"11236","καὶ","TRUE"
"11237","ἐλαττόνων","FALSE"
"11238","αὑτῷ","TRUE"
"11239",",","FALSE"
"11240","ἐπειδὴ","FALSE"
"11241","δὲ","TRUE"
"11242","μέτρων","FALSE"
"11243",",","FALSE"
"11244","καὶ","TRUE"
"11245","μερῶν","FALSE"
"11246",";","FALSE"
"11247","πῶς","FALSE"
"11248","δʼ","FALSE"
"11249","οὔ","TRUE"
"11250",";","FALSE"
"11251","ἴσων","FALSE"
"11252","μὲν","TRUE"
"11253","ἄρα","TRUE"
"11254","μερῶν","FALSE"
"11255","ὂν","TRUE"
"11256","αὑτῷ","TRUE"
"11257","ἴσον","FALSE"
"11258","ἂν","TRUE"
"11259","τὸ","TRUE"
"11260","πλῆθος","FALSE"
"11261","αὑτῷ","TRUE"
"11262","εἴη","TRUE"
"11263",",","FALSE"
"11264","πλειόνων","FALSE"
"11265","δὲ","TRUE"
"11266","πλέον","FALSE"
"11267",",","FALSE"
"11268","ἐλαττόνων","FALSE"
"11269","δὲ","TRUE"
"11270","ἔλαττον","FALSE"
"11271","τὸν","TRUE"
"11272","ἀριθμὸν","FALSE"
"11273","αὑτοῦ","TRUE"
"11274",".","FALSE"
"11275","φαίνεται","FALSE"
"11276",".","FALSE"
"11277","οὐκοῦν","FALSE"
"11278","καὶ","TRUE"
"11279","πρὸς","TRUE"
"11280","τἆ","FALSE"
"11281","λλα","FALSE"
"11282","ὡσαύτως","FALSE"
"11283","ἕξει","FALSE"
"11284","τὸ","TRUE"
"11285","ἕν","FALSE"
"11286",";","FALSE"
"11287","ὅτι","TRUE"
"11288","μὲν","TRUE"
"11289","μεῖζον","FALSE"
"11290","αὐτῶν","TRUE"
"11291","φαίνεται","FALSE"
"11292",",","FALSE"
"11293","ἀνάγκη","FALSE"
"11294","πλέον","FALSE"
"11295","εἶναι","TRUE"
"11296","καὶ","TRUE"
"11297","τὸν","TRUE"
"11298","ἀριθμὸν","FALSE"
"11299","αὐτῶν","TRUE"
"11300","·","FALSE"
"11301","ὅτι","TRUE"
"11302","δὲ","TRUE"
"11303","σμικρότερον","FALSE"
"11304",",","FALSE"
"11305","ἔλαττον","FALSE"
"11306","·","FALSE"
"11307","ὅτι","TRUE"
"11308","δὲ","TRUE"
"11309","ἴσον","FALSE"
"11310","μεγέθει","FALSE"
"11311",",","FALSE"
"11312","ἴσον","FALSE"
"11313","καὶ","TRUE"
"11314","τὸ","TRUE"
"11315","πλῆθος","FALSE"
"11316","εἶναι","TRUE"
"11317","τοῖς","TRUE"
"11318","ἄλλοις","TRUE"
"11319",";","FALSE"
"11320","ἀνάγκη","FALSE"
"11321",".","FALSE"
"11322","οὕτω","TRUE"
"11323","δὴ","TRUE"
"11324","αὖ","FALSE"
"11325",",","FALSE"
"11326","ὡς","TRUE"
"11327","ἔοικε","FALSE"
"11328",",","FALSE"
"11329","τὸ","TRUE"
"11330","ἓν","FALSE"
"11331","καὶ","TRUE"
"11332","ἴσον","FALSE"
"11333","καὶ","TRUE"
"11334","πλέον","FALSE"
"11335","καὶ","TRUE"
"11336","ἔλαττον","FALSE"
"11337","τὸν","TRUE"
"11338","ἀριθμὸν","FALSE"
"11339","αὐτό","TRUE"
"11340","τε","TRUE"
"11341","αὑτοῦ","TRUE"
"11342","ἔσται","TRUE"
"11343","καὶ","TRUE"
"11344","τῶν","TRUE"
"11345","ἄλλων","TRUE"
"11346",".","FALSE"
"11347","ἔσται","TRUE"
"11348",".","FALSE"
"11349","ἆρʼ","FALSE"
"11350","οὖν","TRUE"
"11351","καὶ","TRUE"
"11352","χρόνου","FALSE"
"11353","μετέχει","FALSE"
"11354","τὸ","TRUE"
"11355","ἕν","FALSE"
"11356",",","FALSE"
"11357","καὶ","TRUE"
"11358","ἐστί","TRUE"
"11359","τε","TRUE"
"11360","καὶ","TRUE"
"11361","γίγνεται","FALSE"
"11362","νεώτερόν","FALSE"
"11363","τε","TRUE"
"11364","καὶ","TRUE"
"11365","πρεσβύτερον","FALSE"
"11366","αὐτό","TRUE"
"11367","τε","TRUE"
"11368","ἑαυτοῦ","TRUE"
"11369","καὶ","TRUE"
"11370","τῶν","TRUE"
"11371","ἄλλων","TRUE"
"11372",",","FALSE"
"11373","καὶ","TRUE"
"11374","οὔτε","TRUE"
"11375","νεώτερον","FALSE"
"11376","οὔτε","TRUE"
"11377","πρεσβύτερον","FALSE"
"11378","οὔτε","TRUE"
"11379","ἑαυτοῦ","TRUE"
"11380","οὔτε","TRUE"
"11381","τῶν","TRUE"
"11382","ἄλλων","TRUE"
"11383",",","FALSE"
"11384","χρόνου","FALSE"
"11385","μετέχον","FALSE"
"11386",";","FALSE"
"11387","πῶς","FALSE"
"11388",";","FALSE"
"11389","εἶναι","TRUE"
"11390","μέν","TRUE"
"11391","που","FALSE"
"11392","αὐτῷ","TRUE"
"11393","ὑπάρχει","FALSE"
"11394",",","FALSE"
"11395","εἴπερ","FALSE"
"11396","ἓν","FALSE"
"11397","ἔστιν","TRUE"
"11398",".","FALSE"
"11399","ναί","FALSE"
"11400",".","FALSE"
"11401","τὸ","TRUE"
"11402","δὲ","TRUE"
"11403","εἶναι","TRUE"
"11404","ἄλλο","TRUE"
"11405","τί","TRUE"
"11406","ἐστιν","TRUE"
"11407","ἢ","TRUE"
"11408","μέθεξις","FALSE"
"11409","οὐσίας","FALSE"
"11410","μετὰ","TRUE"
"11411","χρόνου","FALSE"
"11412","τοῦ","TRUE"
"11413","παρόντος","FALSE"
"11414",",","FALSE"
"11415","ὥσπερ","FALSE"
"11416","τὸ","TRUE"
"11417","ἦν","TRUE"
"11418","μετὰ","TRUE"
"11419","τοῦ","TRUE"
"11420","παρεληλυθότος","FALSE"
"11421","καὶ","TRUE"
"11422","αὖ","FALSE"
"11423","τὸ","TRUE"
"11424","ἔσται","TRUE"
"11425","μετὰ","TRUE"
"11426","τοῦ","TRUE"
"11427","μέλλοντος","FALSE"
"11428","οὐσίας","FALSE"
"11429","ἐστὶ","TRUE"
"11430","κοινωνία","FALSE"
"11431",";","FALSE"
"11432","ἔστι","TRUE"
"11433","γάρ","TRUE"
"11434",".","FALSE"
"11435","μετέχει","FALSE"
"11436","μὲν","TRUE"
"11437","ἄρα","TRUE"
"11438","χρόνου","FALSE"
"11439",",","FALSE"
"11440","εἴπερ","FALSE"
"11441","καὶ","TRUE"
"11442","τοῦ","TRUE"
"11443","εἶναι","TRUE"
"11444",".","FALSE"
"11445","πάνυ","FALSE"
"11446","γε","TRUE"
"11447",".","FALSE"
"11448","οὐκοῦν","FALSE"
"11449","πορευομένου","FALSE"
"11450","τοῦ","TRUE"
"11451","χρόνου","FALSE"
"11452",";","FALSE"
"11453","ναί","FALSE"
"11454",".","FALSE"
"11455","ἀεὶ","FALSE"
"11456","ἄρα","TRUE"
"11457","πρεσβύτερον","FALSE"
"11458","γίγνεται","FALSE"
"11459","ἑαυτοῦ","TRUE"
"11460",",","FALSE"
"11461","εἴπερ","FALSE"
"11462","προέρχεται","FALSE"
"11463","κατὰ","TRUE"
"11464","χρόνον","FALSE"
"11465",".","FALSE"
"11466","ἀνάγκη","FALSE"
"11467",".","FALSE"
"11468","ἆρʼ","FALSE"
"11469","οὖν","TRUE"
"11470","μεμνήμεθα","FALSE"
"11471","ὅτι","TRUE"
"11472","νεωτέρου","FALSE"
"11473","γιγνομένου","FALSE"
"11474","τὸ","TRUE"
"11475","πρεσβύτερον","FALSE"
"11476","πρεσβύτερον","FALSE"
"11477","γίγνεται","FALSE"
"11478",";","FALSE"
"11479","μεμνήμεθα","FALSE"
"11480",".","FALSE"
"11481","οὐκοῦν","FALSE"
"11482","ἐπειδὴ","FALSE"
"11483","πρεσβύτερον","FALSE"
"11484","ἑαυτοῦ","TRUE"
"11485","γίγνεται","FALSE"
"11486","τὸ","TRUE"
"11487","ἕν","FALSE"
"11488",",","FALSE"
"11489","νεωτέρου","FALSE"
"11490","ἂν","TRUE"
"11491","γιγνομένου","FALSE"
"11492","ἑαυτοῦ","TRUE"
"11493","πρεσβύτερον","FALSE"
"11494","γίγνοιτο","FALSE"
"11495",";","FALSE"
"11496","ἀνάγκη","FALSE"
"11497",".","FALSE"
"11498","γίγνεται","FALSE"
"11499","μὲν","TRUE"
"11500","δὴ","TRUE"
"11501","νεώτερόν","FALSE"
"11502","τε","TRUE"
"11503","καὶ","TRUE"
"11504","πρεσβύτερον","FALSE"
"11505","αὑτοῦ","TRUE"
"11506","οὕτω","TRUE"
"11507",".","FALSE"
"11508","ναί","FALSE"
"11509",".","FALSE"
"11510","ἔστι","TRUE"
"11511","δὲ","TRUE"
"11512","πρεσβύτερον","FALSE"
"11513","ἆρʼ","FALSE"
"11514","οὐχ","TRUE"
"11515","ὅταν","FALSE"
"11516","κατὰ","TRUE"
"11517","τὸν","TRUE"
"11518","νῦν","FALSE"
"11519","χρόνον","FALSE"
"11520","ᾖ","TRUE"
"11521","γιγνόμενον","FALSE"
"11522","τὸν","TRUE"
"11523","μεταξὺ","FALSE"
"11524","τοῦ","TRUE"
"11525","ἦν","TRUE"
"11526","τε","TRUE"
"11527","καὶ","TRUE"
"11528","ἔσται","TRUE"
"11529",";","FALSE"
"11530","οὐ","TRUE"
"11531","γάρ","TRUE"
"11532","που","FALSE"
"11533","πορευόμενόν","FALSE"
"11534","γε","TRUE"
"11535","ἐκ","TRUE"
"11536","τοῦ","TRUE"
"11537","ποτὲ","FALSE"
"11538","εἰς","TRUE"
"11539","τὸ","TRUE"
"11540","ἔπειτα","FALSE"
"11541","ὑπερβήσεται","FALSE"
"11542","τὸ","TRUE"
"11543","νῦν","FALSE"
"11544",".","FALSE"
"11545","οὐ","TRUE"
"11546","γάρ","TRUE"
"11547",".","FALSE"
"11548","ἆρʼ","FALSE"
"11549","οὖν","TRUE"
"11550","οὐκ","TRUE"
"11551","ἐπίσχει","FALSE"
"11552","τότε","FALSE"
"11553","τοῦ","TRUE"
"11554","γίγνεσθαι","FALSE"
"11555","πρεσβύτερον","FALSE"
"11556",",","FALSE"
"11557","ἐπειδὰν","FALSE"
"11558","τῷ","TRUE"
"11559","νῦν","FALSE"
"11560","ἐντύχῃ","FALSE"
"11561",",","FALSE"
"11562","καὶ","TRUE"
"11563","οὐ","TRUE"
"11564","γίγνεται","FALSE"
"11565",",","FALSE"
"11566","ἀλλʼ","FALSE"
"11567","ἔστι","TRUE"
"11568","τότʼ","FALSE"
"11569","ἤδη","FALSE"
"11570","πρεσβύτερον","FALSE"
"11571",";","FALSE"
"11572","προϊὸν","FALSE"
"11573","γὰρ","TRUE"
"11574","οὐκ","TRUE"
"11575","ἄν","TRUE"
"11576","ποτε","FALSE"
"11577","ληφθείη","FALSE"
"11578","ὑπὸ","TRUE"
"11579","τοῦ","TRUE"
"11580","νῦν","FALSE"
"11581",".","FALSE"
"11582","τὸ","TRUE"
"11583","γὰρ","TRUE"
"11584","προϊὸν","FALSE"
"11585","οὕτως","TRUE"
"11586","ἔχει","FALSE"
"11587","ὡς","TRUE"
"11588","ἀμφοτέρων","FALSE"
"11589","ἐφάπτεσθαι","FALSE"
"11590",",","FALSE"
"11591","τοῦ","TRUE"
"11592","τε","TRUE"
"11593","νῦν","FALSE"
"11594","καὶ","TRUE"
"11595","τοῦ","TRUE"
"11596","ἔπειτα","FALSE"
"11597",",","FALSE"
"11598","τοῦ","TRUE"
"11599","μὲν","TRUE"
"11600","νῦν","FALSE"
"11601","ἀφιέμενον","FALSE"
"11602",",","FALSE"
"11603","τοῦ","TRUE"
"11604","δʼ","FALSE"
"11605","ἔπειτα","FALSE"
"11606","ἐπιλαμβανόμενον","FALSE"
"11607",",","FALSE"
"11608","μεταξὺ","FALSE"
"11609","ἀμφοτέρων","FALSE"
"11610","γιγνόμενον","FALSE"
"11611",",","FALSE"
"11612","τοῦ","TRUE"
"11613","τε","TRUE"
"11614","ἔπειτα","FALSE"
"11615","καὶ","TRUE"
"11616","τοῦ","TRUE"
"11617","νῦν","FALSE"
"11618",".","FALSE"
"11619","ἀληθῆ","FALSE"
"11620",".","FALSE"
"11621","εἰ","TRUE"
"11622","δέ","TRUE"
"11623","γε","TRUE"
"11624","ἀνάγκη","FALSE"
"11625","μὴ","TRUE"
"11626","παρελθεῖν","FALSE"
"11627","τὸ","TRUE"
"11628","νῦν","FALSE"
"11629","πᾶν","FALSE"
"11630","τὸ","TRUE"
"11631","γιγνόμενον","FALSE"
"11632",",","FALSE"
"11633","ἐπειδὰν","FALSE"
"11634","κατὰ","TRUE"
"11635","τοῦτο","TRUE"
"11636","ᾖ","TRUE"
"11637",",","FALSE"
"11638","ἐπίσχει","FALSE"
"11639","ἀεὶ","FALSE"
"11640","τοῦ","TRUE"
"11641","γίγνεσθαι","FALSE"
"11642","καὶ","TRUE"
"11643","ἔστι","TRUE"
"11644","τότε","FALSE"
"11645","τοῦτο","TRUE"
"11646","ὅτι","TRUE"
"11647","ἂν","TRUE"
"11648","τύχῃ","FALSE"
"11649","γιγνόμενον","FALSE"
"11650",".","FALSE"
"11651","φαίνεται","FALSE"
"11652",".","FALSE"
"11653","καὶ","TRUE"
"11654","τὸ","TRUE"
"11655","ἓν","FALSE"
"11656","ἄρα","TRUE"
"11657",",","FALSE"
"11658","ὅταν","FALSE"
"11659","πρεσβύτερον","FALSE"
"11660","γιγνόμενον","FALSE"
"11661","ἐντύχῃ","FALSE"
"11662","τῷ","TRUE"
"11663","νῦν","FALSE"
"11664",",","FALSE"
"11665","ἐπέσχεν","FALSE"
"11666","τοῦ","TRUE"
"11667","γίγνεσθαι","FALSE"
"11668","καὶ","TRUE"
"11669","ἔστι","TRUE"
"11670","τότε","FALSE"
"11671","πρεσβύτερον","FALSE"
"11672",".","FALSE"
"11673","πάνυ","FALSE"
"11674","μὲν","TRUE"
"11675","οὖν","TRUE"
"11676",".","FALSE"
"11677","οὐκοῦν","FALSE"
"11678","οὗπερ","FALSE"
"11679","ἐγίγνετο","FALSE"
"11680","πρεσβύτερον","FALSE"
"11681",",","FALSE"
"11682","τούτου","TRUE"
"11683","καὶ","TRUE"
"11684","ἔστιν","TRUE"
"11685","·","FALSE"
"11686","ἐγίγνετο","FALSE"
"11687","δὲ","TRUE"
"11688","αὑτοῦ","TRUE"
"11689",";","FALSE"
"11690","ναί","FALSE"
"11691",".","FALSE"
"11692","ἔστι","TRUE"
"11693","δὲ","TRUE"
"11694","τὸ","TRUE"
"11695","πρεσβύτερον","FALSE"
"11696","νεωτέρου","FALSE"
"11697","πρεσβύτερον","FALSE"
"11698",";","FALSE"
"11699","ἔστιν","TRUE"
"11700",".","FALSE"
"11701","καὶ","TRUE"
"11702","νεώτερον","FALSE"
"11703","ἄρα","TRUE"
"11704","τότε","FALSE"
"11705","αὑτοῦ","TRUE"
"11706","ἐστι","TRUE"
"11707","τὸ","TRUE"
"11708","ἕν","FALSE"
"11709",",","FALSE"
"11710","ὅταν","FALSE"
"11711","πρεσβύτερον","FALSE"
"11712","γιγνόμενον","FALSE"
"11713","ἐντύχῃ","FALSE"
"11714","τῷ","TRUE"
"11715","νῦν","FALSE"
"11716",".","FALSE"
"11717","ἀνάγκη","FALSE"
"11718",".","FALSE"
"11719","τό","TRUE"
"11720","γε","TRUE"
"11721","μὴν","FALSE"
"11722","νῦν","FALSE"
"11723","ἀεὶ","FALSE"
"11724","πάρεστι","FALSE"
"11725","τῷ","TRUE"
"11726","ἑνὶ","FALSE"
"11727","διὰ","TRUE"
"11728","παντὸς","FALSE"
"11729","τοῦ","TRUE"
"11730","εἶναι","TRUE"
"11731","·","FALSE"
"11732","ἔστι","TRUE"
"11733","γὰρ","TRUE"
"11734","ἀεὶ","FALSE"
"11735","νῦν","FALSE"
"11736","ὅτανπερ","FALSE"
"11737","ᾖ","TRUE"
"11738",".","FALSE"
"11739","πῶς","FALSE"
"11740","γὰρ","TRUE"
"11741","οὔ","TRUE"
"11742",";","FALSE"
"11743","ἀεὶ","FALSE"
"11744","ἄρα","TRUE"
"11745","ἐστί","TRUE"
"11746","τε","TRUE"
"11747","καὶ","TRUE"
"11748","γίγνεται","FALSE"
"11749","πρεσβύτερον","FALSE"
"11750","ἑαυτοῦ","TRUE"
"11751","καὶ","TRUE"
"11752","νεώτερον","FALSE"
"11753","τὸ","TRUE"
"11754","ἕν","FALSE"
"11755",".","FALSE"
"11756","ἔοικεν","FALSE"
"11757",".","FALSE"
"11758","πλείω","FALSE"
"11759","δὲ","TRUE"
"11760","χρόνον","FALSE"
"11761","αὐτὸ","TRUE"
"11762","ἑαυτοῦ","TRUE"
"11763","ἔστιν","TRUE"
"11764","ἢ","TRUE"
"11765","γίγνεται","FALSE"
"11766",",","FALSE"
"11767","ἢ","TRUE"
"11768","τὸν","TRUE"
"11769","ἴσον","FALSE"
"11770",";","FALSE"
"11771","τὸν","TRUE"
"11772","ἴσον","FALSE"
"11773",".","FALSE"
"11774","ἀλλὰ","TRUE"
"11775","μὴν","FALSE"
"11776","τόν","TRUE"
"11777","γε","TRUE"
"11778","ἴσον","FALSE"
"11779","χρόνον","FALSE"
"11780","ἢ","TRUE"
"11781","γιγνόμενον","FALSE"
"11782","ἢ","TRUE"
"11783","ὂν","TRUE"
"11784","τὴν","TRUE"
"11785","αὐτὴν","TRUE"
"11786","ἡλικίαν","FALSE"
"11787","ἔχει","FALSE"
"11788",".","FALSE"
"11789","πῶς","FALSE"
"11790","δʼ","FALSE"
"11791","οὔ","TRUE"
"11792",";","FALSE"
"11793","τὸ","TRUE"
"11794","δὲ","TRUE"
"11795","τὴν","TRUE"
"11796","αὐτὴν","TRUE"
"11797","ἡλικίαν","FALSE"
"11798","ἔχον","FALSE"
"11799","οὔτε","TRUE"
"11800","πρεσβύτερον","FALSE"
"11801","οὔτε","TRUE"
"11802","νεώτερόν","FALSE"
"11803","ἐστιν","TRUE"
"11804",".","FALSE"
"11805","οὐ","TRUE"
"11806","γάρ","TRUE"
"11807",".","FALSE"
"11808","τὸ","TRUE"
"11809","ἓν","FALSE"
"11810","ἄρα","TRUE"
"11811","τὸν","TRUE"
"11812","ἴσον","FALSE"
"11813","χρόνον","FALSE"
"11814","αὐτὸ","TRUE"
"11815","ἑαυτῷ","TRUE"
"11816","καὶ","TRUE"
"11817","γιγνόμενον","FALSE"
"11818","καὶ","TRUE"
"11819","ὂν","TRUE"
"11820","οὔτε","TRUE"
"11821","νεώτερον","FALSE"
"11822","οὔτε","TRUE"
"11823","πρεσβύτερον","FALSE"
"11824","ἑαυτοῦ","TRUE"
"11825","ἐστιν","TRUE"
"11826","οὐδὲ","TRUE"
"11827","γίγνεται","FALSE"
"11828",".","FALSE"
"11829","οὔ","TRUE"
"11830","μοι","TRUE"
"11831","δοκεῖ","FALSE"
"11832",".","FALSE"
"11833","τί","TRUE"
"11834","δέ","TRUE"
"11835",";","FALSE"
"11836","τῶν","TRUE"
"11837","ἄλλων","TRUE"
"11838",";","FALSE"
"11839","οὐκ","TRUE"
"11840","ἔχω","FALSE"
"11841","λέγειν","FALSE"
"11842",".","FALSE"
"11843","τόδε","TRUE"
"11844","γε","TRUE"
"11845","μὴν","FALSE"
"11846","ἔχεις","FALSE"
"11847","λέγειν","FALSE"
"11848",",","FALSE"
"11849","ὅτι","TRUE"
"11850","τὰ","TRUE"
"11851","ἄλλα","TRUE"
"11852","τοῦ","TRUE"
"11853","ἑνός","FALSE"
"11854",",","FALSE"
"11855","εἴπερ","FALSE"
"11856","ἕτερά","FALSE"
"11857","ἐστιν","TRUE"
"11858",",","FALSE"
"11859","ἀλλὰ","TRUE"
"11860","μὴ","TRUE"
"11861","ἕτερον","FALSE"
"11862",",","FALSE"
"11863","πλείω","FALSE"
"11864","ἐστὶν","TRUE"
"11865","ἑνός","FALSE"
"11866","·","FALSE"
"11867","ἕτερον","FALSE"
"11868","μὲν","TRUE"
"11869","γὰρ","TRUE"
"11870","ὂν","TRUE"
"11871","ἓν","FALSE"
"11872","ἂν","TRUE"
"11873","ἦν","TRUE"
"11874",",","FALSE"
"11875","ἕτερα","FALSE"
"11876","δὲ","TRUE"
"11877","ὄντα","TRUE"
"11878","πλείω","FALSE"
"11879","ἑνός","FALSE"
"11880","ἐστι","TRUE"
"11881","καὶ","TRUE"
"11882","πλῆθος","FALSE"
"11883","ἂν","TRUE"
"11884","ἔχοι","FALSE"
"11885",".","FALSE"
"11886","ἔχοι","FALSE"
"11887","γὰρ","TRUE"
"11888","ἄν","TRUE"
"11889",".","FALSE"
"11890","πλῆθος","FALSE"
"11891","δὲ","TRUE"
"11892","ὂν","TRUE"
"11893","ἀριθμοῦ","FALSE"
"11894","πλείονος","FALSE"
"11895","ἂν","TRUE"
"11896","μετέχοι","FALSE"
"11897","ἢ","TRUE"
"11898","τοῦ","TRUE"
"11899","ἑνός","FALSE"
"11900",".","FALSE"
"11901","πῶς","FALSE"
"11902","δʼ","FALSE"
"11903","οὔ","TRUE"
"11904",";","FALSE"
"11905","τί","TRUE"
"11906","οὖν","TRUE"
"11907",";","FALSE"
"11908","ἀριθμοῦ","FALSE"
"11909","φήσομεν","FALSE"
"11910","τὰ","TRUE"
"11911","πλείω","FALSE"
"11912","γίγνεσθαί","FALSE"
"11913","τε","TRUE"
"11914","καὶ","TRUE"
"11915","γεγονέναι","FALSE"
"11916","πρότερον","FALSE"
"11917",",","FALSE"
"11918","ἢ","TRUE"
"11919","τὰ","TRUE"
"11920","ἐλάττω","FALSE"
"11921",";","FALSE"
"11922","τὰ","TRUE"
"11923","ἐλάττω","FALSE"
"11924",".","FALSE"
"11925","τὸ","TRUE"
"11926","ὀλίγιστον","FALSE"
"11927","ἄρα","TRUE"
"11928","πρῶτον","FALSE"
"11929","·","FALSE"
"11930","τοῦτο","TRUE"
"11931","δʼ","FALSE"
"11932","ἔστι","TRUE"
"11933","τὸ","TRUE"
"11934","ἕν","FALSE"
"11935",".","FALSE"
"11936","ἦ","TRUE"
"11937","γάρ","TRUE"
"11938",";","FALSE"
"11939","ναί","FALSE"
"11940",".","FALSE"
"11941","πάντων","FALSE"
"11942","ἄρα","TRUE"
"11943","τὸ","TRUE"
"11944","ἓν","FALSE"
"11945","πρῶτον","FALSE"
"11946","γέγονε","FALSE"
"11947","τῶν","TRUE"
"11948","ἀριθμὸν","FALSE"
"11949","ἐχόντων","FALSE"
"11950","·","FALSE"
"11951","ἔχει","FALSE"
"11952","δὲ","TRUE"
"11953","καὶ","TRUE"
"11954","τἆ","FALSE"
"11955","λλα","FALSE"
"11956","πάντα","FALSE"
"11957","ἀριθμόν","FALSE"
"11958",",","FALSE"
"11959","εἴπερ","FALSE"
"11960","ἄλλα","TRUE"
"11961","καὶ","TRUE"
"11962","μὴ","TRUE"
"11963","ἄλλο","TRUE"
"11964","ἐστίν","TRUE"
"11965",".","FALSE"
"11966","ἔχει","FALSE"
"11967","γάρ","TRUE"
"11968",".","FALSE"
"11969","πρῶτον","FALSE"
"11970","δέ","TRUE"
"11971","γε","TRUE"
"11972","οἶμαι","FALSE"
"11973","γεγονὸς","FALSE"
"11974","πρότερον","FALSE"
"11975","γέγονε","FALSE"
"11976",",","FALSE"
"11977","τὰ","TRUE"
"11978","δὲ","TRUE"
"11979","ἄλλα","TRUE"
"11980","ὕστερον","FALSE"
"11981",",","FALSE"
"11982","τὰ","TRUE"
"11983","δʼ","FALSE"
"11984","ὕστερον","FALSE"
"11985","γεγονότα","FALSE"
"11986","νεώτερα","FALSE"
"11987","τοῦ","TRUE"
"11988","πρότερον","FALSE"
"11989","γεγονότος","FALSE"
"11990","·","FALSE"
"11991","καὶ","TRUE"
"11992","οὕτως","TRUE"
"11993","ἂν","TRUE"
"11994","εἴη","TRUE"
"11995","τἆ","FALSE"
"11996","λλα","FALSE"
"11997","νεώτερα","FALSE"
"11998","τοῦ","TRUE"
"11999","ἑνός","FALSE"
"12000",",","FALSE"
"12001","τὸ","TRUE"
"12002","δὲ","TRUE"
"12003","ἓν","FALSE"
"12004","πρεσβύτερον","FALSE"
"12005","τῶν","TRUE"
"12006","ἄλλων","TRUE"
"12007",".","FALSE"
"12008","εἴη","TRUE"
"12009","γὰρ","TRUE"
"12010","ἄν","TRUE"
"12011",".","FALSE"
"12012","τί","TRUE"
"12013","δὲ","TRUE"
"12014","τόδε","TRUE"
"12015",";","FALSE"
"12016","ἆρʼ","FALSE"
"12017","ἂν","TRUE"
"12018","εἴη","TRUE"
"12019","τὸ","TRUE"
"12020","ἓν","FALSE"
"12021","παρὰ","TRUE"
"12022","φύσιν","FALSE"
"12023","τὴν","TRUE"
"12024","αὑτοῦ","TRUE"
"12025","γεγονός","FALSE"
"12026",",","FALSE"
"12027","ἢ","TRUE"
"12028","ἀδύνατον","FALSE"
"12029",";","FALSE"
"12030","ἀδύνατον","FALSE"
"12031",".","FALSE"
"12032","ἀλλὰ","TRUE"
"12033","μὴν","FALSE"
"12034","μέρη","FALSE"
"12035","γε","TRUE"
"12036","ἔχον","FALSE"
"12037","ἐφάνη","FALSE"
"12038","τὸ","TRUE"
"12039","ἕν","FALSE"
"12040",",","FALSE"
"12041","εἰ","TRUE"
"12042","δὲ","TRUE"
"12043","μέρη","FALSE"
"12044",",","FALSE"
"12045","καὶ","TRUE"
"12046","ἀρχὴν","FALSE"
"12047","καὶ","TRUE"
"12048","τελευτὴν","FALSE"
"12049","καὶ","TRUE"
"12050","μέσον","FALSE"
"12051",".","FALSE"
"12052","ναί","FALSE"
"12053",".","FALSE"
"12054","οὐκοῦν","FALSE"
"12055","πάντων","FALSE"
"12056","πρῶτον","FALSE"
"12057","ἀρχὴ","FALSE"
"12058","γίγνεται","FALSE"
"12059",",","FALSE"
"12060","καὶ","TRUE"
"12061","αὐτοῦ","TRUE"
"12062","τοῦ","TRUE"
"12063","ἑνὸς","FALSE"
"12064","καὶ","TRUE"
"12065","ἑκάστου","FALSE"
"12066","τῶν","TRUE"
"12067","ἄλλων","TRUE"
"12068",",","FALSE"
"12069","καὶ","TRUE"
"12070","μετὰ","TRUE"
"12071","τὴν","TRUE"
"12072","ἀρχὴν","FALSE"
"12073","καὶ","TRUE"
"12074","τἆ","FALSE"
"12075","λλα","FALSE"
"12076","πάντα","FALSE"
"12077","μέχρι","FALSE"
"12078","τοῦ","TRUE"
"12079","τέλους","FALSE"
"12080",";","FALSE"
"12081","τί","TRUE"
"12082","μήν","FALSE"
"12083",";","FALSE"
"12084","καὶ","TRUE"
"12085","μὴν","FALSE"
"12086","μόριά","FALSE"
"12087","γε","TRUE"
"12088","φήσομεν","FALSE"
"12089","ταῦτʼ","FALSE"
"12090","εἶναι","TRUE"
"12091","πάντα","FALSE"
"12092","τἆ","FALSE"
"12093","λλα","FALSE"
"12094","τοῦ","TRUE"
"12095","ὅλου","FALSE"
"12096","τε","TRUE"
"12097","καὶ","TRUE"
"12098","ἑνός","FALSE"
"12099",",","FALSE"
"12100","αὐτὸ","TRUE"
"12101","δὲ","TRUE"
"12102","ἐκεῖνο","FALSE"
"12103","ἅμα","FALSE"
"12104","τῇ","TRUE"
"12105","τελευτῇ","FALSE"
"12106","γεγονέναι","FALSE"
"12107","ἕν","FALSE"
"12108","τε","TRUE"
"12109","καὶ","TRUE"
"12110","ὅλον","FALSE"
"12111",".","FALSE"
"12112","φήσομεν","FALSE"
"12113","γάρ","TRUE"
"12114",".","FALSE"
"12115","τελευτὴ","FALSE"
"12116","δέ","TRUE"
"12117","γε","TRUE"
"12118","οἶμαι","FALSE"
"12119","ὕστατον","FALSE"
"12120","γίγνεται","FALSE"
"12121",",","FALSE"
"12122","τούτῳ","TRUE"
"12123","δʼ","FALSE"
"12124","ἅμα","FALSE"
"12125","τὸ","TRUE"
"12126","ἓν","FALSE"
"12127","πέφυκε","FALSE"
"12128","γίγνεσθαι","FALSE"
"12129","·","FALSE"
"12130","ὥστʼ","FALSE"
"12131","εἴπερ","FALSE"
"12132","ἀνάγκη","FALSE"
"12133","αὐτὸ","TRUE"
"12134","τὸ","TRUE"
"12135","ἓν","FALSE"
"12136","μὴ","TRUE"
"12137","παρὰ","TRUE"
"12138","φύσιν","FALSE"
"12139","γίγνεσθαι","FALSE"
"12140",",","FALSE"
"12141","ἅμα","FALSE"
"12142","τελευτῇ","FALSE"
"12143","ἂν","TRUE"
"12144","γεγονὸς","FALSE"
"12145","ὕστατον","FALSE"
"12146","ἂν","TRUE"
"12147","τῶν","TRUE"
"12148","ἄλλων","TRUE"
"12149","πεφυκὸς","FALSE"
"12150","εἴη","TRUE"
"12151","γίγνεσθαι","FALSE"
"12152",".","FALSE"
"12153","φαίνεται","FALSE"
"12154",".","FALSE"
"12155","νεώτερον","FALSE"
"12156","ἄρα","TRUE"
"12157","τῶν","TRUE"
"12158","ἄλλων","TRUE"
"12159","τὸ","TRUE"
"12160","ἕν","FALSE"
"12161","ἐστι","TRUE"
"12162",",","FALSE"
"12163","τὰ","TRUE"
"12164","δʼ","FALSE"
"12165","ἄλλα","TRUE"
"12166","τοῦ","TRUE"
"12167","ἑνὸς","FALSE"
"12168","πρεσβύτερα","FALSE"
"12169",".","FALSE"
"12170","οὕτως","TRUE"
"12171","αὖ","FALSE"
"12172","μοι","TRUE"
"12173","φαίνεται","FALSE"
"12174",".","FALSE"
"12175","τί","TRUE"
"12176","δὲ","TRUE"
"12177","δή","TRUE"
"12178",";","FALSE"
"12179","ἀρχὴν","FALSE"
"12180","ἢ","TRUE"
"12181","ἄλλο","TRUE"
"12182","μέρος","FALSE"
"12183","ὁτιοῦν","FALSE"
"12184","τοῦ","TRUE"
"12185","ἑνὸς","FALSE"
"12186","ἢ","TRUE"
"12187","ἄλλου","TRUE"
"12188","ὁτουοῦν","FALSE"
"12189",",","FALSE"
"12190","ἐάνπερ","FALSE"
"12191","μέρος","FALSE"
"12192","ᾖ","TRUE"
"12193","ἀλλὰ","TRUE"
"12194","μὴ","TRUE"
"12195","μέρη","FALSE"
"12196",",","FALSE"
"12197","οὐκ","TRUE"
"12198","ἀναγκαῖον","FALSE"
"12199","ἓν","FALSE"
"12200","εἶναι","TRUE"
"12201",",","FALSE"
"12202","μέρος","FALSE"
"12203","γε","TRUE"
"12204","ὄν","FALSE"
"12205",";","FALSE"
"12206","ἀνάγκη","FALSE"
"12207",".","FALSE"
"12208","οὐκοῦν","FALSE"
"12209","τὸ","TRUE"
"12210","ἓν","FALSE"
"12211","ἅμα","FALSE"
"12212","τε","TRUE"
"12213","τῷ","TRUE"
"12214","πρώτῳ","FALSE"
"12215","γιγνομένῳ","FALSE"
"12216","γίγνοιτʼ","FALSE"
"12217","ἂν","TRUE"
"12218","καὶ","TRUE"
"12219","ἅμα","FALSE"
"12220","τῷ","TRUE"
"12221","δευτέρῳ","FALSE"
"12222",",","FALSE"
"12223","καὶ","TRUE"
"12224","οὐδενὸς","TRUE"
"12225","ἀπολείπεται","FALSE"
"12226","τῶν","TRUE"
"12227","ἄλλων","TRUE"
"12228","γιγνομένων","FALSE"
"12229",",","FALSE"
"12230","ὅτιπερ","FALSE"
"12231","ἂν","TRUE"
"12232","προσγίγνηται","FALSE"
"12233","ὁτῳοῦν","FALSE"
"12234",",","FALSE"
"12235","ἕως","FALSE"
"12236","ἂν","TRUE"
"12237","πρὸς","TRUE"
"12238","τὸ","TRUE"
"12239","ἔσχατον","FALSE"
"12240","διελθὸν","FALSE"
"12241","ὅλον","FALSE"
"12242","ἓν","FALSE"
"12243","γένηται","FALSE"
"12244",",","FALSE"
"12245","οὔτε","TRUE"
"12246","μέσου","FALSE"
"12247","οὔτε","TRUE"
"12248","πρώτου","FALSE"
"12249","οὔτε","TRUE"
"12250","ἐσχάτου","FALSE"
"12251","οὔτε","TRUE"
"12252","ἄλλου","TRUE"
"12253","οὐδενὸς","TRUE"
"12254","ἀπολειφθὲν","FALSE"
"12255","ἐν","TRUE"
"12256","τῇ","TRUE"
"12257","γενέσει","FALSE"
"12258",".","FALSE"
"12259","ἀληθῆ","FALSE"
"12260",".","FALSE"
"12261","πᾶσιν","FALSE"
"12262","ἄρα","TRUE"
"12263","τοῖς","TRUE"
"12264","ἄλλοις","TRUE"
"12265","τὴν","TRUE"
"12266","αὐτὴν","TRUE"
"12267","ἡλικίαν","FALSE"
"12268","ἴσχει","FALSE"
"12269","τὸ","TRUE"
"12270","ἕν","FALSE"
"12271","·","FALSE"
"12272","ὥστʼ","FALSE"
"12273","εἰ","TRUE"
"12274","μὴ","TRUE"
"12275","παρὰ","TRUE"
"12276","φύσιν","FALSE"
"12277","πέφυκεν","FALSE"
"12278","αὐτὸ","TRUE"
"12279","τὸ","TRUE"
"12280","ἕν","FALSE"
"12281",",","FALSE"
"12282","οὔτε","TRUE"
"12283","πρότερον","FALSE"
"12284","οὔτε","TRUE"
"12285","ὕστερον","FALSE"
"12286","τῶν","TRUE"
"12287","ἄλλων","TRUE"
"12288","γεγονὸς","FALSE"
"12289","ἂν","TRUE"
"12290","εἴη","TRUE"
"12291",",","FALSE"
"12292","ἀλλʼ","FALSE"
"12293","ἅμα","FALSE"
"12294",".","FALSE"
"12295","καὶ","TRUE"
"12296","κατὰ","TRUE"
"12297","τοῦτον","TRUE"
"12298","τὸν","TRUE"
"12299","λόγον","FALSE"
"12300","τὸ","TRUE"
"12301","ἓν","FALSE"
"12302","τῶν","TRUE"
"12303","ἄλλων","TRUE"
"12304","οὔτε","TRUE"
"12305","πρεσβύτερον","FALSE"
"12306","οὔτε","TRUE"
"12307","νεώτερον","FALSE"
"12308","ἂν","TRUE"
"12309","εἴη","TRUE"
"12310",",","FALSE"
"12311","οὐδὲ","TRUE"
"12312","τἆ","FALSE"
"12313","λλα","FALSE"
"12314","τοῦ","TRUE"
"12315","ἑνός","FALSE"
"12316","·","FALSE"
"12317","κατὰ","TRUE"
"12318","δὲ","TRUE"
"12319","τὸν","TRUE"
"12320","πρόσθεν","FALSE"
"12321","πρεσβύτερόν","FALSE"
"12322","τε","TRUE"
"12323","καὶ","TRUE"
"12324","νεώτερον","FALSE"
"12325",",","FALSE"
"12326","καὶ","TRUE"
"12327","τἆ","FALSE"
"12328","λλα","FALSE"
"12329","ἐκείνου","FALSE"
"12330","ὡσαύτως","FALSE"
"12331",".","FALSE"
"12332","πάνυ","FALSE"
"12333","μὲν","TRUE"
"12334","οὖν","TRUE"
"12335",".","FALSE"
"12336","ἔστι","TRUE"
"12337","μὲν","TRUE"
"12338","δὴ","TRUE"
"12339","οὕτως","TRUE"
"12340","ἔχον","FALSE"
"12341","τε","TRUE"
"12342","καὶ","TRUE"
"12343","γεγονός","FALSE"
"12344",".","FALSE"
"12345","ἀλλὰ","TRUE"
"12346","τί","TRUE"
"12347","αὖ","FALSE"
"12348","περὶ","TRUE"
"12349","τοῦ","TRUE"
"12350","γίγνεσθαι","FALSE"
"12351","αὐτὸ","TRUE"
"12352","πρεσβύτερόν","FALSE"
"12353","τε","TRUE"
"12354","καὶ","TRUE"
"12355","νεώτερον","FALSE"
"12356","τῶν","TRUE"
"12357","ἄλλων","TRUE"
"12358","καὶ","TRUE"
"12359","τἆ","FALSE"
"12360","λλα","FALSE"
"12361","τοῦ","TRUE"
"12362","ἑνός","FALSE"
"12363",",","FALSE"
"12364","καὶ","TRUE"
"12365","μήτε","FALSE"
"12366","νεώτερον","FALSE"
"12367","μήτε","FALSE"
"12368","πρεσβύτερον","FALSE"
"12369","γίγνεσθαι","FALSE"
"12370",";","FALSE"
"12371","ἆρα","FALSE"
"12372","ὥσπερ","FALSE"
"12373","περὶ","TRUE"
"12374","τοῦ","TRUE"
"12375","εἶναι","TRUE"
"12376",",","FALSE"
"12377","οὕτω","TRUE"
"12378","καὶ","TRUE"
"12379","περὶ","TRUE"
"12380","τοῦ","TRUE"
"12381","γίγνεσθαι","FALSE"
"12382","ἔχει","FALSE"
"12383",",","FALSE"
"12384","ἢ","TRUE"
"12385","ἑτέρως","FALSE"
"12386",";","FALSE"
"12387","οὐκ","TRUE"
"12388","ἔχω","FALSE"
"12389","λέγειν","FALSE"
"12390",".","FALSE"
"12391","ἀλλʼ","FALSE"
"12392","ἐγὼ","TRUE"
"12393","τοσόνδε","FALSE"
"12394","γε","TRUE"
"12395","·","FALSE"
"12396","εἰ","TRUE"
"12397","καὶ","TRUE"
"12398","ἔστιν","TRUE"
"12399","πρεσβύτερον","FALSE"
"12400","ἕτερον","FALSE"
"12401","ἑτέρου","FALSE"
"12402",",","FALSE"
"12403","γίγνεσθαί","FALSE"
"12404","γε","TRUE"
"12405","αὐτὸ","TRUE"
"12406","πρεσβύτερον","FALSE"
"12407","ἔτι","TRUE"
"12408","ἢ","TRUE"
"12409","ὡς","TRUE"
"12410","τὸ","TRUE"
"12411","πρῶτον","FALSE"
"12412","εὐθὺς","FALSE"
"12413","γενόμενον","FALSE"
"12414","διήνεγκε","FALSE"
"12415","τῇ","TRUE"
"12416","ἡλικίᾳ","FALSE"
"12417","οὐκ","TRUE"
"12418","ἂν","TRUE"
"12419","ἔτι","TRUE"
"12420","δύναιτο","FALSE"
"12421",",","FALSE"
"12422","οὐδʼ","FALSE"
"12423","αὖ","FALSE"
"12424","τὸ","TRUE"
"12425","νεώτερον","FALSE"
"12426","ὂν","TRUE"
"12427","ἔτι","TRUE"
"12428","νεώτερον","FALSE"
"12429","γίγνεσθαι","FALSE"
"12430","·","FALSE"
"12431","ἀνίσοις","FALSE"
"12432","γὰρ","TRUE"
"12433","ἴσα","FALSE"
"12434","προστιθέμενα","FALSE"
"12435",",","FALSE"
"12436","χρόνῳ","FALSE"
"12437","τε","TRUE"
"12438","καὶ","TRUE"
"12439","ἄλλῳ","TRUE"
"12440","ὁτῳοῦν","FALSE"
"12441",",","FALSE"
"12442","ἴσῳ","FALSE"
"12443","ποιεῖ","FALSE"
"12444","διαφέρειν","FALSE"
"12445","ἀεὶ","FALSE"
"12446","ὅσῳπερ","FALSE"
"12447","ἂν","TRUE"
"12448","τὸ","TRUE"
"12449","πρῶτον","FALSE"
"12450","διενέγκῃ","FALSE"
"12451",".","FALSE"
"12452","πῶς","FALSE"
"12453","γὰρ","TRUE"
"12454","οὔ","TRUE"
"12455",";","FALSE"
"12456","οὐκ","TRUE"
"12457","ἄρα","TRUE"
"12458","τό","TRUE"
"12459","γε","TRUE"
"12460","ὂν","TRUE"
"12461","τοῦ","TRUE"
"12462","ἑνὸς","FALSE"
"12463","ὄντος","TRUE"
"12464","γίγνοιτʼ","FALSE"
"12465","ἄν","TRUE"
"12466","ποτε","FALSE"
"12467","πρεσβύτερον","FALSE"
"12468","οὐδὲ","TRUE"
"12469","νεώτερον","FALSE"
"12470",",","FALSE"
"12471","εἴπερ","FALSE"
"12472","ἴσῳ","FALSE"
"12473","διαφέρει","FALSE"
"12474","ἀεὶ","FALSE"
"12475","τὴν","TRUE"
"12476","ἡλικίαν","FALSE"
"12477","·","FALSE"
"12478","ἀλλʼ","FALSE"
"12479","ἔστι","TRUE"
"12480","καὶ","TRUE"
"12481","γέγονε","FALSE"
"12482","πρεσβύτερον","FALSE"
"12483",",","FALSE"
"12484","τὸ","TRUE"
"12485","δὲ","TRUE"
"12486","νεώτερον","FALSE"
"12487",",","FALSE"
"12488","γίγνεται","FALSE"
"12489","δʼ","FALSE"
"12490","οὔ","TRUE"
"12491",".","FALSE"
"12492","ἀληθῆ","FALSE"
"12493",".","FALSE"
"12494","καὶ","TRUE"
"12495","τὸ","TRUE"
"12496","ἓν","FALSE"
"12497","ἄρα","TRUE"
"12498","ὂν","TRUE"
"12499","τῶν","TRUE"
"12500","ἄλλων","TRUE"
"12501","ὄντων","TRUE"
"12502","οὔτε","TRUE"
"12503","πρεσβύτερόν","FALSE"
"12504","ποτε","FALSE"
"12505","οὔτε","TRUE"
"12506","νεώτερον","FALSE"
"12507","γίγνεται","FALSE"
"12508",".","FALSE"
"12509","οὐ","TRUE"
"12510","γὰρ","TRUE"
"12511","οὖν","TRUE"
"12512",".","FALSE"
"12513","ὅρα","FALSE"
"12514","δὲ","TRUE"
"12515","εἰ","TRUE"
"12516","τῇδε","TRUE"
"12517","πρεσβύτερα","FALSE"
"12518","καὶ","TRUE"
"12519","νεώτερα","FALSE"
"12520","γίγνεται","FALSE"
"12521",".","FALSE"
"12522","πῇ","FALSE"
"12523","δή","TRUE"
"12524",";","FALSE"
"12525","ἧι","FALSE"
"12526","τό","TRUE"
"12527","τε","TRUE"
"12528","ἓν","FALSE"
"12529","τῶν","TRUE"
"12530","ἄλλων","TRUE"
"12531","ἐφάνη","FALSE"
"12532","πρεσβύτερον","FALSE"
"12533","καὶ","TRUE"
"12534","τἆ","FALSE"
"12535","λλα","FALSE"
"12536","τοῦ","TRUE"
"12537","ἑνός","FALSE"
"12538",".","FALSE"
"12539","τί","TRUE"
"12540","οὖν","TRUE"
"12541",";","FALSE"
"12542","ὅταν","FALSE"
"12543","τὸ","TRUE"
"12544","ἓν","FALSE"
"12545","τῶν","TRUE"
"12546","ἄλλων","TRUE"
"12547","πρεσβύτερον","FALSE"
"12548","ᾖ","TRUE"
"12549",",","FALSE"
"12550","πλείω","FALSE"
"12551","που","FALSE"
"12552","χρόνον","FALSE"
"12553","γέγονεν","FALSE"
"12554","ἢ","TRUE"
"12555","τὰ","TRUE"
"12556","ἄλλα","TRUE"
"12557",".","FALSE"
"12558","ναί","FALSE"
"12559",".","FALSE"
"12560","πάλιν","FALSE"
"12561","δὴ","TRUE"
"12562","σκόπει","FALSE"
"12563","·","FALSE"
"12564","ἐὰν","TRUE"
"12565","πλέονι","FALSE"
"12566","καὶ","TRUE"
"12567","ἐλάττονι","FALSE"
"12568","χρόνῳ","FALSE"
"12569","προστιθῶμεν","FALSE"
"12570","τὸν","TRUE"
"12571","ἴσον","FALSE"
"12572","χρόνον","FALSE"
"12573",",","FALSE"
"12574","ἆρα","FALSE"
"12575","τῷ","TRUE"
"12576","ἴσῳ","FALSE"
"12577","μορίῳ","FALSE"
"12578","διοίσει","FALSE"
"12579","τὸ","TRUE"
"12580","πλέον","FALSE"
"12581","τοῦ","TRUE"
"12582","ἐλάττονος","FALSE"
"12583","ἢ","TRUE"
"12584","σμικροτέρῳ","FALSE"
"12585",";","FALSE"
"12586","σμικροτέρῳ","FALSE"
"12587",".","FALSE"
"12588","οὐκ","TRUE"
"12589","ἄρα","TRUE"
"12590","ἔσται","TRUE"
"12591",",","FALSE"
"12592","ὅτιπερ","FALSE"
"12593","τὸ","TRUE"
"12594","πρῶτον","FALSE"
"12595","ἦν","TRUE"
"12596","πρὸς","TRUE"
"12597","τἆ","FALSE"
"12598","λλα","FALSE"
"12599","ἡλικίᾳ","FALSE"
"12600","διαφέρον","FALSE"
"12601","τὸ","TRUE"
"12602","ἕν","FALSE"
"12603",",","FALSE"
"12604","τοῦτο","TRUE"
"12605","καὶ","TRUE"
"12606","εἰς","TRUE"
"12607","τὸ","TRUE"
"12608","ἔπειτα","FALSE"
"12609",",","FALSE"
"12610","ἀλλὰ","TRUE"
"12611","ἴσον","FALSE"
"12612","λαμβάνον","FALSE"
"12613","χρόνον","FALSE"
"12614","τοῖς","TRUE"
"12615","ἄλλοις","TRUE"
"12616","ἔλαττον","FALSE"
"12617","ἀεὶ","FALSE"
"12618","τῇ","TRUE"
"12619","ἡλικίᾳ","FALSE"
"12620","διοίσει","FALSE"
"12621","αὐτῶν","TRUE"
"12622","ἢ","TRUE"
"12623","πρότερον","FALSE"
"12624","·","FALSE"
"12625","ἢ","TRUE"
"12626","οὔ","TRUE"
"12627",";","FALSE"
"12628","ναί","FALSE"
"12629",".","FALSE"
"12630","οὐκοῦν","FALSE"
"12631","τό","TRUE"
"12632","γε","TRUE"
"12633","ἔλαττον","FALSE"
"12634","διαφέρον","FALSE"
"12635","ἡλικίᾳ","FALSE"
"12636","πρός","TRUE"
"12637","τι","TRUE"
"12638","ἢ","TRUE"
"12639","πρότερον","FALSE"
"12640","νεώτερον","FALSE"
"12641","γίγνοιτʼ","FALSE"
"12642","ἂν","TRUE"
"12643","ἢ","TRUE"
"12644","ἐν","TRUE"
"12645","τῷ","TRUE"
"12646","πρόσθεν","FALSE"
"12647","πρὸς","TRUE"
"12648","ἐκεῖνα","FALSE"
"12649","πρὸς","TRUE"
"12650","ἃ","TRUE"
"12651","ἦν","TRUE"
"12652","πρεσβύτερον","FALSE"
"12653","πρότερον","FALSE"
"12654",";","FALSE"
"12655","νεώτερον","FALSE"
"12656",".","FALSE"
"12657","εἰ","TRUE"
"12658","δὲ","TRUE"
"12659","ἐκεῖνο","FALSE"
"12660","νεώτερον","FALSE"
"12661",",","FALSE"
"12662","οὐκ","TRUE"
"12663","ἐκεῖνα","FALSE"
"12664","αὖ","FALSE"
"12665","τὰ","TRUE"
"12666","ἄλλα","TRUE"
"12667","πρὸς","TRUE"
"12668","τὸ","TRUE"
"12669","ἓν","FALSE"
"12670","πρεσβύτερα","FALSE"
"12671","ἢ","TRUE"
"12672","πρότερον","FALSE"
"12673",";","FALSE"
"12674","πάνυ","FALSE"
"12675","γε","TRUE"
"12676",".","FALSE"
"12677","τὸ","TRUE"
"12678","μὲν","TRUE"
"12679","νεώτερον","FALSE"
"12680","ἄρα","TRUE"
"12681","γεγονὸς","FALSE"
"12682","πρεσβύτερον","FALSE"
"12683","γίγνεται","FALSE"
"12684","πρὸς","TRUE"
"12685","τὸ","TRUE"
"12686","πρότερον","FALSE"
"12687","γεγονός","FALSE"
"12688","τε","TRUE"
"12689","καὶ","TRUE"
"12690","πρεσβύτερον","FALSE"
"12691","ὄν","FALSE"
"12692",",","FALSE"
"12693","ἔστι","TRUE"
"12694","δὲ","TRUE"
"12695","οὐδέποτε","FALSE"
"12696","πρεσβύτερον","FALSE"
"12697",",","FALSE"
"12698","ἀλλὰ","TRUE"
"12699","γίγνεται","FALSE"
"12700","ἀεὶ","FALSE"
"12701","ἐκείνου","FALSE"
"12702","πρεσβύτερον","FALSE"
"12703","·","FALSE"
"12704","ἐκεῖνο","FALSE"
"12705","μὲν","TRUE"
"12706","γὰρ","TRUE"
"12707","ἐπὶ","TRUE"
"12708","τὸ","TRUE"
"12709","νεώτερον","FALSE"
"12710","ἐπιδίδωσιν","FALSE"
"12711",",","FALSE"
"12712","τὸ","TRUE"
"12713","δʼ","FALSE"
"12714","ἐπὶ","TRUE"
"12715","τὸ","TRUE"
"12716","πρεσβύτερον","FALSE"
"12717",".","FALSE"
"12718","τὸ","TRUE"
"12719","δʼ","FALSE"
"12720","αὖ","FALSE"
"12721","πρεσβύτερον","FALSE"
"12722","τοῦ","TRUE"
"12723","νεωτέρου","FALSE"
"12724","νεώτερον","FALSE"
"12725","γίγνεται","FALSE"
"12726","ὡσαύτως","FALSE"
"12727",".","FALSE"
"12728","ἰόντε","FALSE"
"12729","γὰρ","TRUE"
"12730","αὐτοῖν","FALSE"
"12731","εἰς","TRUE"
"12732","τὸ","TRUE"
"12733","ἐναντίον","FALSE"
"12734","τὸ","TRUE"
"12735","ἐναντίον","FALSE"
"12736","ἀλλήλοιν","FALSE"
"12737","γίγνεσθον","FALSE"
"12738",",","FALSE"
"12739","τὸ","TRUE"
"12740","μὲν","TRUE"
"12741","νεώτερον","FALSE"
"12742","πρεσβύτερον","FALSE"
"12743","τοῦ","TRUE"
"12744","πρεσβυτέρου","FALSE"
"12745",",","FALSE"
"12746","τὸ","TRUE"
"12747","δὲ","TRUE"
"12748","πρεσβύτερον","FALSE"
"12749","νεώτερον","FALSE"
"12750","τοῦ","TRUE"
"12751","νεωτέρου","FALSE"
"12752","·","FALSE"
"12753","γενέσθαι","FALSE"
"12754","δὲ","TRUE"
"12755","οὐκ","TRUE"
"12756","ἂν","TRUE"
"12757","οἵω","FALSE"
"12758","τε","TRUE"
"12759","εἴτην","FALSE"
"12760",".","FALSE"
"12761","εἰ","TRUE"
"12762","γὰρ","TRUE"
"12763","γένοιντο","FALSE"
"12764",",","FALSE"
"12765","οὐκ","TRUE"
"12766","ἂν","TRUE"
"12767","ἔτι","TRUE"
"12768","γίγνοιντο","FALSE"
"12769",",","FALSE"
"12770","ἀλλʼ","FALSE"
"12771","εἶεν","TRUE"
"12772","ἄν","TRUE"
"12773",".","FALSE"
"12774","νῦν","FALSE"
"12775","δὲ","TRUE"
"12776","γίγνονται","FALSE"
"12777","μὲν","TRUE"
"12778","πρεσβύτερα","FALSE"
"12779","ἀλλήλων","FALSE"
"12780","καὶ","TRUE"
"12781","νεώτερα","FALSE"
"12782","·","FALSE"
"12783","τὸ","TRUE"
"12784","μὲν","TRUE"
"12785","ἓν","FALSE"
"12786","τῶν","TRUE"
"12787","ἄλλων","TRUE"
"12788","νεώτερον","FALSE"
"12789","γίγνεται","FALSE"
"12790",",","FALSE"
"12791","ὅτι","TRUE"
"12792","πρεσβύτερον","FALSE"
"12793","ἐφάνη","FALSE"
"12794","ὂν","TRUE"
"12795","καὶ","TRUE"
"12796","πρότερον","FALSE"
"12797","γεγονός","FALSE"
"12798",",","FALSE"
"12799","τὰ","TRUE"
"12800","δὲ","TRUE"
"12801","ἄλλα","TRUE"
"12802","τοῦ","TRUE"
"12803","ἑνὸς","FALSE"
"12804","πρεσβύτερα","FALSE"
"12805",",","FALSE"
"12806","ὅτι","TRUE"
"12807","ὕστερα","FALSE"
"12808","γέγονε","FALSE"
"12809",".","FALSE"
"12810","κατὰ","TRUE"
"12811","δὲ","TRUE"
"12812","τὸν","TRUE"
"12813","αὐτὸν","TRUE"
"12814","λόγον","FALSE"
"12815","καὶ","TRUE"
"12816","τἆ","FALSE"
"12817","λλα","FALSE"
"12818","οὕτω","TRUE"
"12819","πρὸς","TRUE"
"12820","τὸ","TRUE"
"12821","ἓν","FALSE"
"12822","ἴσχει","FALSE"
"12823",",","FALSE"
"12824","ἐπειδήπερ","FALSE"
"12825","αὐτοῦ","TRUE"
"12826","πρεσβύτερα","FALSE"
"12827","ἐφάνη","FALSE"
"12828","καὶ","TRUE"
"12829","πρότερα","FALSE"
"12830","γεγονότα","FALSE"
"12831",".","FALSE"
"12832","φαίνεται","FALSE"
"12833","γὰρ","TRUE"
"12834","οὖν","TRUE"
"12835","οὕτως","TRUE"
"12836",".","FALSE"
"12837","οὐκοῦν","FALSE"
"12838","ᾗ","TRUE"
"12839","μὲν","TRUE"
"12840","οὐδὲν","TRUE"
"12841","ἕτερον","FALSE"
"12842","ἑτέρου","FALSE"
"12843","πρεσβύτερον","FALSE"
"12844","γίγνεται","FALSE"
"12845","οὐδὲ","TRUE"
"12846","νεώτερον","FALSE"
"12847",",","FALSE"
"12848","κατὰ","TRUE"
"12849","τὸ","TRUE"
"12850","ἴσῳ","FALSE"
"12851","ἀριθμῷ","FALSE"
"12852","ἀλλήλων","FALSE"
"12853","ἀεὶ","FALSE"
"12854","διαφέρειν","FALSE"
"12855",",","FALSE"
"12856","οὔτε","TRUE"
"12857","τὸ","TRUE"
"12858","ἓν","FALSE"
"12859","τῶν","TRUE"
"12860","ἄλλων","TRUE"
"12861","πρεσβύτερον","FALSE"
"12862","γίγνοιτʼ","FALSE"
"12863","ἂν","TRUE"
"12864","οὐδὲ","TRUE"
"12865","νεώτερον","FALSE"
"12866",",","FALSE"
"12867","οὔτε","TRUE"
"12868","τἆ","FALSE"
"12869","λλα","FALSE"
"12870","τοῦ","TRUE"
"12871","ἑνός","FALSE"
"12872","·","FALSE"
"12873","ᾗ","TRUE"
"12874","δὲ","TRUE"
"12875","ἄλλῳ","TRUE"
"12876","ἀεὶ","FALSE"
"12877","μορίῳ","FALSE"
"12878","διαφέρειν","FALSE"
"12879","ἀνάγκη","FALSE"
"12880","τὰ","TRUE"
"12881","πρότερα","FALSE"
"12882","τῶν","TRUE"
"12883","ὑστέρων","FALSE"
"12884","γενόμενα","FALSE"
"12885","καὶ","TRUE"
"12886","τὰ","TRUE"
"12887","ὕστερα","FALSE"
"12888","τῶν","TRUE"
"12889","προτέρων","FALSE"
"12890",",","FALSE"
"12891","ταύτῃ","TRUE"
"12892","δὴ","TRUE"
"12893","ἀνάγκη","FALSE"
"12894","πρεσβύτερά","FALSE"
"12895","τε","TRUE"
"12896","καὶ","TRUE"
"12897","νεώτερα","FALSE"
"12898","ἀλλήλων","FALSE"
"12899","γίγνεσθαι","FALSE"
"12900","τά","TRUE"
"12901","τε","TRUE"
"12902","ἄλλα","TRUE"
"12903","τοῦ","TRUE"
"12904","ἑνὸς","FALSE"
"12905","καὶ","TRUE"
"12906","τὸ","TRUE"
"12907","ἓν","FALSE"
"12908","τῶν","TRUE"
"12909","ἄλλων","TRUE"
"12910",";","FALSE"
"12911","πάνυ","FALSE"
"12912","μὲν","TRUE"
"12913","οὖν","TRUE"
"12914",".","FALSE"
"12915","κατὰ","TRUE"
"12916","δὴ","TRUE"
"12917","πάντα","FALSE"
"12918","ταῦτα","TRUE"
"12919","τὸ","TRUE"
"12920","ἓν","FALSE"
"12921","αὐτό","TRUE"
"12922","τε","TRUE"
"12923","αὑτοῦ","TRUE"
"12924","καὶ","TRUE"
"12925","τῶν","TRUE"
"12926","ἄλλων","TRUE"
"12927","πρεσβύτερον","FALSE"
"12928","καὶ","TRUE"
"12929","νεώτερον","FALSE"
"12930","ἔστι","TRUE"
"12931","τε","TRUE"
"12932","καὶ","TRUE"
"12933","γίγνεται","FALSE"
"12934",",","FALSE"
"12935","καὶ","TRUE"
"12936","οὔτε","TRUE"
"12937","πρεσβύτερον","FALSE"
"12938","οὔτε","TRUE"
"12939","νεώτερον","FALSE"
"12940","οὔτʼ","FALSE"
"12941","ἔστιν","TRUE"
"12942","οὔτε","TRUE"
"12943","γίγνεται","FALSE"
"12944","οὔτε","TRUE"
"12945","αὑτοῦ","TRUE"
"12946","οὔτε","TRUE"
"12947","τῶν","TRUE"
"12948","ἄλλων","TRUE"
"12949",".","FALSE"
"12950","παντελῶς","FALSE"
"12951","μὲν","TRUE"
"12952","οὖν","TRUE"
"12953",".","FALSE"
"12954","ἐπειδὴ","FALSE"
"12955","δὲ","TRUE"
"12956","χρόνου","FALSE"
"12957","μετέχει","FALSE"
"12958","τὸ","TRUE"
"12959","ἓν","FALSE"
"12960","καὶ","TRUE"
"12961","τοῦ","TRUE"
"12962","πρεσβύτερόν","FALSE"
"12963","τε","TRUE"
"12964","καὶ","TRUE"
"12965","νεώτερον","FALSE"
"12966","γίγνεσθαι","FALSE"
"12967",",","FALSE"
"12968","ἆρʼ","FALSE"
"12969","οὐκ","TRUE"
"12970","ἀνάγκη","FALSE"
"12971","καὶ","TRUE"
"12972","τοῦ","TRUE"
"12973","ποτὲ","FALSE"
"12974","μετέχειν","FALSE"
"12975","καὶ","TRUE"
"12976","τοῦ","TRUE"
"12977","ἔπειτα","FALSE"
"12978","καὶ","TRUE"
"12979","τοῦ","TRUE"
"12980","νῦν","FALSE"
"12981",",","FALSE"
"12982","εἴπερ","FALSE"
"12983","χρόνου","FALSE"
"12984","μετέχει","FALSE"
"12985",";","FALSE"
"12986","ἀνάγκη","FALSE"
"12987",".","FALSE"
"12988","ἦν","TRUE"
"12989","ἄρα","TRUE"
"12990","τὸ","TRUE"
"12991","ἓν","FALSE"
"12992","καὶ","TRUE"
"12993","ἔστι","TRUE"
"12994","καὶ","TRUE"
"12995","ἔσται","TRUE"
"12996","καὶ","TRUE"
"12997","ἐγίγνετο","FALSE"
"12998","καὶ","TRUE"
"12999","γίγνεται","FALSE"
"13000","καὶ","TRUE"
"13001","γενήσεται","FALSE"
"13002",".","FALSE"
"13003","τί","TRUE"
"13004","μήν","FALSE"
"13005",";","FALSE"
"13006","καὶ","TRUE"
"13007","εἴη","TRUE"
"13008","ἄν","TRUE"
"13009","τι","TRUE"
"13010","ἐκείνῳ","FALSE"
"13011","καὶ","TRUE"
"13012","ἐκείνου","FALSE"
"13013",",","FALSE"
"13014","καὶ","TRUE"
"13015","ἦν","TRUE"
"13016","καὶ","TRUE"
"13017","ἔστιν","TRUE"
"13018","καὶ","TRUE"
"13019","ἔσται","TRUE"
"13020",".","FALSE"
"13021","πάνυ","FALSE"
"13022","γε","TRUE"
"13023",".","FALSE"
"13024","καὶ","TRUE"
"13025","ἐπιστήμη","FALSE"
"13026","δὴ","TRUE"
"13027","εἴη","TRUE"
"13028","ἂν","TRUE"
"13029","αὐτοῦ","TRUE"
"13030","καὶ","TRUE"
"13031","δόξα","FALSE"
"13032","καὶ","TRUE"
"13033","αἴσθησις","FALSE"
"13034",",","FALSE"
"13035","εἴπερ","FALSE"
"13036","καὶ","TRUE"
"13037","νῦν","FALSE"
"13038","ἡμεῖς","TRUE"
"13039","περὶ","TRUE"
"13040","αὐτοῦ","TRUE"
"13041","πάντα","FALSE"
"13042","ταῦτα","TRUE"
"13043","πράττομεν","FALSE"
"13044",".","FALSE"
"13045","ὀρθῶς","FALSE"
"13046","λέγεις","FALSE"
"13047",".","FALSE"
"13048","καὶ","TRUE"
"13049","ὄνομα","FALSE"
"13050","δὴ","TRUE"
"13051","καὶ","TRUE"
"13052","λόγος","FALSE"
"13053","ἔστιν","TRUE"
"13054","αὐτῷ","TRUE"
"13055",",","FALSE"
"13056","καὶ","TRUE"
"13057","ὀνομάζεται","FALSE"
"13058","καὶ","TRUE"
"13059","λέγεται","FALSE"
"13060","·","FALSE"
"13061","καὶ","TRUE"
"13062","ὅσαπερ","FALSE"
"13063","καὶ","TRUE"
"13064","περὶ","TRUE"
"13065","τὰ","TRUE"
"13066","ἄλλα","TRUE"
"13067","τῶν","TRUE"
"13068","τοιούτων","TRUE"
"13069","τυγχάνει","FALSE"
"13070","ὄντα","TRUE"
"13071",",","FALSE"
"13072","καὶ","TRUE"
"13073","περὶ","TRUE"
"13074","τὸ","TRUE"
"13075","ἓν","FALSE"
"13076","ἔστιν","TRUE"
"13077",".","FALSE"
"13078","παντελῶς","FALSE"
"13079","μὲν","TRUE"
"13080","οὖν","TRUE"
"13081","ἔχει","FALSE"
"13082","οὕτως","TRUE"
"13083",".","FALSE"
"13084","ἔτι","TRUE"
"13085","δὴ","TRUE"
"13086","τὸ","TRUE"
"13087","τρίτον","FALSE"
"13088","λέγωμεν","FALSE"
"13089",".","FALSE"
"13090","τὸ","TRUE"
"13091","ἓν","FALSE"
"13092","εἰ","TRUE"
"13093","ἔστιν","TRUE"
"13094","οἷον","FALSE"
"13095","διεληλύθαμεν","FALSE"
"13096",",","FALSE"
"13097","ἆρʼ","FALSE"
"13098","οὐκ","TRUE"
"13099","ἀνάγκη","FALSE"
"13100","αὐτό","TRUE"
"13101",",","FALSE"
"13102","ἕν","FALSE"
"13103","τε","TRUE"
"13104","ὂν","TRUE"
"13105","καὶ","TRUE"
"13106","πολλὰ","FALSE"
"13107","καὶ","TRUE"
"13108","μήτε","FALSE"
"13109","ἓν","FALSE"
"13110","μήτε","FALSE"
"13111","πολλὰ","FALSE"
"13112","καὶ","TRUE"
"13113","μετέχον","FALSE"
"13114","χρόνου","FALSE"
"13115",",","FALSE"
"13116","ὅτι","TRUE"
"13117","μὲν","TRUE"
"13118","ἔστιν","TRUE"
"13119","ἕν","FALSE"
"13120",",","FALSE"
"13121","οὐσίας","FALSE"
"13122","μετέχειν","FALSE"
"13123","ποτέ","FALSE"
"13124",",","FALSE"
"13125","ὅτι","TRUE"
"13126","δʼ","FALSE"
"13127","οὐκ","TRUE"
"13128","ἔστι","TRUE"
"13129",",","FALSE"
"13130","μὴ","TRUE"
"13131","μετέχειν","FALSE"
"13132","αὖ","FALSE"
"13133","ποτε","FALSE"
"13134","οὐσίας","FALSE"
"13135",";","FALSE"
"13136","ἀνάγκη","FALSE"
"13137",".","FALSE"
"13138","ἆρʼ","FALSE"
"13139","οὖν","TRUE"
"13140",",","FALSE"
"13141","ὅτε","FALSE"
"13142","μετέχει","FALSE"
"13143",",","FALSE"
"13144","οἷόν","FALSE"
"13145","τε","TRUE"
"13146","ἔσται","TRUE"
"13147","τότε","FALSE"
"13148","μὴ","TRUE"
"13149","μετέχειν","FALSE"
"13150",",","FALSE"
"13151","ἢ","TRUE"
"13152","ὅτε","FALSE"
"13153","μὴ","TRUE"
"13154","μετέχει","FALSE"
"13155",",","FALSE"
"13156","μετέχειν","FALSE"
"13157",";","FALSE"
"13158","οὐχ","TRUE"
"13159","οἷόν","FALSE"
"13160","τε","TRUE"
"13161",".","FALSE"
"13162","ἐν","TRUE"
"13163","ἄλλῳ","TRUE"
"13164","ἄρα","TRUE"
"13165","χρόνῳ","FALSE"
"13166","μετέχει","FALSE"
"13167","καὶ","TRUE"
"13168","ἐν","TRUE"
"13169","ἄλλῳ","TRUE"
"13170","οὐ","TRUE"
"13171","μετέχει","FALSE"
"13172","·","FALSE"
"13173","οὕτω","TRUE"
"13174","γὰρ","TRUE"
"13175","ἂν","TRUE"
"13176","μόνως","FALSE"
"13177","τοῦ","TRUE"
"13178","αὐτοῦ","TRUE"
"13179","μετέχοι","FALSE"
"13180","τε","TRUE"
"13181","καὶ","TRUE"
"13182","οὐ","TRUE"
"13183","μετέχοι","FALSE"
"13184",".","FALSE"
"13185","ὀρθῶς","FALSE"
"13186",".","FALSE"
"13187","οὐκοῦν","FALSE"
"13188","ἔστι","TRUE"
"13189","καὶ","TRUE"
"13190","οὗτος","TRUE"
"13191","χρόνος","FALSE"
"13192",",","FALSE"
"13193","ὅτε","FALSE"
"13194","μεταλαμβάνει","FALSE"
"13195","τοῦ","TRUE"
"13196","εἶναι","TRUE"
"13197","καὶ","TRUE"
"13198","ὅτε","FALSE"
"13199","ἀπαλλάττεται","FALSE"
"13200","αὐτοῦ","TRUE"
"13201",";","FALSE"
"13202","ἢ","TRUE"
"13203","πῶς","FALSE"
"13204","οἷόν","FALSE"
"13205","τε","TRUE"
"13206","ἔσται","TRUE"
"13207","τοτὲ","FALSE"
"13208","μὲν","TRUE"
"13209","ἔχειν","FALSE"
"13210","τὸ","TRUE"
"13211","αὐτό","TRUE"
"13212",",","FALSE"
"13213","τοτὲ","FALSE"
"13214","δὲ","TRUE"
"13215","μὴ","TRUE"
"13216","ἔχειν","FALSE"
"13217",",","FALSE"
"13218","ἐὰν","TRUE"
"13219","μή","TRUE"
"13220","ποτε","FALSE"
"13221","καὶ","TRUE"
"13222","λαμβάνῃ","FALSE"
"13223","αὐτὸ","TRUE"
"13224","καὶ","TRUE"
"13225","ἀφίῃ","FALSE"
"13226",";","FALSE"
"13227","οὐδαμῶς","FALSE"
"13228",".","FALSE"
"13229","τὸ","TRUE"
"13230","δὴ","TRUE"
"13231","οὐσίας","FALSE"
"13232","μεταλαμβάνειν","FALSE"
"13233","ἆρά","FALSE"
"13234","γε","TRUE"
"13235","οὐ","TRUE"
"13236","γίγνεσθαι","FALSE"
"13237","καλεῖς","FALSE"
"13238",";","FALSE"
"13239","ἔγωγε","TRUE"
"13240",".","FALSE"
"13241","τὸ","TRUE"
"13242","δὲ","TRUE"
"13243","ἀπαλλάττεσθαι","FALSE"
"13244","οὐσίας","FALSE"
"13245","ἆρα","FALSE"
"13246","οὐκ","TRUE"
"13247","ἀπόλλυσθαι","FALSE"
"13248",";","FALSE"
"13249","καὶ","TRUE"
"13250","πάνυ","FALSE"
"13251","γε","TRUE"
"13252",".","FALSE"
"13253","τὸ","TRUE"
"13254","ἓν","FALSE"
"13255","δή","TRUE"
"13256",",","FALSE"
"13257","ὡς","TRUE"
"13258","ἔοικε","FALSE"
"13259",",","FALSE"
"13260","λαμβάνον","FALSE"
"13261","τε","TRUE"
"13262","καὶ","TRUE"
"13263","ἀφιὲν","FALSE"
"13264","οὐσίαν","FALSE"
"13265","γίγνεταί","FALSE"
"13266","τε","TRUE"
"13267","καὶ","TRUE"
"13268","ἀπόλλυται","FALSE"
"13269",".","FALSE"
"13270","ἀνάγκη","FALSE"
"13271",".","FALSE"
"13272","ἓν","FALSE"
"13273","δὲ","TRUE"
"13274","καὶ","TRUE"
"13275","πολλὰ","FALSE"
"13276","ὂν","TRUE"
"13277","καὶ","TRUE"
"13278","γιγνόμενον","FALSE"
"13279","καὶ","TRUE"
"13280","ἀπολλύμενον","FALSE"
"13281","ἆρʼ","FALSE"
"13282","οὐχ","TRUE"
"13283",",","FALSE"
"13284","ὅταν","FALSE"
"13285","μὲν","TRUE"
"13286","γίγνηται","FALSE"
"13287","ἕν","FALSE"
"13288",",","FALSE"
"13289","τὸ","TRUE"
"13290","πολλὰ","FALSE"
"13291","εἶναι","TRUE"
"13292","ἀπόλλυται","FALSE"
"13293",",","FALSE"
"13294","ὅταν","FALSE"
"13295","δὲ","TRUE"
"13296","πολλά","FALSE"
"13297",",","FALSE"
"13298","τὸ","TRUE"
"13299","ἓν","FALSE"
"13300","εἶναι","TRUE"
"13301","ἀπόλλυται","FALSE"
"13302",";","FALSE"
"13303","πάνυ","FALSE"
"13304","γε","TRUE"
"13305",".","FALSE"
"13306","ἓν","FALSE"
"13307","δὲ","TRUE"
"13308","γιγνόμενον","FALSE"
"13309","καὶ","TRUE"
"13310","πολλὰ","FALSE"
"13311","ἆρʼ","FALSE"
"13312","οὐκ","TRUE"
"13313","ἀνάγκη","FALSE"
"13314","διακρίνεσθαί","FALSE"
"13315","τε","TRUE"
"13316","καὶ","TRUE"
"13317","συγκρίνεσθαι","FALSE"
"13318",";","FALSE"
"13319","πολλή","FALSE"
"13320","γε","TRUE"
"13321",".","FALSE"
"13322","καὶ","TRUE"
"13323","μὴν","FALSE"
"13324","ἀνόμοιόν","FALSE"
"13325","γε","TRUE"
"13326","καὶ","TRUE"
"13327","ὅμοιον","FALSE"
"13328","ὅταν","FALSE"
"13329","γίγνηται","FALSE"
"13330",",","FALSE"
"13331","ὁμοιοῦσθαί","FALSE"
"13332","τε","TRUE"
"13333","καὶ","TRUE"
"13334","ἀνομοιοῦσθαι","FALSE"
"13335",";","FALSE"
"13336","ναί","FALSE"
"13337",".","FALSE"
"13338","καὶ","TRUE"
"13339","ὅταν","FALSE"
"13340","μεῖζον","FALSE"
"13341","καὶ","TRUE"
"13342","ἔλαττον","FALSE"
"13343","καὶ","TRUE"
"13344","ἴσον","FALSE"
"13345",",","FALSE"
"13346","αὐξάνεσθαί","FALSE"
"13347","τε","TRUE"
"13348","καὶ","TRUE"
"13349","φθίνειν","FALSE"
"13350","καὶ","TRUE"
"13351","ἰσοῦσθαι","FALSE"
"13352",";","FALSE"
"13353","οὕτως","TRUE"
"13354",".","FALSE"
"13355","ὅταν","FALSE"
"13356","δὲ","TRUE"
"13357","κινούμενόν","FALSE"
"13358","τε","TRUE"
"13359","ἵστηται","FALSE"
"13360","καὶ","TRUE"
"13361","ὅταν","FALSE"
"13362","ἑστὸς","FALSE"
"13363","ἐπὶ","TRUE"
"13364","τὸ","TRUE"
"13365","κινεῖσθαι","FALSE"
"13366","μεταβάλλῃ","FALSE"
"13367",",","FALSE"
"13368","δεῖ","FALSE"
"13369","δήπου","FALSE"
"13370","αὐτό","TRUE"
"13371","γε","TRUE"
"13372","μηδʼ","FALSE"
"13373","ἐν","TRUE"
"13374","ἑνὶ","FALSE"
"13375","χρόνῳ","FALSE"
"13376","εἶναι","TRUE"
"13377",".","FALSE"
"13378","πῶς","FALSE"
"13379","δή","TRUE"
"13380",";","FALSE"
"13381","ἑστός","FALSE"
"13382","τε","TRUE"
"13383","πρότερον","FALSE"
"13384","ὕστερον","FALSE"
"13385","κινεῖσθαι","FALSE"
"13386","καὶ","TRUE"
"13387","πρότερον","FALSE"
"13388","κινούμενον","FALSE"
"13389","ὕστερον","FALSE"
"13390","ἑστάναι","FALSE"
"13391",",","FALSE"
"13392","ἄνευ","FALSE"
"13393","μὲν","TRUE"
"13394","τοῦ","TRUE"
"13395","μεταβάλλειν","FALSE"
"13396","οὐχ","TRUE"
"13397","οἷόν","FALSE"
"13398","τε","TRUE"
"13399","ἔσται","TRUE"
"13400","ταῦτα","TRUE"
"13401","πάσχειν","FALSE"
"13402",".","FALSE"
"13403","πῶς","FALSE"
"13404","γάρ","TRUE"
"13405",";","FALSE"
"13406","χρόνος","FALSE"
"13407","δέ","TRUE"
"13408","γε","TRUE"
"13409","οὐδεὶς","TRUE"
"13410","ἔστιν","TRUE"
"13411",",","FALSE"
"13412","ἐν","TRUE"
"13413","ᾧ","TRUE"
"13414","τι","TRUE"
"13415","οἷόν","FALSE"
"13416","τε","TRUE"
"13417","ἅμα","FALSE"
"13418","μήτε","FALSE"
"13419","κινεῖσθαι","FALSE"
"13420","μήτε","FALSE"
"13421","ἑστάναι","FALSE"
"13422",".","FALSE"
"13423","οὐ","TRUE"
"13424","γὰρ","TRUE"
"13425","οὖν","TRUE"
"13426",".","FALSE"
"13427","ἀλλʼ","FALSE"
"13428","οὐδὲ","TRUE"
"13429","μὴν","FALSE"
"13430","μεταβάλλει","FALSE"
"13431","ἄνευ","FALSE"
"13432","τοῦ","TRUE"
"13433","μεταβάλλειν","FALSE"
"13434",".","FALSE"
"13435","οὐκ","TRUE"
"13436","εἰκός","FALSE"
"13437",".","FALSE"
"13438","πότʼ","FALSE"
"13439","οὖν","TRUE"
"13440","μεταβάλλει","FALSE"
"13441",";","FALSE"
"13442","οὔτε","TRUE"
"13443","γὰρ","TRUE"
"13444","ἑστὸς","FALSE"
"13445","ὂν","TRUE"
"13446","οὔτε","TRUE"
"13447","κινούμενον","FALSE"
"13448","μεταβάλλει","FALSE"
"13449",",","FALSE"
"13450","οὔτε","TRUE"
"13451","ἐν","TRUE"
"13452","χρόνῳ","FALSE"
"13453","ὄν","FALSE"
"13454",".","FALSE"
"13455","οὐ","TRUE"
"13456","γὰρ","TRUE"
"13457","οὖν","TRUE"
"13458",".","FALSE"
"13459","ἆρʼ","FALSE"
"13460","οὖν","TRUE"
"13461","ἔστι","TRUE"
"13462","τὸ","TRUE"
"13463","ἄτοπον","FALSE"
"13464","τοῦτο","TRUE"
"13465",",","FALSE"
"13466","ἐν","TRUE"
"13467","ᾧ","TRUE"
"13468","τότʼ","FALSE"
"13469","ἂν","TRUE"
"13470","εἴη","TRUE"
"13471",",","FALSE"
"13472","ὅτε","FALSE"
"13473","μεταβάλλει","FALSE"
"13474",";","FALSE"
"13475","τὸ","TRUE"
"13476","ποῖον","FALSE"
"13477","δή","TRUE"
"13478",";","FALSE"
"13479","τὸ","TRUE"
"13480","ἐξαίφνης","FALSE"
"13481",".","FALSE"
"13482","τὸ","TRUE"
"13483","γὰρ","TRUE"
"13484","ἐξαίφνης","FALSE"
"13485","τοιόνδε","FALSE"
"13486","τι","TRUE"
"13487","ἔοικε","FALSE"
"13488","σημαίνειν","FALSE"
"13489",",","FALSE"
"13490","ὡς","TRUE"
"13491","ἐξ","TRUE"
"13492","ἐκείνου","FALSE"
"13493","μεταβάλλον","FALSE"
"13494","εἰς","TRUE"
"13495","ἑκάτερον","FALSE"
"13496",".","FALSE"
"13497","οὐ","TRUE"
"13498","γὰρ","TRUE"
"13499","ἔκ","TRUE"
"13500","γε","TRUE"
"13501","τοῦ","TRUE"
"13502","ἑστάναι","FALSE"
"13503","ἑστῶτος","FALSE"
"13504","ἔτι","TRUE"
"13505","μεταβάλλει","FALSE"
"13506",",","FALSE"
"13507","οὐδʼ","FALSE"
"13508","ἐκ","TRUE"
"13509","τῆς","TRUE"
"13510","κινήσεως","FALSE"
"13511","κινουμένης","FALSE"
"13512","ἔτι","TRUE"
"13513","μεταβάλλει","FALSE"
"13514","·","FALSE"
"13515","ἀλλὰ","TRUE"
"13516","ἡ","TRUE"
"13517","ἐξαίφνης","FALSE"
"13518","αὕτη","TRUE"
"13519","φύσις","FALSE"
"13520","ἄτοπός","FALSE"
"13521","τις","TRUE"
"13522","ἐγκάθηται","FALSE"
"13523","μεταξὺ","FALSE"
"13524","τῆς","TRUE"
"13525","κινήσεώς","FALSE"
"13526","τε","TRUE"
"13527","καὶ","TRUE"
"13528","στάσεως","FALSE"
"13529",",","FALSE"
"13530","ἐν","TRUE"
"13531","χρόνῳ","FALSE"
"13532","οὐδενὶ","TRUE"
"13533","οὖσα","TRUE"
"13534",",","FALSE"
"13535","καὶ","TRUE"
"13536","εἰς","TRUE"
"13537","ταύτην","TRUE"
"13538","δὴ","TRUE"
"13539","καὶ","TRUE"
"13540","ἐκ","TRUE"
"13541","ταύτης","TRUE"
"13542","τό","TRUE"
"13543","τε","TRUE"
"13544","κινούμενον","FALSE"
"13545","μεταβάλλει","FALSE"
"13546","ἐπὶ","TRUE"
"13547","τὸ","TRUE"
"13548","ἑστάναι","FALSE"
"13549","καὶ","TRUE"
"13550","τὸ","TRUE"
"13551","ἑστὸς","FALSE"
"13552","ἐπὶ","TRUE"
"13553","τὸ","TRUE"
"13554","κινεῖσθαι","FALSE"
"13555",".","FALSE"
"13556","κινδυνεύει","FALSE"
"13557",".","FALSE"
"13558","καὶ","TRUE"
"13559","τὸ","TRUE"
"13560","ἓν","FALSE"
"13561","δή","TRUE"
"13562",",","FALSE"
"13563","εἴπερ","FALSE"
"13564","ἕστηκέ","FALSE"
"13565","τε","TRUE"
"13566","καὶ","TRUE"
"13567","κινεῖται","FALSE"
"13568",",","FALSE"
"13569","μεταβάλλοι","FALSE"
"13570","ἂν","TRUE"
"13571","ἐφʼ","FALSE"
"13572","ἑκάτερα","FALSE"
"13573","—","FALSE"
"13574","μόνως","FALSE"
"13575","γὰρ","TRUE"
"13576","ἂν","TRUE"
"13577","οὕτως","TRUE"
"13578","ἀμφότερα","FALSE"
"13579","ποιοῖ","FALSE"
"13580","—","FALSE"
"13581","μεταβάλλον","FALSE"
"13582","δʼ","FALSE"
"13583","ἐξαίφνης","FALSE"
"13584","μεταβάλλει","FALSE"
"13585",",","FALSE"
"13586","καὶ","TRUE"
"13587","ὅτε","FALSE"
"13588","μεταβάλλει","FALSE"
"13589",",","FALSE"
"13590","ἐν","TRUE"
"13591","οὐδενὶ","TRUE"
"13592","χρόνῳ","FALSE"
"13593","ἂν","TRUE"
"13594","εἴη","TRUE"
"13595",",","FALSE"
"13596","οὐδὲ","TRUE"
"13597","κινοῖτʼ","FALSE"
"13598","ἂν","TRUE"
"13599","τότε","FALSE"
"13600",",","FALSE"
"13601","οὐδʼ","FALSE"
"13602","ἂν","TRUE"
"13603","σταίη","FALSE"
"13604",".","FALSE"
"13605","οὐ","TRUE"
"13606","γάρ","TRUE"
"13607",".","FALSE"
"13608","ἆρʼ","FALSE"
"13609","οὖν","TRUE"
"13610","οὕτω","TRUE"
"13611","καὶ","TRUE"
"13612","πρὸς","TRUE"
"13613","τὰς","TRUE"
"13614","ἄλλας","TRUE"
"13615","μεταβολὰς","FALSE"
"13616","ἔχει","FALSE"
"13617",",","FALSE"
"13618","ὅταν","FALSE"
"13619","ἐκ","TRUE"
"13620","τοῦ","TRUE"
"13621","εἶναι","TRUE"
"13622","εἰς","TRUE"
"13623","τὸ","TRUE"
"13624","ἀπόλλυσθαι","FALSE"
"13625","μεταβάλλῃ","FALSE"
"13626","ἢ","TRUE"
"13627","ἐκ","TRUE"
"13628","τοῦ","TRUE"
"13629","μὴ","TRUE"
"13630","εἶναι","TRUE"
"13631","εἰς","TRUE"
"13632","τὸ","TRUE"
"13633","γίγνεσθαι","FALSE"
"13634",",","FALSE"
"13635","μεταξύ","FALSE"
"13636","τινων","TRUE"
"13637","τότε","FALSE"
"13638","γίγνεται","FALSE"
"13639","κινήσεών","FALSE"
"13640","τε","TRUE"
"13641","καὶ","TRUE"
"13642","στάσεων","FALSE"
"13643",",","FALSE"
"13644","καὶ","TRUE"
"13645","οὔτε","TRUE"
"13646","ἔστι","TRUE"
"13647","τότε","FALSE"
"13648","οὔτε","TRUE"
"13649","οὐκ","TRUE"
"13650","ἔστι","TRUE"
"13651",",","FALSE"
"13652","οὔτε","TRUE"
"13653","γίγνεται","FALSE"
"13654","οὔτε","TRUE"
"13655","ἀπόλλυται","FALSE"
"13656",";","FALSE"
"13657","ἔοικε","FALSE"
"13658","γοῦν","FALSE"
"13659",".","FALSE"
"13660","κατὰ","TRUE"
"13661","δὴ","TRUE"
"13662","τὸν","TRUE"
"13663","αὐτὸν","TRUE"
"13664","λόγον","FALSE"
"13665","καὶ","TRUE"
"13666","ἐξ","TRUE"
"13667","ἑνὸς","FALSE"
"13668","ἐπὶ","TRUE"
"13669","πολλὰ","FALSE"
"13670","ἰὸν","FALSE"
"13671","καὶ","TRUE"
"13672","ἐκ","TRUE"
"13673","πολλῶν","FALSE"
"13674","ἐφʼ","FALSE"
"13675","ἓν","FALSE"
"13676","οὔτε","TRUE"
"13677","ἕν","FALSE"
"13678","ἐστιν","TRUE"
"13679","οὔτε","TRUE"
"13680","πολλά","FALSE"
"13681",",","FALSE"
"13682","οὔτε","TRUE"
"13683","διακρίνεται","FALSE"
"13684","οὔτε","TRUE"
"13685","συγκρίνεται","FALSE"
"13686",".","FALSE"
"13687","καὶ","TRUE"
"13688","ἐξ","TRUE"
"13689","ὁμοίου","FALSE"
"13690","ἐπὶ","TRUE"
"13691","ἀνόμοιον","FALSE"
"13692","καὶ","TRUE"
"13693","ἐξ","TRUE"
"13694","ἀνομοίου","FALSE"
"13695","ἐπὶ","TRUE"
"13696","ὅμοιον","FALSE"
"13697","ἰὸν","FALSE"
"13698","οὔτε","TRUE"
"13699","ὅμοιον","FALSE"
"13700","οὔτε","TRUE"
"13701","ἀνόμοιον","FALSE"
"13702",",","FALSE"
"13703","οὔτε","TRUE"
"13704","ὁμοιούμενον","FALSE"
"13705","οὔτε","TRUE"
"13706","ἀνομοιούμενον","FALSE"
"13707","·","FALSE"
"13708","καὶ","TRUE"
"13709","ἐκ","TRUE"
"13710","σμικροῦ","FALSE"
"13711","ἐπὶ","TRUE"
"13712","μέγα","FALSE"
"13713","καὶ","TRUE"
"13714","ἐπὶ","TRUE"
"13715","ἴσον","FALSE"
"13716","καὶ","TRUE"
"13717","εἰς","TRUE"
"13718","τὰ","TRUE"
"13719","ἐναντία","FALSE"
"13720","ἰὸν","FALSE"
"13721","οὔτε","TRUE"
"13722","σμικρὸν","FALSE"
"13723","οὔτε","TRUE"
"13724","μέγα","FALSE"
"13725","οὔτε","TRUE"
"13726","ἴσον","FALSE"
"13727",",","FALSE"
"13728","οὔτε","TRUE"
"13729","αὐξανόμενον","FALSE"
"13730","οὔτε","TRUE"
"13731","φθῖνον","FALSE"
"13732","οὔτε","TRUE"
"13733","ἰσούμενον","FALSE"
"13734","εἴη","TRUE"
"13735","ἄν","TRUE"
"13736",".","FALSE"
"13737","οὐκ","TRUE"
"13738","ἔοικε","FALSE"
"13739",".","FALSE"
"13740","ταῦτα","TRUE"
"13741","δὴ","TRUE"
"13742","τὰ","TRUE"
"13743","παθήματα","FALSE"
"13744","πάντʼ","FALSE"
"13745","ἂν","TRUE"
"13746","πάσχοι","FALSE"
"13747","τὸ","TRUE"
"13748","ἕν","FALSE"
"13749",",","FALSE"
"13750","εἰ","TRUE"
"13751","ἔστιν","TRUE"
"13752",".","FALSE"
"13753","πῶς","FALSE"
"13754","δʼ","FALSE"
"13755","οὔ","TRUE"
"13756",";","FALSE"
"13757","τί","TRUE"
"13758","δὲ","TRUE"
"13759","τοῖς","TRUE"
"13760","ἄλλοις","TRUE"
"13761","προσήκοι","FALSE"
"13762","ἂν","TRUE"
"13763","πάσχειν","FALSE"
"13764",",","FALSE"
"13765","ἓν","FALSE"
"13766","εἰ","TRUE"
"13767","ἔστιν","TRUE"
"13768",",","FALSE"
"13769","ἆρα","FALSE"
"13770","οὐ","TRUE"
"13771","σκεπτέον","FALSE"
"13772",";","FALSE"
"13773","σκεπτέον","FALSE"
"13774",".","FALSE"
"13775","λέγωμεν","FALSE"
"13776","δή","TRUE"
"13777",",","FALSE"
"13778","ἓν","FALSE"
"13779","εἰ","TRUE"
"13780","ἔστι","TRUE"
"13781",",","FALSE"
"13782","τἆ","FALSE"
"13783","λλα","FALSE"
"13784","τοῦ","TRUE"
"13785","ἑνὸς","FALSE"
"13786","τί","TRUE"
"13787","χρὴ","FALSE"
"13788","πεπονθέναι","FALSE"
"13789",";","FALSE"
"13790","λέγωμεν","FALSE"
"13791",".","FALSE"
"13792","οὐκοῦν","FALSE"
"13793","ἐπείπερ","FALSE"
"13794","ἄλλα","TRUE"
"13795","τοῦ","TRUE"
"13796","ἑνός","FALSE"
"13797","ἐστιν","TRUE"
"13798",",","FALSE"
"13799","οὔτε","TRUE"
"13800","τὸ","TRUE"
"13801","ἕν","FALSE"
"13802","ἐστι","TRUE"
"13803","τἆ","FALSE"
"13804","λλα","FALSE"
"13805","·","FALSE"
"13806","οὐ","TRUE"
"13807","γὰρ","TRUE"
"13808","ἂν","TRUE"
"13809","ἄλλα","TRUE"
"13810","τοῦ","TRUE"
"13811","ἑνὸς","FALSE"
"13812","ἦν","TRUE"
"13813",".","FALSE"
"13814","ὀρθῶς","FALSE"
"13815",".","FALSE"
"13816","οὐδὲ","TRUE"
"13817","μὴν","FALSE"
"13818","στέρεταί","FALSE"
"13819","γε","TRUE"
"13820","παντάπασι","FALSE"
"13821","τοῦ","TRUE"
"13822","ἑνὸς","FALSE"
"13823","τἆ","FALSE"
"13824","λλα","FALSE"
"13825",",","FALSE"
"13826","ἀλλὰ","TRUE"
"13827","μετέχει","FALSE"
"13828","πῃ","FALSE"
"13829",".","FALSE"
"13830","πῇ","FALSE"
"13831","δή","TRUE"
"13832",";","FALSE"
"13833","ὅτι","TRUE"
"13834","που","FALSE"
"13835","τὰ","TRUE"
"13836","ἄλλα","TRUE"
"13837","τοῦ","TRUE"
"13838","ἑνὸς","FALSE"
"13839","μόρια","FALSE"
"13840","ἔχοντα","FALSE"
"13841","ἄλλα","TRUE"
"13842","ἐστίν","TRUE"
"13843","·","FALSE"
"13844","εἰ","TRUE"
"13845","γὰρ","TRUE"
"13846","μόρια","FALSE"
"13847","μὴ","TRUE"
"13848","ἔχοι","FALSE"
"13849",",","FALSE"
"13850","παντελῶς","FALSE"
"13851","ἂν","TRUE"
"13852","ἓν","FALSE"
"13853","εἴη","TRUE"
"13854",".","FALSE"
"13855","ὀρθῶς","FALSE"
"13856",".","FALSE"
"13857","μόρια","FALSE"
"13858","δέ","TRUE"
"13859","γε","TRUE"
"13860",",","FALSE"
"13861","φαμέν","FALSE"
"13862",",","FALSE"
"13863","τούτου","TRUE"
"13864","ἐστὶν","TRUE"
"13865","ὃ","TRUE"
"13866","ἂν","TRUE"
"13867","ὅλον","FALSE"
"13868","ᾖ","TRUE"
"13869",".","FALSE"
"13870","φαμὲν","FALSE"
"13871","γάρ","TRUE"
"13872",".","FALSE"
"13873","ἀλλὰ","TRUE"
"13874","μὴν","FALSE"
"13875","τό","TRUE"
"13876","γε","TRUE"
"13877","ὅλον","FALSE"
"13878","ἓν","FALSE"
"13879","ἐκ","TRUE"
"13880","πολλῶν","FALSE"
"13881","ἀνάγκη","FALSE"
"13882","εἶναι","TRUE"
"13883",",","FALSE"
"13884","οὗ","TRUE"
"13885","ἔσται","TRUE"
"13886","μόρια","FALSE"
"13887","τὰ","TRUE"
"13888","μόρια","FALSE"
"13889","·","FALSE"
"13890","ἕκαστον","FALSE"
"13891","γὰρ","TRUE"
"13892","τῶν","TRUE"
"13893","μορίων","FALSE"
"13894","οὐ","TRUE"
"13895","πολλῶν","FALSE"
"13896","μόριον","FALSE"
"13897","χρὴ","FALSE"
"13898","εἶναι","TRUE"
"13899",",","FALSE"
"13900","ἀλλὰ","TRUE"
"13901","ὅλου","FALSE"
"13902",".","FALSE"
"13903","πῶς","FALSE"
"13904","τοῦτο","TRUE"
"13905",";","FALSE"
"13906","εἴ","TRUE"
"13907","τι","TRUE"
"13908","πολλῶν","FALSE"
"13909","μόριον","FALSE"
"13910","εἴη","TRUE"
"13911",",","FALSE"
"13912","ἐν","TRUE"
"13913","οἷς","TRUE"
"13914","αὐτὸ","TRUE"
"13915","εἴη","TRUE"
"13916",",","FALSE"
"13917","ἑαυτοῦ","TRUE"
"13918","τε","TRUE"
"13919","δήπου","FALSE"
"13920","μόριον","FALSE"
"13921","ἔσται","TRUE"
"13922",",","FALSE"
"13923","ὅ","TRUE"
"13924","ἐστιν","TRUE"
"13925","ἀδύνατον","FALSE"
"13926",",","FALSE"
"13927","καὶ","TRUE"
"13928","τῶν","TRUE"
"13929","ἄλλων","TRUE"
"13930","δὴ","TRUE"
"13931","ἑνὸς","FALSE"
"13932","ἑκάστου","FALSE"
"13933",",","FALSE"
"13934","εἴπερ","FALSE"
"13935","καὶ","TRUE"
"13936","πάντων","FALSE"
"13937",".","FALSE"
"13938","ἑνὸς","FALSE"
"13939","γὰρ","TRUE"
"13940","μὴ","TRUE"
"13941","ὂν","TRUE"
"13942","μόριον","FALSE"
"13943",",","FALSE"
"13944","πλὴν","FALSE"
"13945","τούτου","TRUE"
"13946","τῶν","TRUE"
"13947","ἄλλων","TRUE"
"13948","ἔσται","TRUE"
"13949",",","FALSE"
"13950","καὶ","TRUE"
"13951","οὕτως","TRUE"
"13952","ἑνὸς","FALSE"
"13953","ἑκάστου","FALSE"
"13954","οὐκ","TRUE"
"13955","ἔσται","TRUE"
"13956","μόριον","FALSE"
"13957",",","FALSE"
"13958","μὴ","TRUE"
"13959","ὂν","TRUE"
"13960","δὲ","TRUE"
"13961","μόριον","FALSE"
"13962","ἑκάστου","FALSE"
"13963","οὐδενὸς","TRUE"
"13964","τῶν","TRUE"
"13965","πολλῶν","FALSE"
"13966","ἔσται","TRUE"
"13967",".","FALSE"
"13968","μηδενὸς","FALSE"
"13969","δὲ","TRUE"
"13970","ὂν","TRUE"
"13971","πάντων","FALSE"
"13972","τούτων","TRUE"
"13973","τι","TRUE"
"13974","εἶναι","TRUE"
"13975",",","FALSE"
"13976","ὧν","TRUE"
"13977","οὐδενὸς","TRUE"
"13978","οὐδέν","TRUE"
"13979","ἐστι","TRUE"
"13980",",","FALSE"
"13981","καὶ","TRUE"
"13982","μόριον","FALSE"
"13983","καὶ","TRUE"
"13984","ἄλλο","TRUE"
"13985","ὁτιοῦν","FALSE"
"13986","ἀδύνατον","FALSE"
"13987","εἶναι","TRUE"
"13988",".","FALSE"
"13989","φαίνεταί","FALSE"
"13990","γε","TRUE"
"13991","δή","TRUE"
"13992",".","FALSE"
"13993","οὐκ","TRUE"
"13994","ἄρα","TRUE"
"13995","τῶν","TRUE"
"13996","πολλῶν","FALSE"
"13997","οὐδὲ","TRUE"
"13998","πάντων","FALSE"
"13999","τὸ","TRUE"
"14000","μόριον","FALSE"
"14001","μόριον","FALSE"
"14002",",","FALSE"
"14003","ἀλλὰ","TRUE"
"14004","μιᾶς","FALSE"
"14005","τινὸς","TRUE"
"14006","ἰδέας","FALSE"
"14007","καὶ","TRUE"
"14008","ἑνός","FALSE"
"14009","τινος","TRUE"
"14010","ὃ","TRUE"
"14011","καλοῦμεν","FALSE"
"14012","ὅλον","FALSE"
"14013",",","FALSE"
"14014","ἐξ","TRUE"
"14015","ἁπάντων","FALSE"
"14016","ἓν","FALSE"
"14017","τέλειον","FALSE"
"14018","γεγονός","FALSE"
"14019",",","FALSE"
"14020","τούτου","TRUE"
"14021","μόριον","FALSE"
"14022","ἂν","TRUE"
"14023","τὸ","TRUE"
"14024","μόριον","FALSE"
"14025","εἴη","TRUE"
"14026",".","FALSE"
"14027","παντάπασι","FALSE"
"14028","μὲν","TRUE"
"14029","οὖν","TRUE"
"14030",".","FALSE"
"14031","εἰ","TRUE"
"14032","ἄρα","TRUE"
"14033","τἆ","FALSE"
"14034","λλα","FALSE"
"14035","μόρια","FALSE"
"14036","ἔχει","FALSE"
"14037",",","FALSE"
"14038","κἂν","TRUE"
"14039","τοῦ","TRUE"
"14040","ὅλου","FALSE"
"14041","τε","TRUE"
"14042","καὶ","TRUE"
"14043","ἑνὸς","FALSE"
"14044","μετέχοι","FALSE"
"14045",".","FALSE"
"14046","πάνυ","FALSE"
"14047","γε","TRUE"
"14048",".","FALSE"
"14049","ἓν","FALSE"
"14050","ἄρα","TRUE"
"14051","ὅλον","FALSE"
"14052","τέλειον","FALSE"
"14053","μόρια","FALSE"
"14054","ἔχον","FALSE"
"14055","ἀνάγκη","FALSE"
"14056","εἶναι","TRUE"
"14057","τἆ","FALSE"
"14058","λλα","FALSE"
"14059","τοῦ","TRUE"
"14060","ἑνός","FALSE"
"14061",".","FALSE"
"14062","ἀνάγκη","FALSE"
"14063",".","FALSE"
"14064","καὶ","TRUE"
"14065","μὴν","FALSE"
"14066","καὶ","TRUE"
"14067","περὶ","TRUE"
"14068","τοῦ","TRUE"
"14069","μορίου","FALSE"
"14070","γε","TRUE"
"14071","ἑκάστου","FALSE"
"14072","ὁ","TRUE"
"14073","αὐτὸς","TRUE"
"14074","λόγος","FALSE"
"14075","·","FALSE"
"14076","καὶ","TRUE"
"14077","γὰρ","TRUE"
"14078","τοῦτο","TRUE"
"14079","ἀνάγκη","FALSE"
"14080","μετέχειν","FALSE"
"14081","τοῦ","TRUE"
"14082","ἑνός","FALSE"
"14083",".","FALSE"
"14084","εἰ","TRUE"
"14085","γὰρ","TRUE"
"14086","ἕκαστον","FALSE"
"14087","αὐτῶν","TRUE"
"14088","μόριόν","FALSE"
"14089","ἐστι","TRUE"
"14090",",","FALSE"
"14091","τό","TRUE"
"14092","γε","TRUE"
"14093","ἕκαστον","FALSE"
"14094","εἶναι","TRUE"
"14095","ἓν","FALSE"
"14096","δήπου","FALSE"
"14097","σημαίνει","FALSE"
"14098",",","FALSE"
"14099","ἀφωρισμένον","FALSE"
"14100","μὲν","TRUE"
"14101","τῶν","TRUE"
"14102","ἄλλων","TRUE"
"14103",",","FALSE"
"14104","καθʼ","FALSE"
"14105","αὑτὸ","FALSE"
"14106","δὲ","TRUE"
"14107","ὄν","FALSE"
"14108",",","FALSE"
"14109","εἴπερ","FALSE"
"14110","ἕκαστον","FALSE"
"14111","ἔσται","TRUE"
"14112",".","FALSE"
"14113","ὀρθῶς","FALSE"
"14114",".","FALSE"
"14115","μετέχοι","FALSE"
"14116","δέ","TRUE"
"14117","γε","TRUE"
"14118","ἂν","TRUE"
"14119","τοῦ","TRUE"
"14120","ἑνὸς","FALSE"
"14121","δῆλον","FALSE"
"14122","ὅτι","TRUE"
"14123","ἄλλο","TRUE"
"14124","ὂν","TRUE"
"14125","ἢ","TRUE"
"14126","ἕν","FALSE"
"14127","·","FALSE"
"14128","οὐ","TRUE"
"14129","γὰρ","TRUE"
"14130","ἂν","TRUE"
"14131","μετεῖχεν","FALSE"
"14132",",","FALSE"
"14133","ἀλλʼ","FALSE"
"14134","ἦν","TRUE"
"14135","ἂν","TRUE"
"14136","αὐτὸ","TRUE"
"14137","ἕν","FALSE"
"14138",".","FALSE"
"14139","νῦν","FALSE"
"14140","δὲ","TRUE"
"14141","ἑνὶ","FALSE"
"14142","μὲν","TRUE"
"14143","εἶναι","TRUE"
"14144","πλὴν","FALSE"
"14145","αὐτῷ","TRUE"
"14146","τῷ","TRUE"
"14147","ἑνὶ","FALSE"
"14148","ἀδύνατόν","FALSE"
"14149","που","FALSE"
"14150",".","FALSE"
"14151","ἀδύνατον","FALSE"
"14152",".","FALSE"
"14153","μετέχειν","FALSE"
"14154","δέ","TRUE"
"14155","γε","TRUE"
"14156","τοῦ","TRUE"
"14157","ἑνὸς","FALSE"
"14158","ἀνάγκη","FALSE"
"14159","τῷ","TRUE"
"14160","τε","TRUE"
"14161","ὅλῳ","FALSE"
"14162","καὶ","TRUE"
"14163","τῷ","TRUE"
"14164","μορίῳ","FALSE"
"14165",".","FALSE"
"14166","τὸ","TRUE"
"14167","μὲν","TRUE"
"14168","γὰρ","TRUE"
"14169","ἓν","FALSE"
"14170","ὅλον","FALSE"
"14171","ἔσται","TRUE"
"14172",",","FALSE"
"14173","οὗ","TRUE"
"14174","μόρια","FALSE"
"14175","τὰ","TRUE"
"14176","μόρια","FALSE"
"14177","·","FALSE"
"14178","τὸ","TRUE"
"14179","δʼ","FALSE"
"14180","αὖ","FALSE"
"14181","ἕκαστον","FALSE"
"14182","ἓν","FALSE"
"14183","μόριον","FALSE"
"14184","τοῦ","TRUE"
"14185","ὅλου","FALSE"
"14186",",","FALSE"
"14187","ὃ","TRUE"
"14188","ἂν","TRUE"
"14189","ᾖ","TRUE"
"14190","μόριον","FALSE"
"14191","ὅλου","FALSE"
"14192",".","FALSE"
"14193","οὕτως","TRUE"
"14194",".","FALSE"
"14195","οὐκοῦν","FALSE"
"14196","ἕτερα","FALSE"
"14197","ὄντα","TRUE"
"14198","τοῦ","TRUE"
"14199","ἑνὸς","FALSE"
"14200","μεθέξει","FALSE"
"14201","τὰ","TRUE"
"14202","μετέχοντα","FALSE"
"14203","αὐτοῦ","TRUE"
"14204",";","FALSE"
"14205","πῶς","FALSE"
"14206","δʼ","FALSE"
"14207","οὔ","TRUE"
"14208",";","FALSE"
"14209","τὰ","TRUE"
"14210","δʼ","FALSE"
"14211","ἕτερα","FALSE"
"14212","τοῦ","TRUE"
"14213","ἑνὸς","FALSE"
"14214","πολλά","FALSE"
"14215","που","FALSE"
"14216","ἂν","TRUE"
"14217","εἴη","TRUE"
"14218","·","FALSE"
"14219","εἰ","TRUE"
"14220","γὰρ","TRUE"
"14221","μήτε","FALSE"
"14222","ἓν","FALSE"
"14223","μήτε","FALSE"
"14224","ἑνὸς","FALSE"
"14225","πλείω","FALSE"
"14226","εἴη","TRUE"
"14227","τἆ","FALSE"
"14228","λλα","FALSE"
"14229","τοῦ","TRUE"
"14230","ἑνός","FALSE"
"14231",",","FALSE"
"14232","οὐδὲν","TRUE"
"14233","ἂν","TRUE"
"14234","εἴη","TRUE"
"14235",".","FALSE"
"14236","οὐ","TRUE"
"14237","γὰρ","TRUE"
"14238","οὖν","TRUE"
"14239",".","FALSE"
"14240","ἐπεὶ","FALSE"
"14241","δέ","TRUE"
"14242","γε","TRUE"
"14243","πλείω","FALSE"
"14244","ἑνός","FALSE"
"14245","ἐστι","TRUE"
"14246","τά","TRUE"
"14247","τε","TRUE"
"14248","τοῦ","TRUE"
"14249","ἑνὸς","FALSE"
"14250","μορίου","FALSE"
"14251","καὶ","TRUE"
"14252","τὰ","TRUE"
"14253","τοῦ","TRUE"
"14254","ἑνὸς","FALSE"
"14255","ὅλου","FALSE"
"14256","μετέχοντα","FALSE"
"14257",",","FALSE"
"14258","οὐκ","TRUE"
"14259","ἀνάγκη","FALSE"
"14260","ἤδη","FALSE"
"14261","πλήθει","FALSE"
"14262","ἄπειρα","FALSE"
"14263","εἶναι","TRUE"
"14264","αὐτά","TRUE"
"14265","γε","TRUE"
"14266","ἐκεῖνα","FALSE"
"14267","τὰ","TRUE"
"14268","μεταλαμβάνοντα","FALSE"
"14269","τοῦ","TRUE"
"14270","ἑνός","FALSE"
"14271",";","FALSE"
"14272","πῶς","FALSE"
"14273",";","FALSE"
"14274","ὧδε","FALSE"
"14275","ἴδωμεν","FALSE"
"14276",".","FALSE"
"14277","ἄλλο","TRUE"
"14278","τι","TRUE"
"14279","οὐχ","TRUE"
"14280","ἓν","FALSE"
"14281","ὄντα","TRUE"
"14282","οὐδὲ","TRUE"
"14283","μετέχοντα","FALSE"
"14284","τοῦ","TRUE"
"14285","ἑνὸς","FALSE"
"14286","τότε","FALSE"
"14287",",","FALSE"
"14288","ὅτε","FALSE"
"14289","μεταλαμβάνει","FALSE"
"14290","αὐτοῦ","TRUE"
"14291",",","FALSE"
"14292","μεταλαμβάνει","FALSE"
"14293",";","FALSE"
"14294","δῆλα","FALSE"
"14295","δή","TRUE"
"14296",".","FALSE"
"14297","οὐκοῦν","FALSE"
"14298","πλήθη","FALSE"
"14299","ὄντα","TRUE"
"14300",",","FALSE"
"14301","ἐν","TRUE"
"14302","οἷς","TRUE"
"14303","τὸ","TRUE"
"14304","ἓν","FALSE"
"14305","οὐκ","TRUE"
"14306","ἔνι","TRUE"
"14307",";","FALSE"
"14308","πλήθη","FALSE"
"14309","μέντοι","FALSE"
"14310",".","FALSE"
"14311","τί","TRUE"
"14312","οὖν","TRUE"
"14313",";","FALSE"
"14314","εἰ","TRUE"
"14315","ἐθέλοιμεν","FALSE"
"14316","τῇ","TRUE"
"14317","διανοίᾳ","FALSE"
"14318","τῶν","TRUE"
"14319","τοιούτων","TRUE"
"14320","ἀφελεῖν","FALSE"
"14321","ὡς","TRUE"
"14322","οἷοί","FALSE"
"14323","τέ","TRUE"
"14324","ἐσμεν","TRUE"
"14325","ὅτι","TRUE"
"14326","ὀλίγιστον","FALSE"
"14327",",","FALSE"
"14328","οὐκ","TRUE"
"14329","ἀνάγκη","FALSE"
"14330","καὶ","TRUE"
"14331","τὸ","TRUE"
"14332","ἀφαιρεθὲν","FALSE"
"14333","ἐκεῖνο","FALSE"
"14334",",","FALSE"
"14335","εἴπερ","FALSE"
"14336","τοῦ","TRUE"
"14337","ἑνὸς","FALSE"
"14338","μὴ","TRUE"
"14339","μετέχοι","FALSE"
"14340",",","FALSE"
"14341","πλῆθος","FALSE"
"14342","εἶναι","TRUE"
"14343","καὶ","TRUE"
"14344","οὐχ","TRUE"
"14345","ἕν","FALSE"
"14346",";","FALSE"
"14347","ἀνάγκη","FALSE"
"14348",".","FALSE"
"14349","οὐκοῦν","FALSE"
"14350","οὕτως","TRUE"
"14351","ἀεὶ","FALSE"
"14352","σκοποῦντες","FALSE"
"14353","αὐτὴν","TRUE"
"14354","καθʼ","FALSE"
"14355","αὑτὴν","TRUE"
"14356","τὴν","TRUE"
"14357","ἑτέραν","FALSE"
"14358","φύσιν","FALSE"
"14359","τοῦ","TRUE"
"14360","εἴδους","FALSE"
"14361","ὅσον","FALSE"
"14362","ἂν","TRUE"
"14363","αὐτῆς","TRUE"
"14364","ἀεὶ","FALSE"
"14365","ὁρῶμεν","FALSE"
"14366","ἄπειρον","FALSE"
"14367","ἔσται","TRUE"
"14368","πλήθει","FALSE"
"14369",";","FALSE"
"14370","παντάπασι","FALSE"
"14371","μὲν","TRUE"
"14372","οὖν","TRUE"
"14373",".","FALSE"
"14374","καὶ","TRUE"
"14375","μὴν","FALSE"
"14376","ἐπειδάν","FALSE"
"14377","γε","TRUE"
"14378","ἓν","FALSE"
"14379","ἕκαστον","FALSE"
"14380","μόριον","FALSE"
"14381","μόριον","FALSE"
"14382","γένηται","FALSE"
"14383",",","FALSE"
"14384","πέρας","FALSE"
"14385","ἤδη","FALSE"
"14386","ἔχει","FALSE"
"14387","πρὸς","TRUE"
"14388","ἄλληλα","FALSE"
"14389","καὶ","TRUE"
"14390","πρὸς","TRUE"
"14391","τὸ","TRUE"
"14392","ὅλον","FALSE"
"14393",",","FALSE"
"14394","καὶ","TRUE"
"14395","τὸ","TRUE"
"14396","ὅλον","FALSE"
"14397","πρὸς","TRUE"
"14398","τὰ","TRUE"
"14399","μόρια","FALSE"
"14400",".","FALSE"
"14401","κομιδῇ","FALSE"
"14402","μὲν","TRUE"
"14403","οὖν","TRUE"
"14404",".","FALSE"
"14405","τοῖς","TRUE"
"14406","ἄλλοις","TRUE"
"14407","δὴ","TRUE"
"14408","τοῦ","TRUE"
"14409","ἑνὸς","FALSE"
"14410","συμβαίνει","FALSE"
"14411","ἐκ","TRUE"
"14412","μὲν","TRUE"
"14413","τοῦ","TRUE"
"14414","ἑνὸς","FALSE"
"14415","καὶ","TRUE"
"14416","ἐξ","TRUE"
"14417","ἑαυτῶν","TRUE"
"14418","κοινωνησάντων","FALSE"
"14419",",","FALSE"
"14420","ὡς","TRUE"
"14421","ἔοικεν","FALSE"
"14422",",","FALSE"
"14423","ἕτερόν","FALSE"
"14424","τι","TRUE"
"14425","γίγνεσθαι","FALSE"
"14426","ἐν","TRUE"
"14427","ἑαυτοῖς","TRUE"
"14428",",","FALSE"
"14429","ὃ","TRUE"
"14430","δὴ","TRUE"
"14431","πέρας","FALSE"
"14432","παρέσχε","FALSE"
"14433","πρὸς","TRUE"
"14434","ἄλληλα","FALSE"
"14435","·","FALSE"
"14436","ἡ","TRUE"
"14437","δʼ","FALSE"
"14438","ἑαυτῶν","TRUE"
"14439","φύσις","FALSE"
"14440","καθʼ","FALSE"
"14441","ἑαυτὰ","FALSE"
"14442","ἀπειρίαν","FALSE"
"14443",".","FALSE"
"14444","φαίνεται","FALSE"
"14445",".","FALSE"
"14446","οὕτω","TRUE"
"14447","δὴ","TRUE"
"14448","τὰ","TRUE"
"14449","ἄλλα","TRUE"
"14450","τοῦ","TRUE"
"14451","ἑνὸς","FALSE"
"14452","καὶ","TRUE"
"14453","ὅλα","FALSE"
"14454","καὶ","TRUE"
"14455","κατὰ","TRUE"
"14456","μόρια","FALSE"
"14457","ἄπειρά","FALSE"
"14458","τέ","TRUE"
"14459","ἐστι","TRUE"
"14460","καὶ","TRUE"
"14461","πέρατος","FALSE"
"14462","μετέχει","FALSE"
"14463",".","FALSE"
"14464","πάνυ","FALSE"
"14465","γε","TRUE"
"14466",".","FALSE"
"14467","οὐκοῦν","FALSE"
"14468","καὶ","TRUE"
"14469","ὅμοιά","FALSE"
"14470","τε","TRUE"
"14471","καὶ","TRUE"
"14472","ἀνόμοια","FALSE"
"14473","ἀλλήλοις","FALSE"
"14474","τε","TRUE"
"14475","καὶ","TRUE"
"14476","ἑαυτοῖς","TRUE"
"14477",";","FALSE"
"14478","πῇ","FALSE"
"14479","δή","TRUE"
"14480",";","FALSE"
"14481","ἧι","FALSE"
"14482","μέν","TRUE"
"14483","που","FALSE"
"14484","ἄπειρά","FALSE"
"14485","ἐστι","TRUE"
"14486","κατὰ","TRUE"
"14487","τὴν","TRUE"
"14488","ἑαυτῶν","TRUE"
"14489","φύσιν","FALSE"
"14490","πάντα","FALSE"
"14491",",","FALSE"
"14492","ταὐτὸν","TRUE"
"14493","πεπονθότα","FALSE"
"14494","ἂν","TRUE"
"14495","εἴη","TRUE"
"14496","ταύτῃ","TRUE"
"14497",".","FALSE"
"14498","πάνυ","FALSE"
"14499","γε","TRUE"
"14500",".","FALSE"
"14501","καὶ","TRUE"
"14502","μὴν","FALSE"
"14503","ᾗ","TRUE"
"14504","γε","TRUE"
"14505","ἅπαντα","FALSE"
"14506","πέρατος","FALSE"
"14507","μετέχει","FALSE"
"14508",",","FALSE"
"14509","καὶ","TRUE"
"14510","ταύτῃ","TRUE"
"14511","πάντʼ","FALSE"
"14512","ἂν","TRUE"
"14513","εἴη","TRUE"
"14514","ταὐτὸν","TRUE"
"14515","πεπονθότα","FALSE"
"14516",".","FALSE"
"14517","πῶς","FALSE"
"14518","δʼ","FALSE"
"14519","οὔ","TRUE"
"14520",";","FALSE"
"14521","ᾗ","TRUE"
"14522","δέ","TRUE"
"14523","γε","TRUE"
"14524","πεπερασμένα","FALSE"
"14525","τε","TRUE"
"14526","εἶναι","TRUE"
"14527","καὶ","TRUE"
"14528","ἄπειρα","FALSE"
"14529","πέπονθεν","FALSE"
"14530",",","FALSE"
"14531","ἐναντία","FALSE"
"14532","πάθη","FALSE"
"14533","ἀλλήλοις","FALSE"
"14534","ὄντα","TRUE"
"14535","ταῦτα","TRUE"
"14536","τὰ","TRUE"
"14537","πάθη","FALSE"
"14538","πέπονθεν","FALSE"
"14539",".","FALSE"
"14540","ναί","FALSE"
"14541",".","FALSE"
"14542","τὰ","TRUE"
"14543","δʼ","FALSE"
"14544","ἐναντία","FALSE"
"14545","γε","TRUE"
"14546","ὡς","TRUE"
"14547","οἷόν","FALSE"
"14548","τε","TRUE"
"14549","ἀνομοιότατα","FALSE"
"14550",".","FALSE"
"14551","τί","TRUE"
"14552","μήν","FALSE"
"14553",";","FALSE"
"14554","κατὰ","TRUE"
"14555","μὲν","TRUE"
"14556","ἄρα","TRUE"
"14557","ἑκάτερον","FALSE"
"14558","τὸ","TRUE"
"14559","πάθος","FALSE"
"14560","ὅμοια","FALSE"
"14561","ἂν","TRUE"
"14562","εἴη","TRUE"
"14563","αὐτά","TRUE"
"14564","τε","TRUE"
"14565","αὑτοῖς","TRUE"
"14566","καὶ","TRUE"
"14567","ἀλλήλοις","FALSE"
"14568",",","FALSE"
"14569","κατὰ","TRUE"
"14570","δʼ","FALSE"
"14571","ἀμφότερα","FALSE"
"14572","ἀμφοτέρως","FALSE"
"14573","ἐναντιώτατά","FALSE"
"14574","τε","TRUE"
"14575","καὶ","TRUE"
"14576","ἀνομοιότατα","FALSE"
"14577",".","FALSE"
"14578","κινδυνεύει","FALSE"
"14579",".","FALSE"
"14580","οὕτω","TRUE"
"14581","δὴ","TRUE"
"14582","τὰ","TRUE"
"14583","ἄλλα","TRUE"
"14584","αὐτά","TRUE"
"14585","τε","TRUE"
"14586","αὑτοῖς","TRUE"
"14587","καὶ","TRUE"
"14588","ἀλλήλοις","FALSE"
"14589","ὅμοιά","FALSE"
"14590","τε","TRUE"
"14591","καὶ","TRUE"
"14592","ἀνόμοια","FALSE"
"14593","ἂν","TRUE"
"14594","εἴη","TRUE"
"14595",".","FALSE"
"14596","οὕτως","TRUE"
"14597",".","FALSE"
"14598","καὶ","TRUE"
"14599","ταὐτὰ","TRUE"
"14600","δὴ","TRUE"
"14601","καὶ","TRUE"
"14602","ἕτερα","FALSE"
"14603","ἀλλήλων","FALSE"
"14604",",","FALSE"
"14605","καὶ","TRUE"
"14606","κινούμενα","FALSE"
"14607","καὶ","TRUE"
"14608","ἑστῶτα","FALSE"
"14609",",","FALSE"
"14610","καὶ","TRUE"
"14611","πάντα","FALSE"
"14612","τὰ","TRUE"
"14613","ἐναντία","FALSE"
"14614","πάθη","FALSE"
"14615","οὐκέτι","FALSE"
"14616","χαλεπῶς","FALSE"
"14617","εὑρήσομεν","FALSE"
"14618","πεπονθότα","FALSE"
"14619","τἆ","FALSE"
"14620","λλα","FALSE"
"14621","τοῦ","TRUE"
"14622","ἑνός","FALSE"
"14623",",","FALSE"
"14624","ἐπείπερ","FALSE"
"14625","καὶ","TRUE"
"14626","ταῦτα","TRUE"
"14627","ἐφάνη","FALSE"
"14628","πεπονθότα","FALSE"
"14629",".","FALSE"
"14630","ὀρθῶς","FALSE"
"14631","λέγεις","FALSE"
"14632",".","FALSE"
"14633","οὐκοῦν","FALSE"
"14634",",","FALSE"
"14635","εἰ","TRUE"
"14636","ταῦτα","TRUE"
"14637","μὲν","TRUE"
"14638","ἤδη","FALSE"
"14639","ἐῷμεν","FALSE"
"14640","ὡς","TRUE"
"14641","φανερά","FALSE"
"14642",",","FALSE"
"14643","ἐπισκοποῖμεν","FALSE"
"14644","δὲ","TRUE"
"14645","πάλιν","FALSE"
"14646","ἓν","FALSE"
"14647","εἰ","TRUE"
"14648","ἔστιν","TRUE"
"14649",",","FALSE"
"14650","ἆρα","FALSE"
"14651","καὶ","TRUE"
"14652","οὐχ","TRUE"
"14653","οὕτως","TRUE"
"14654","ἔχει","FALSE"
"14655","τὰ","TRUE"
"14656","ἄλλα","TRUE"
"14657","τοῦ","TRUE"
"14658","ἑνὸς","FALSE"
"14659","ἢ","TRUE"
"14660","οὕτω","TRUE"
"14661","μόνον","FALSE"
"14662",";","FALSE"
"14663","πάνυ","FALSE"
"14664","μὲν","TRUE"
"14665","οὖν","TRUE"
"14666",".","FALSE"
"14667","λέγωμεν","FALSE"
"14668","δὴ","TRUE"
"14669","ἐξ","TRUE"
"14670","ἀρχῆς","FALSE"
"14671","ἓν","FALSE"
"14672","εἰ","TRUE"
"14673","ἔστι","TRUE"
"14674",",","FALSE"
"14675","τί","TRUE"
"14676","χρὴ","FALSE"
"14677","τὰ","TRUE"
"14678","ἄλλα","TRUE"
"14679","τοῦ","TRUE"
"14680","ἑνὸς","FALSE"
"14681","πεπονθέναι","FALSE"
"14682",".","FALSE"
"14683","λέγωμεν","FALSE"
"14684","γάρ","TRUE"
"14685",".","FALSE"
"14686","ἆρʼ","FALSE"
"14687","οὖν","TRUE"
"14688","οὐ","TRUE"
"14689","χωρὶς","FALSE"
"14690","μὲν","TRUE"
"14691","τὸ","TRUE"
"14692","ἓν","FALSE"
"14693","τῶν","TRUE"
"14694","ἄλλων","TRUE"
"14695",",","FALSE"
"14696","χωρὶς","FALSE"
"14697","δὲ","TRUE"
"14698","τἆ","FALSE"
"14699","λλα","FALSE"
"14700","τοῦ","TRUE"
"14701","ἑνὸς","FALSE"
"14702","εἶναι","TRUE"
"14703",";","FALSE"
"14704","τί","TRUE"
"14705","δή","TRUE"
"14706",";","FALSE"
"14707","ὅτι","TRUE"
"14708","που","FALSE"
"14709","οὐκ","TRUE"
"14710","ἔστι","TRUE"
"14711","παρὰ","TRUE"
"14712","ταῦτα","TRUE"
"14713","ἕτερον","FALSE"
"14714",",","FALSE"
"14715","ὃ","TRUE"
"14716","ἄλλο","TRUE"
"14717","μέν","TRUE"
"14718","ἐστι","TRUE"
"14719","τοῦ","TRUE"
"14720","ἑνός","FALSE"
"14721",",","FALSE"
"14722","ἄλλο","TRUE"
"14723","δὲ","TRUE"
"14724","τῶν","TRUE"
"14725","ἄλλων","TRUE"
"14726","·","FALSE"
"14727","πάντα","FALSE"
"14728","γὰρ","TRUE"
"14729","εἴρηται","FALSE"
"14730",",","FALSE"
"14731","ὅταν","FALSE"
"14732","ῥηθῇ","FALSE"
"14733","τό","TRUE"
"14734","τε","TRUE"
"14735","ἓν","FALSE"
"14736","καὶ","TRUE"
"14737","τἆ","FALSE"
"14738","λλα","FALSE"
"14739",".","FALSE"
"14740","πάντα","FALSE"
"14741","γάρ","TRUE"
"14742",".","FALSE"
"14743","οὐκ","TRUE"
"14744","ἄρα","TRUE"
"14745","ἔτʼ","FALSE"
"14746","ἔστιν","TRUE"
"14747","ἕτερον","FALSE"
"14748","τούτων","TRUE"
"14749",",","FALSE"
"14750","ἐν","TRUE"
"14751","ᾧ","TRUE"
"14752","τό","TRUE"
"14753","τε","TRUE"
"14754","ἓν","FALSE"
"14755","ἂν","TRUE"
"14756","εἴη","TRUE"
"14757","τῷ","TRUE"
"14758","αὐτῷ","TRUE"
"14759","καὶ","TRUE"
"14760","τἆ","FALSE"
"14761","λλα","FALSE"
"14762",".","FALSE"
"14763","οὐ","TRUE"
"14764","γάρ","TRUE"
"14765",".","FALSE"
"14766","οὐδέποτε","FALSE"
"14767","ἄρα","TRUE"
"14768","ἐν","TRUE"
"14769","ταὐτῷ","FALSE"
"14770","ἐστι","TRUE"
"14771","τὸ","TRUE"
"14772","ἓν","FALSE"
"14773","καὶ","TRUE"
"14774","τἆ","FALSE"
"14775","λλα","FALSE"
"14776",".","FALSE"
"14777","οὐκ","TRUE"
"14778","ἔοικεν","FALSE"
"14779",".","FALSE"
"14780","χωρὶς","FALSE"
"14781","ἄρα","TRUE"
"14782",";","FALSE"
"14783","ναί","FALSE"
"14784",".","FALSE"
"14785","οὐδὲ","TRUE"
"14786","μὴν","FALSE"
"14787","μόριά","FALSE"
"14788","γε","TRUE"
"14789","ἔχειν","FALSE"
"14790","φαμὲν","FALSE"
"14791","τὸ","TRUE"
"14792","ὡς","TRUE"
"14793","ἀληθῶς","FALSE"
"14794","ἕν","FALSE"
"14795",".","FALSE"
"14796","πῶς","FALSE"
"14797","γάρ","TRUE"
"14798",";","FALSE"
"14799","οὔτʼ","FALSE"
"14800","ἄρα","TRUE"
"14801","ὅλον","FALSE"
"14802","εἴη","TRUE"
"14803","ἂν","TRUE"
"14804","τὸ","TRUE"
"14805","ἓν","FALSE"
"14806","ἐν","TRUE"
"14807","τοῖς","TRUE"
"14808","ἄλλοις","TRUE"
"14809","οὔτε","TRUE"
"14810","μόρια","FALSE"
"14811","αὐτοῦ","TRUE"
"14812",",","FALSE"
"14813","εἰ","TRUE"
"14814","χωρίς","FALSE"
"14815","τέ","TRUE"
"14816","ἐστι","TRUE"
"14817","τῶν","TRUE"
"14818","ἄλλων","TRUE"
"14819","καὶ","TRUE"
"14820","μόρια","FALSE"
"14821","μὴ","TRUE"
"14822","ἔχει","FALSE"
"14823",".","FALSE"
"14824","πῶς","FALSE"
"14825","γάρ","TRUE"
"14826",";","FALSE"
"14827","οὐδενὶ","TRUE"
"14828","ἄρα","TRUE"
"14829","τρόπῳ","FALSE"
"14830","μετέχοι","FALSE"
"14831","ἂν","TRUE"
"14832","τἆ","FALSE"
"14833","λλα","FALSE"
"14834","τοῦ","TRUE"
"14835","ἑνός","FALSE"
"14836",",","FALSE"
"14837","μήτε","FALSE"
"14838","κατὰ","TRUE"
"14839","μόριόν","FALSE"
"14840","τι","TRUE"
"14841","αὐτοῦ","TRUE"
"14842","μήτε","FALSE"
"14843","κατὰ","TRUE"
"14844","ὅλον","FALSE"
"14845","μετέχοντα","FALSE"
"14846",".","FALSE"
"14847","οὐκ","TRUE"
"14848","ἔοικεν","FALSE"
"14849",".","FALSE"
"14850","οὐδαμῇ","FALSE"
"14851","ἄρα","TRUE"
"14852","ἓν","FALSE"
"14853","τἆλλά","FALSE"
"14854","ἐστιν","TRUE"
"14855",",","FALSE"
"14856","οὐδʼ","FALSE"
"14857","ἔχει","FALSE"
"14858","ἐν","TRUE"
"14859","ἑαυτοῖς","TRUE"
"14860","ἓν","FALSE"
"14861","οὐδέν","TRUE"
"14862",".","FALSE"
"14863","οὐ","TRUE"
"14864","γὰρ","TRUE"
"14865","οὖν","TRUE"
"14866",".","FALSE"
"14867","οὐδʼ","FALSE"
"14868","ἄρα","TRUE"
"14869","πολλά","FALSE"
"14870","ἐστι","TRUE"
"14871","τἆ","FALSE"
"14872","λλα","FALSE"
"14873","·","FALSE"
"14874","ἓν","FALSE"
"14875","γὰρ","TRUE"
"14876","ἂν","TRUE"
"14877","ἦν","TRUE"
"14878","ἕκαστον","FALSE"
"14879","αὐτῶν","TRUE"
"14880","μόριον","FALSE"
"14881","τοῦ","TRUE"
"14882","ὅλου","FALSE"
"14883",",","FALSE"
"14884","εἰ","TRUE"
"14885","πολλὰ","FALSE"
"14886","ἦν","TRUE"
"14887","·","FALSE"
"14888","νῦν","FALSE"
"14889","δὲ","TRUE"
"14890","οὔτε","TRUE"
"14891","ἓν","FALSE"
"14892","οὔτε","TRUE"
"14893","πολλὰ","FALSE"
"14894","οὔτε","TRUE"
"14895","ὅλον","FALSE"
"14896","οὔτε","TRUE"
"14897","μόριά","FALSE"
"14898","ἐστι","TRUE"
"14899","τἆ","FALSE"
"14900","λλα","FALSE"
"14901","τοῦ","TRUE"
"14902","ἑνός","FALSE"
"14903",",","FALSE"
"14904","ἐπειδὴ","FALSE"
"14905","αὐτοῦ","TRUE"
"14906","οὐδαμῇ","FALSE"
"14907","μετέχει","FALSE"
"14908",".","FALSE"
"14909","ὀρθῶς","FALSE"
"14910",".","FALSE"
"14911","οὐδʼ","FALSE"
"14912","ἄρα","TRUE"
"14913","δύο","FALSE"
"14914","οὐδὲ","TRUE"
"14915","τρία","FALSE"
"14916","οὔτε","TRUE"
"14917","αὐτά","TRUE"
"14918","ἐστι","TRUE"
"14919","τὰ","TRUE"
"14920","ἄλλα","TRUE"
"14921","οὔτε","TRUE"
"14922","ἔνεστιν","FALSE"
"14923","ἐν","TRUE"
"14924","αὐτοῖς","TRUE"
"14925",",","FALSE"
"14926","εἴπερ","FALSE"
"14927","τοῦ","TRUE"
"14928","ἑνὸς","FALSE"
"14929","πανταχῇ","FALSE"
"14930","στέρεται","FALSE"
"14931",".","FALSE"
"14932","οὕτως","TRUE"
"14933",".","FALSE"
"14934","οὐδὲ","TRUE"
"14935","ὅμοια","FALSE"
"14936","ἄρα","TRUE"
"14937","καὶ","TRUE"
"14938","ἀνόμοια","FALSE"
"14939","οὔτε","TRUE"
"14940","αὐτά","TRUE"
"14941","ἐστι","TRUE"
"14942","τῷ","TRUE"
"14943","ἑνὶ","FALSE"
"14944","τὰ","TRUE"
"14945","ἄλλα","TRUE"
"14946",",","FALSE"
"14947","οὔτε","TRUE"
"14948","ἔνεστιν","FALSE"
"14949","ἐν","TRUE"
"14950","αὐτοῖς","TRUE"
"14951","ὁμοιότης","FALSE"
"14952","καὶ","TRUE"
"14953","ἀνομοιότης","FALSE"
"14954","·","FALSE"
"14955","εἰ","TRUE"
"14956","γὰρ","TRUE"
"14957","ὅμοια","FALSE"
"14958","καὶ","TRUE"
"14959","ἀνόμοια","FALSE"
"14960","αὐτὰ","TRUE"
"14961","εἴη","TRUE"
"14962","ἢ","TRUE"
"14963","ἔχοι","FALSE"
"14964","ἐν","TRUE"
"14965","ἑαυτοῖς","TRUE"
"14966","ὁμοιότητα","FALSE"
"14967","καὶ","TRUE"
"14968","ἀνομοιότητα","FALSE"
"14969",",","FALSE"
"14970","δύο","FALSE"
"14971","που","FALSE"
"14972","εἴδη","FALSE"
"14973","ἐναντία","FALSE"
"14974","ἀλλήλοις","FALSE"
"14975","ἔχοι","FALSE"
"14976","ἂν","TRUE"
"14977","ἐν","TRUE"
"14978","ἑαυτοῖς","TRUE"
"14979","τὰ","TRUE"
"14980","ἄλλα","TRUE"
"14981","τοῦ","TRUE"
"14982","ἑνός","FALSE"
"14983",".","FALSE"
"14984","φαίνεται","FALSE"
"14985",".","FALSE"
"14986","ἦν","TRUE"
"14987","δέ","TRUE"
"14988","γε","TRUE"
"14989","ἀδύνατον","FALSE"
"14990","δυοῖν","FALSE"
"14991","τινοῖν","FALSE"
"14992","μετέχειν","FALSE"
"14993","ἃ","TRUE"
"14994","μηδʼ","FALSE"
"14995","ἑνὸς","FALSE"
"14996","μετέχοι","FALSE"
"14997",".","FALSE"
"14998","ἀδύνατον","FALSE"
"14999",".","FALSE"
"15000","οὔτʼ","FALSE"
"15001","ἄρα","TRUE"
"15002","ὅμοια","FALSE"
"15003","οὔτʼ","FALSE"
"15004","ἀνόμοιά","FALSE"
"15005","ἐστιν","TRUE"
"15006","οὔτʼ","FALSE"
"15007","ἀμφότερα","FALSE"
"15008","τἆ","FALSE"
"15009","λλα","FALSE"
"15010",".","FALSE"
"15011","ὅμοια","FALSE"
"15012","μὲν","TRUE"
"15013","γὰρ","TRUE"
"15014","ἂν","TRUE"
"15015","ὄντα","TRUE"
"15016","ἢ","TRUE"
"15017","ἀνόμοια","FALSE"
"15018","ἑνὸς","FALSE"
"15019","ἂν","TRUE"
"15020","τοῦ","TRUE"
"15021","ἑτέρου","FALSE"
"15022","εἴδους","FALSE"
"15023","μετέχοι","FALSE"
"15024",",","FALSE"
"15025","ἀμφότερα","FALSE"
"15026","δὲ","TRUE"
"15027","ὄντα","TRUE"
"15028","δυοῖν","FALSE"
"15029","τοῖν","TRUE"
"15030","ἐναντίοιν","FALSE"
"15031","·","FALSE"
"15032","ταῦτα","TRUE"
"15033","δὲ","TRUE"
"15034","ἀδύνατον","FALSE"
"15035","ἐφάνη","FALSE"
"15036",".","FALSE"
"15037","ἀληθῆ","FALSE"
"15038",".","FALSE"
"15039","οὐδʼ","FALSE"
"15040","ἄρα","TRUE"
"15041","τὰ","TRUE"
"15042","αὐτὰ","TRUE"
"15043","οὐδʼ","FALSE"
"15044","ἕτερα","FALSE"
"15045",",","FALSE"
"15046","οὐδὲ","TRUE"
"15047","κινούμενα","FALSE"
"15048","οὐδὲ","TRUE"
"15049","ἑστῶτα","FALSE"
"15050",",","FALSE"
"15051","οὐδὲ","TRUE"
"15052","γιγνόμενα","FALSE"
"15053","οὐδὲ","TRUE"
"15054","ἀπολλύμενα","FALSE"
"15055",",","FALSE"
"15056","οὐδὲ","TRUE"
"15057","μείζω","FALSE"
"15058","οὐδὲ","TRUE"
"15059","ἐλάττω","FALSE"
"15060","οὐδὲ","TRUE"
"15061","ἴσα","FALSE"
"15062","·","FALSE"
"15063","οὐδὲ","TRUE"
"15064","ἄλλο","TRUE"
"15065","οὐδὲν","TRUE"
"15066","πέπονθε","FALSE"
"15067","τῶν","TRUE"
"15068","τοιούτων","TRUE"
"15069","·","FALSE"
"15070","εἰ","TRUE"
"15071","γάρ","TRUE"
"15072","τι","TRUE"
"15073","τοιοῦτον","TRUE"
"15074","πεπονθέναι","FALSE"
"15075","ὑπομένει","FALSE"
"15076","τὰ","TRUE"
"15077","ἄλλα","TRUE"
"15078",",","FALSE"
"15079","καὶ","TRUE"
"15080","ἑνὸς","FALSE"
"15081","καὶ","TRUE"
"15082","δυοῖν","FALSE"
"15083","καὶ","TRUE"
"15084","τριῶν","FALSE"
"15085","καὶ","TRUE"
"15086","περιττοῦ","FALSE"
"15087","καὶ","TRUE"
"15088","ἀρτίου","FALSE"
"15089","μεθέξει","FALSE"
"15090",",","FALSE"
"15091","ὧν","TRUE"
"15092","αὐτοῖς","TRUE"
"15093","ἀδύνατον","FALSE"
"15094","ἐφάνη","FALSE"
"15095","μετέχειν","FALSE"
"15096","τοῦ","TRUE"
"15097","ἑνός","FALSE"
"15098","γε","TRUE"
"15099","πάντῃ","FALSE"
"15100","πάντως","FALSE"
"15101","στερομένοις","FALSE"
"15102",".","FALSE"
"15103","ἀληθέστατα","FALSE"
"15104",".","FALSE"
"15105","οὕτω","TRUE"
"15106","δὴ","TRUE"
"15107","ἓν","FALSE"
"15108","εἰ","TRUE"
"15109","ἔστιν","TRUE"
"15110",",","FALSE"
"15111","πάντα","FALSE"
"15112","τέ","TRUE"
"15113","ἐστι","TRUE"
"15114","τὸ","TRUE"
"15115","ἓν","FALSE"
"15116","καὶ","TRUE"
"15117","οὐδὲ","TRUE"
"15118","ἕν","FALSE"
"15119","ἐστι","TRUE"
"15120","καὶ","TRUE"
"15121","πρὸς","TRUE"
"15122","ἑαυτὸ","FALSE"
"15123","καὶ","TRUE"
"15124","πρὸς","TRUE"
"15125","τὰ","TRUE"
"15126","ἄλλα","TRUE"
"15127","ὡσαύτως","FALSE"
"15128",".","FALSE"
"15129","παντελῶς","FALSE"
"15130","μὲν","TRUE"
"15131","οὖν","TRUE"
"15132",".","FALSE"
"15133","εἶεν","TRUE"
"15134","·","FALSE"
"15135","εἰ","TRUE"
"15136","δὲ","TRUE"
"15137","δὴ","TRUE"
"15138","μὴ","TRUE"
"15139","ἔστι","TRUE"
"15140","τὸ","TRUE"
"15141","ἕν","FALSE"
"15142",",","FALSE"
"15143","τί","TRUE"
"15144","χρὴ","FALSE"
"15145","συμβαίνειν","FALSE"
"15146","ἆρʼ","FALSE"
"15147","οὐ","TRUE"
"15148","σκεπτέον","FALSE"
"15149","μετὰ","TRUE"
"15150","τοῦτο","TRUE"
"15151",";","FALSE"
"15152","σκεπτέον","FALSE"
"15153","γάρ","TRUE"
"15154",".","FALSE"
"15155","τίς","TRUE"
"15156","οὖν","TRUE"
"15157","ἂν","TRUE"
"15158","εἴη","TRUE"
"15159","αὕτη","TRUE"
"15160","ἡ","TRUE"
"15161","ὑπόθεσις","FALSE"
"15162",",","FALSE"
"15163","εἰ","TRUE"
"15164","ἓν","FALSE"
"15165","μὴ","TRUE"
"15166","ἔστιν","TRUE"
"15167",";","FALSE"
"15168","ἆρά","FALSE"
"15169","τι","TRUE"
"15170","διαφέρει","FALSE"
"15171","τῆσδε","TRUE"
"15172",",","FALSE"
"15173","εἰ","TRUE"
"15174","μὴ","TRUE"
"15175","ἓν","FALSE"
"15176","μὴ","TRUE"
"15177","ἔστιν","TRUE"
"15178",";","FALSE"
"15179","διαφέρει","FALSE"
"15180","μέντοι","FALSE"
"15181",".","FALSE"
"15182","διαφέρει","FALSE"
"15183","μόνον","FALSE"
"15184",",","FALSE"
"15185","ἢ","TRUE"
"15186","καὶ","TRUE"
"15187","πᾶν","FALSE"
"15188","τοὐναντίον","FALSE"
"15189","ἐστὶν","TRUE"
"15190","εἰπεῖν","FALSE"
"15191","εἰ","TRUE"
"15192","μὴ","TRUE"
"15193","ἓν","FALSE"
"15194","μὴ","TRUE"
"15195","ἔστι","TRUE"
"15196","τοῦ","TRUE"
"15197","εἰ","TRUE"
"15198","ἓν","FALSE"
"15199","μὴ","TRUE"
"15200","ἔστιν","TRUE"
"15201",";","FALSE"
"15202","πᾶν","FALSE"
"15203","τοὐναντίον","FALSE"
"15204",".","FALSE"
"15205","τί","TRUE"
"15206","δʼ","FALSE"
"15207","εἴ","TRUE"
"15208","τις","TRUE"
"15209","λέγοι","FALSE"
"15210","εἰ","TRUE"
"15211","μέγεθος","FALSE"
"15212","μὴ","TRUE"
"15213","ἔστιν","TRUE"
"15214","ἢ","TRUE"
"15215","σμικρότης","FALSE"
"15216","μὴ","TRUE"
"15217","ἔστιν","TRUE"
"15218","ἤ","TRUE"
"15219","τι","TRUE"
"15220","ἄλλο","TRUE"
"15221","τῶν","TRUE"
"15222","τοιούτων","TRUE"
"15223",",","FALSE"
"15224","ἆρα","FALSE"
"15225","ἐφʼ","FALSE"
"15226","ἑκάστου","FALSE"
"15227","ἂν","TRUE"
"15228","δηλοῖ","FALSE"
"15229","ὅτι","TRUE"
"15230","ἕτερόν","FALSE"
"15231","τι","TRUE"
"15232","λέγοι","FALSE"
"15233","τὸ","TRUE"
"15234","μὴ","TRUE"
"15235","ὄν","FALSE"
"15236",";","FALSE"
"15237","πάνυ","FALSE"
"15238","γε","TRUE"
"15239",".","FALSE"
"15240","οὐκοῦν","FALSE"
"15241","καὶ","TRUE"
"15242","νῦν","FALSE"
"15243","δηλοῖ","FALSE"
"15244","ὅτι","TRUE"
"15245","ἕτερον","FALSE"
"15246","λέγει","FALSE"
"15247","τῶν","TRUE"
"15248","ἄλλων","TRUE"
"15249","τὸ","TRUE"
"15250","μὴ","TRUE"
"15251","ὄν","FALSE"
"15252",",","FALSE"
"15253","ὅταν","FALSE"
"15254","εἴπῃ","FALSE"
"15255","ἓν","FALSE"
"15256","εἰ","TRUE"
"15257","μὴ","TRUE"
"15258","ἔστι","TRUE"
"15259",",","FALSE"
"15260","καὶ","TRUE"
"15261","ἴσμεν","FALSE"
"15262","ὃ","TRUE"
"15263","λέγει","FALSE"
"15264",";","FALSE"
"15265","ἴσμεν","FALSE"
"15266",".","FALSE"
"15267","πρῶτον","FALSE"
"15268","μὲν","TRUE"
"15269","ἄρα","TRUE"
"15270","γνωστόν","FALSE"
"15271","τι","TRUE"
"15272","λέγει","FALSE"
"15273",",","FALSE"
"15274","ἔπειτα","FALSE"
"15275","ἕτερον","FALSE"
"15276","τῶν","TRUE"
"15277","ἄλλων","TRUE"
"15278",",","FALSE"
"15279","ὅταν","FALSE"
"15280","εἴπῃ","FALSE"
"15281","ἕν","FALSE"
"15282",",","FALSE"
"15283","εἴτε","FALSE"
"15284","τὸ","TRUE"
"15285","εἶναι","TRUE"
"15286","αὐτῷ","TRUE"
"15287","προσθεὶς","FALSE"
"15288","εἴτε","FALSE"
"15289","τὸ","TRUE"
"15290","μὴ","TRUE"
"15291","εἶναι","TRUE"
"15292","·","FALSE"
"15293","οὐδὲν","TRUE"
"15294","γὰρ","TRUE"
"15295","ἧττον","FALSE"
"15296","γιγνώσκεται","FALSE"
"15297",",","FALSE"
"15298","τί","TRUE"
"15299","τὸ","TRUE"
"15300","λεγόμενον","FALSE"
"15301","μὴ","TRUE"
"15302","εἶναι","TRUE"
"15303",",","FALSE"
"15304","καὶ","TRUE"
"15305","ὅτι","TRUE"
"15306","διάφορον","FALSE"
"15307","τῶν","TRUE"
"15308","ἄλλων","TRUE"
"15309",".","FALSE"
"15310","ἢ","TRUE"
"15311","οὔ","TRUE"
"15312",";","FALSE"
"15313","ἀνάγκη","FALSE"
"15314",".","FALSE"
"15315","ὧδε","FALSE"
"15316","ἄρα","TRUE"
"15317","λεκτέον","FALSE"
"15318","ἐξ","TRUE"
"15319","ἀρχῆς","FALSE"
"15320",",","FALSE"
"15321","ἓν","FALSE"
"15322","εἰ","TRUE"
"15323","μὴ","TRUE"
"15324","ἔστι","TRUE"
"15325",",","FALSE"
"15326","τί","TRUE"
"15327","χρὴ","FALSE"
"15328","εἶναι","TRUE"
"15329",".","FALSE"
"15330","πρῶτον","FALSE"
"15331","μὲν","TRUE"
"15332","οὖν","TRUE"
"15333","αὐτῷ","TRUE"
"15334","τοῦτο","TRUE"
"15335","ὑπάρχειν","FALSE"
"15336","δεῖ","FALSE"
"15337",",","FALSE"
"15338","ὡς","TRUE"
"15339","ἔοικεν","FALSE"
"15340",",","FALSE"
"15341","εἶναι","TRUE"
"15342","αὐτοῦ","TRUE"
"15343","ἐπιστήμην","FALSE"
"15344",",","FALSE"
"15345","ἢ","TRUE"
"15346","μηδὲ","FALSE"
"15347","ὅτι","TRUE"
"15348","λέγεται","FALSE"
"15349","γιγνώσκεσθαι","FALSE"
"15350",",","FALSE"
"15351","ὅταν","FALSE"
"15352","τις","TRUE"
"15353","εἴπῃ","FALSE"
"15354","ἓν","FALSE"
"15355","εἰ","TRUE"
"15356","μὴ","TRUE"
"15357","ἔστιν","TRUE"
"15358",".","FALSE"
"15359","ἀληθῆ","FALSE"
"15360",".","FALSE"
"15361","οὐκοῦν","FALSE"
"15362","καὶ","TRUE"
"15363","τὰ","TRUE"
"15364","ἄλλα","TRUE"
"15365","ἕτερα","FALSE"
"15366","αὐτοῦ","TRUE"
"15367","εἶναι","TRUE"
"15368",",","FALSE"
"15369","ἢ","TRUE"
"15370","μηδὲ","FALSE"
"15371","ἐκεῖνο","FALSE"
"15372","ἕτερον","FALSE"
"15373","τῶν","TRUE"
"15374","ἄλλων","TRUE"
"15375","λέγεσθαι","FALSE"
"15376",";","FALSE"
"15377","πάνυ","FALSE"
"15378","γε","TRUE"
"15379",".","FALSE"
"15380","καὶ","TRUE"
"15381","ἑτεροιότης","FALSE"
"15382","ἄρα","TRUE"
"15383","ἐστὶν","TRUE"
"15384","αὐτῷ","TRUE"
"15385","πρὸς","TRUE"
"15386","τῇ","TRUE"
"15387","ἐπιστήμῃ","FALSE"
"15388",".","FALSE"
"15389","οὐ","TRUE"
"15390","γὰρ","TRUE"
"15391","τὴν","TRUE"
"15392","τῶν","TRUE"
"15393","ἄλλων","TRUE"
"15394","ἑτεροιότητα","FALSE"
"15395","λέγει","FALSE"
"15396",",","FALSE"
"15397","ὅταν","FALSE"
"15398","τὸ","TRUE"
"15399","ἓν","FALSE"
"15400","ἕτερον","FALSE"
"15401","τῶν","TRUE"
"15402","ἄλλων","TRUE"
"15403","λέγῃ","FALSE"
"15404",",","FALSE"
"15405","ἀλλὰ","TRUE"
"15406","τὴν","TRUE"
"15407","ἐκείνου","FALSE"
"15408",".","FALSE"
"15409","φαίνεται","FALSE"
"15410",".","FALSE"
"15411","καὶ","TRUE"
"15412","μὴν","FALSE"
"15413","τοῦ","TRUE"
"15414","γε","TRUE"
"15415","ἐκείνου","FALSE"
"15416","καὶ","TRUE"
"15417","τοῦ","TRUE"
"15418","τινὸς","TRUE"
"15419","καὶ","TRUE"
"15420","τούτου","TRUE"
"15421","καὶ","TRUE"
"15422","τούτῳ","TRUE"
"15423","καὶ","TRUE"
"15424","τούτων","TRUE"
"15425","καὶ","TRUE"
"15426","πάντων","FALSE"
"15427","τῶν","TRUE"
"15428","τοιούτων","TRUE"
"15429","μετέχει","FALSE"
"15430","τὸ","TRUE"
"15431","μὴ","TRUE"
"15432","ὂν","TRUE"
"15433","ἕν","FALSE"
"15434","·","FALSE"
"15435","οὐ","TRUE"
"15436","γὰρ","TRUE"
"15437","ἂν","TRUE"
"15438","τὸ","TRUE"
"15439","ἓν","FALSE"
"15440","ἐλέγετο","FALSE"
"15441","οὐδʼ","FALSE"
"15442","ἂν","TRUE"
"15443","τοῦ","TRUE"
"15444","ἑνὸς","FALSE"
"15445","ἕτερα","FALSE"
"15446",",","FALSE"
"15447","οὐδʼ","FALSE"
"15448","ἐκείνῳ","FALSE"
"15449","ἄν","TRUE"
"15450","τι","TRUE"
"15451","ἦν","TRUE"
"15452","οὐδʼ","FALSE"
"15453","ἐκείνου","FALSE"
"15454",",","FALSE"
"15455","οὐδʼ","FALSE"
"15456","ἄν","TRUE"
"15457","τι","TRUE"
"15458","ἐλέγετο","FALSE"
"15459",",","FALSE"
"15460","εἰ","TRUE"
"15461","μήτε","FALSE"
"15462","τοῦ","TRUE"
"15463","τινὸς","TRUE"
"15464","αὐτῷ","TRUE"
"15465","μετῆν","FALSE"
"15466","μήτε","FALSE"
"15467","τῶν","TRUE"
"15468","ἄλλων","TRUE"
"15469","τούτων","TRUE"
"15470",".","FALSE"
"15471","ὀρθῶς","FALSE"
"15472",".","FALSE"
"15473","εἶναι","TRUE"
"15474","μὲν","TRUE"
"15475","δὴ","TRUE"
"15476","τῷ","TRUE"
"15477","ἑνὶ","FALSE"
"15478","οὐχ","TRUE"
"15479","οἷόν","FALSE"
"15480","τε","TRUE"
"15481",",","FALSE"
"15482","εἴπερ","FALSE"
"15483","γε","TRUE"
"15484","μὴ","TRUE"
"15485","ἔστι","TRUE"
"15486",",","FALSE"
"15487","μετέχειν","FALSE"
"15488","δὲ","TRUE"
"15489","πολλῶν","FALSE"
"15490","οὐδὲν","TRUE"
"15491","κωλύει","FALSE"
"15492",",","FALSE"
"15493","ἀλλὰ","TRUE"
"15494","καὶ","TRUE"
"15495","ἀνάγκη","FALSE"
"15496",",","FALSE"
"15497","εἴπερ","FALSE"
"15498","τό","TRUE"
"15499","γε","TRUE"
"15500","ἓν","FALSE"
"15501","ἐκεῖνο","FALSE"
"15502","καὶ","TRUE"
"15503","μὴ","TRUE"
"15504","ἄλλο","TRUE"
"15505","μὴ","TRUE"
"15506","ἔστιν","TRUE"
"15507",".","FALSE"
"15508","εἰ","TRUE"
"15509","μέντοι","FALSE"
"15510","μήτε","FALSE"
"15511","τὸ","TRUE"
"15512","ἓν","FALSE"
"15513","μήτʼ","FALSE"
"15514","ἐκεῖνο","FALSE"
"15515","μὴ","TRUE"
"15516","ἔσται","TRUE"
"15517",",","FALSE"
"15518","ἀλλὰ","TRUE"
"15519","περὶ","TRUE"
"15520","ἄλλου","TRUE"
"15521","του","TRUE"
"15522","ὁ","TRUE"
"15523","λόγος","FALSE"
"15524",",","FALSE"
"15525","οὐδὲ","TRUE"
"15526","φθέγγεσθαι","FALSE"
"15527","δεῖ","FALSE"
"15528","οὐδέν","TRUE"
"15529","·","FALSE"
"15530","εἰ","TRUE"
"15531","δὲ","TRUE"
"15532","τὸ","TRUE"
"15533","ἓν","FALSE"
"15534","ἐκεῖνο","FALSE"
"15535","καὶ","TRUE"
"15536","μὴ","TRUE"
"15537","ἄλλο","TRUE"
"15538","ὑπόκειται","FALSE"
"15539","μὴ","TRUE"
"15540","εἶναι","TRUE"
"15541",",","FALSE"
"15542","καὶ","TRUE"
"15543","τοῦ","TRUE"
"15544","ἐκείνου","FALSE"
"15545","καὶ","TRUE"
"15546","ἄλλων","TRUE"
"15547","πολλῶν","FALSE"
"15548","ἀνάγκη","FALSE"
"15549","αὐτῷ","TRUE"
"15550","μετεῖναι","FALSE"
"15551",".","FALSE"
"15552","καὶ","TRUE"
"15553","πάνυ","FALSE"
"15554","γε","TRUE"
"15555",".","FALSE"
"15556","καὶ","TRUE"
"15557","ἀνομοιότης","FALSE"
"15558","ἄρα","TRUE"
"15559","ἐστὶν","TRUE"
"15560","αὐτῷ","TRUE"
"15561","πρὸς","TRUE"
"15562","τὰ","TRUE"
"15563","ἄλλα","TRUE"
"15564","·","FALSE"
"15565","τὰ","TRUE"
"15566","γὰρ","TRUE"
"15567","ἄλλα","TRUE"
"15568","τοῦ","TRUE"
"15569","ἑνὸς","FALSE"
"15570","ἕτερα","FALSE"
"15571","ὄντα","TRUE"
"15572","ἑτεροῖα","FALSE"
"15573","καὶ","TRUE"
"15574","εἴη","TRUE"
"15575","ἄν","TRUE"
"15576",".","FALSE"
"15577","ναί","FALSE"
"15578",".","FALSE"
"15579","τὰ","TRUE"
"15580","δʼ","FALSE"
"15581","ἑτεροῖα","FALSE"
"15582","οὐκ","TRUE"
"15583","ἀλλοῖα","FALSE"
"15584",";","FALSE"
"15585","πῶς","FALSE"
"15586","δʼ","FALSE"
"15587","οὔ","TRUE"
"15588",";","FALSE"
"15589","τὰ","TRUE"
"15590","δʼ","FALSE"
"15591","ἀλλοῖα","FALSE"
"15592","οὐκ","TRUE"
"15593","ἀνόμοια","FALSE"
"15594",";","FALSE"
"15595","ἀνόμοια","FALSE"
"15596","μὲν","TRUE"
"15597","οὖν","TRUE"
"15598",".","FALSE"
"15599","οὐκοῦν","FALSE"
"15600","εἴπερ","FALSE"
"15601","τῷ","TRUE"
"15602","ἑνὶ","FALSE"
"15603","ἀνόμοιά","FALSE"
"15604","ἐστι","TRUE"
"15605",",","FALSE"
"15606","δῆλον","FALSE"
"15607","ὅτι","TRUE"
"15608","ἀνομοίῳ","FALSE"
"15609","τά","TRUE"
"15610","γε","TRUE"
"15611","ἀνόμοια","FALSE"
"15612","ἀνόμοια","FALSE"
"15613","ἂν","TRUE"
"15614","εἴη","TRUE"
"15615",".","FALSE"
"15616","δῆλον","FALSE"
"15617",".","FALSE"
"15618","εἴη","TRUE"
"15619","δὴ","TRUE"
"15620","ἂν","TRUE"
"15621","καὶ","TRUE"
"15622","τῷ","TRUE"
"15623","ἑνὶ","FALSE"
"15624","ἀνομοιότης","FALSE"
"15625",",","FALSE"
"15626","πρὸς","TRUE"
"15627","ἣν","TRUE"
"15628","τὰ","TRUE"
"15629","ἄλλα","TRUE"
"15630","ἀνόμοια","FALSE"
"15631","αὐτῷ","TRUE"
"15632","ἐστιν","TRUE"
"15633",".","FALSE"
"15634","ἔοικεν","FALSE"
"15635",".","FALSE"
"15636","εἰ","TRUE"
"15637","δὲ","TRUE"
"15638","δὴ","TRUE"
"15639","τῶν","TRUE"
"15640","ἄλλων","TRUE"
"15641","ἀνομοιότης","FALSE"
"15642","ἔστιν","TRUE"
"15643","αὐτῷ","TRUE"
"15644",",","FALSE"
"15645","ἆρʼ","FALSE"
"15646","οὐκ","TRUE"
"15647","ἀνάγκη","FALSE"
"15648","ἑαυτοῦ","TRUE"
"15649","ὁμοιότητα","FALSE"
"15650","αὐτῷ","TRUE"
"15651","εἶναι","TRUE"
"15652",";","FALSE"
"15653","πῶς","FALSE"
"15654",";","FALSE"
"15655","εἰ","TRUE"
"15656","ἑνὸς","FALSE"
"15657","ἀνομοιότης","FALSE"
"15658","ἔστι","TRUE"
"15659","τῷ","TRUE"
"15660","ἑνί","FALSE"
"15661",",","FALSE"
"15662","οὐκ","TRUE"
"15663","ἄν","TRUE"
"15664","που","FALSE"
"15665","περὶ","TRUE"
"15666","τοῦ","TRUE"
"15667","τοιούτου","TRUE"
"15668","ὁ","TRUE"
"15669","λόγος","FALSE"
"15670","εἴη","TRUE"
"15671","οἵου","FALSE"
"15672","τοῦ","TRUE"
"15673","ἑνός","FALSE"
"15674",",","FALSE"
"15675","οὐδʼ","FALSE"
"15676","ἂν","TRUE"
"15677","ἡ","TRUE"
"15678","ὑπόθεσις","FALSE"
"15679","εἴη","TRUE"
"15680","περὶ","TRUE"
"15681","ἑνός","FALSE"
"15682",",","FALSE"
"15683","ἀλλὰ","TRUE"
"15684","περὶ","TRUE"
"15685","ἄλλου","TRUE"
"15686","ἢ","TRUE"
"15687","ἑνός","FALSE"
"15688",".","FALSE"
"15689","πάνυ","FALSE"
"15690","γε","TRUE"
"15691",".","FALSE"
"15692","οὐ","TRUE"
"15693","δεῖ","FALSE"
"15694","δέ","TRUE"
"15695","γε","TRUE"
"15696",".","FALSE"
"15697","οὐ","TRUE"
"15698","δῆτα","FALSE"
"15699",".","FALSE"
"15700","δεῖ","FALSE"
"15701","ἄρα","TRUE"
"15702","ὁμοιότητα","FALSE"
"15703","τῷ","TRUE"
"15704","ἑνὶ","FALSE"
"15705","αὐτοῦ","TRUE"
"15706","ἑαυτῷ","TRUE"
"15707","εἶναι","TRUE"
"15708",".","FALSE"
"15709","δεῖ","FALSE"
"15710",".","FALSE"
"15711","καὶ","TRUE"
"15712","μὴν","FALSE"
"15713","οὐδʼ","FALSE"
"15714","αὖ","FALSE"
"15715","ἴσον","FALSE"
"15716","γʼ","FALSE"
"15717","ἐστὶ","TRUE"
"15718","τοῖς","TRUE"
"15719","ἄλλοις","TRUE"
"15720","·","FALSE"
"15721","εἰ","TRUE"
"15722","γὰρ","TRUE"
"15723","εἴη","TRUE"
"15724","ἴσον","FALSE"
"15725",",","FALSE"
"15726","εἴη","TRUE"
"15727","τε","TRUE"
"15728","ἂν","TRUE"
"15729","ἤδη","FALSE"
"15730","καὶ","TRUE"
"15731","ὅμοιον","FALSE"
"15732","ἂν","TRUE"
"15733","εἴη","TRUE"
"15734","αὐτοῖς","TRUE"
"15735","κατὰ","TRUE"
"15736","τὴν","TRUE"
"15737","ἰσότητα","FALSE"
"15738",".","FALSE"
"15739","ταῦτα","TRUE"
"15740","δʼ","FALSE"
"15741","ἀμφότερα","FALSE"
"15742","ἀδύνατα","FALSE"
"15743",",","FALSE"
"15744","εἴπερ","FALSE"
"15745","μὴ","TRUE"
"15746","ἔστιν","TRUE"
"15747","ἕν","FALSE"
"15748",".","FALSE"
"15749","ἀδύνατα","FALSE"
"15750",".","FALSE"
"15751","ἐπειδὴ","FALSE"
"15752","δὲ","TRUE"
"15753","οὐκ","TRUE"
"15754","ἔστι","TRUE"
"15755","τοῖς","TRUE"
"15756","ἄλλοις","TRUE"
"15757","ἴσον","FALSE"
"15758",",","FALSE"
"15759","ἆρα","FALSE"
"15760","οὐκ","TRUE"
"15761","ἀνάγκη","FALSE"
"15762","καὶ","TRUE"
"15763","τἆ","FALSE"
"15764","λλα","FALSE"
"15765","ἐκείνῳ","FALSE"
"15766","μὴ","TRUE"
"15767","ἴσα","FALSE"
"15768","εἶναι","TRUE"
"15769",";","FALSE"
"15770","ἀνάγκη","FALSE"
"15771",".","FALSE"
"15772","τὰ","TRUE"
"15773","δὲ","TRUE"
"15774","μὴ","TRUE"
"15775","ἴσα","FALSE"
"15776","οὐκ","TRUE"
"15777","ἄνισα","FALSE"
"15778",";","FALSE"
"15779","ναί","FALSE"
"15780",".","FALSE"
"15781","τὰ","TRUE"
"15782","δὲ","TRUE"
"15783","ἄνισα","FALSE"
"15784","οὐ","TRUE"
"15785","τῷ","TRUE"
"15786","ἀνίσῳ","FALSE"
"15787","ἄνισα","FALSE"
"15788",";","FALSE"
"15789","πῶς","FALSE"
"15790","δʼ","FALSE"
"15791","οὔ","TRUE"
"15792",";","FALSE"
"15793","καὶ","TRUE"
"15794","ἀνισότητος","FALSE"
"15795","δὴ","TRUE"
"15796","μετέχει","FALSE"
"15797","τὸ","TRUE"
"15798","ἕν","FALSE"
"15799",",","FALSE"
"15800","πρὸς","TRUE"
"15801","ἣν","TRUE"
"15802","τἆ","FALSE"
"15803","λλα","FALSE"
"15804","αὐτῷ","TRUE"
"15805","ἐστιν","TRUE"
"15806","ἄνισα","FALSE"
"15807",";","FALSE"
"15808","μετέχει","FALSE"
"15809",".","FALSE"
"15810","ἀλλὰ","TRUE"
"15811","μέντοι","FALSE"
"15812","ἀνισότητός","FALSE"
"15813","γε","TRUE"
"15814","ἐστὶ","TRUE"
"15815","μέγεθός","FALSE"
"15816","τε","TRUE"
"15817","καὶ","TRUE"
"15818","σμικρότης","FALSE"
"15819",".","FALSE"
"15820","ἔστι","TRUE"
"15821","γάρ","TRUE"
"15822",".","FALSE"
"15823","ἔστιν","TRUE"
"15824","ἄρα","TRUE"
"15825","καὶ","TRUE"
"15826","μέγεθός","FALSE"
"15827","τε","TRUE"
"15828","καὶ","TRUE"
"15829","σμικρότης","FALSE"
"15830","τῷ","TRUE"
"15831","τοιούτῳ","TRUE"
"15832","ἑνί","FALSE"
"15833",";","FALSE"
"15834","κινδυνεύει","FALSE"
"15835",".","FALSE"
"15836","μέγεθος","FALSE"
"15837","μὴν","FALSE"
"15838","καὶ","TRUE"
"15839","σμικρότης","FALSE"
"15840","ἀεὶ","FALSE"
"15841","ἀφέστατον","FALSE"
"15842","ἀλλήλοιν","FALSE"
"15843",".","FALSE"
"15844","πάνυ","FALSE"
"15845","γε","TRUE"
"15846",".","FALSE"
"15847","μεταξὺ","FALSE"
"15848","ἄρα","TRUE"
"15849","τι","TRUE"
"15850","αὐτοῖν","FALSE"
"15851","ἀεί","FALSE"
"15852","ἐστιν","TRUE"
"15853",".","FALSE"
"15854","ἔστιν","TRUE"
"15855",".","FALSE"
"15856","ἔχεις","FALSE"
"15857","οὖν","TRUE"
"15858","τι","TRUE"
"15859","ἄλλο","TRUE"
"15860","εἰπεῖν","FALSE"
"15861","μεταξὺ","FALSE"
"15862","αὐτοῖν","FALSE"
"15863","ἢ","TRUE"
"15864","ἰσότητα","FALSE"
"15865",";","FALSE"
"15866","οὔκ","FALSE"
"15867",",","FALSE"
"15868","ἀλλὰ","TRUE"
"15869","τοῦτο","TRUE"
"15870",".","FALSE"
"15871","ὅτῳ","TRUE"
"15872","ἄρα","TRUE"
"15873","ἔστι","TRUE"
"15874","μέγεθος","FALSE"
"15875","καὶ","TRUE"
"15876","σμικρότης","FALSE"
"15877",",","FALSE"
"15878","ἔστι","TRUE"
"15879","καὶ","TRUE"
"15880","ἰσότης","FALSE"
"15881","αὐτῷ","TRUE"
"15882","μεταξὺ","FALSE"
"15883","τούτοιν","FALSE"
"15884","οὖσα","TRUE"
"15885",".","FALSE"
"15886","φαίνεται","FALSE"
"15887",".","FALSE"
"15888","τῷ","TRUE"
"15889","δὴ","TRUE"
"15890","ἑνὶ","FALSE"
"15891","μὴ","TRUE"
"15892","ὄντι","TRUE"
"15893",",","FALSE"
"15894","ὡς","TRUE"
"15895","ἔοικε","FALSE"
"15896",",","FALSE"
"15897","καὶ","TRUE"
"15898","ἰσότητος","FALSE"
"15899","ἂν","TRUE"
"15900","μετείη","FALSE"
"15901","καὶ","TRUE"
"15902","μεγέθους","FALSE"
"15903","καὶ","TRUE"
"15904","σμικρότητος","FALSE"
"15905",".","FALSE"
"15906","ἔοικεν","FALSE"
"15907",".","FALSE"
"15908","καὶ","TRUE"
"15909","μὴν","FALSE"
"15910","καὶ","TRUE"
"15911","οὐσίας","FALSE"
"15912","γε","TRUE"
"15913","δεῖ","FALSE"
"15914","αὐτὸ","TRUE"
"15915","μετέχειν","FALSE"
"15916","πῃ","FALSE"
"15917",".","FALSE"
"15918","πῶς","FALSE"
"15919","δή","TRUE"
"15920",";","FALSE"
"15921","ἔχειν","FALSE"
"15922","αὐτὸ","TRUE"
"15923","δεῖ","FALSE"
"15924","οὕτως","TRUE"
"15925","ὡς","TRUE"
"15926","λέγομεν","FALSE"
"15927","·","FALSE"
"15928","εἰ","TRUE"
"15929","γὰρ","TRUE"
"15930","μὴ","TRUE"
"15931","οὕτως","TRUE"
"15932","ἔχει","FALSE"
"15933",",","FALSE"
"15934","οὐκ","TRUE"
"15935","ἂν","TRUE"
"15936","ἀληθῆ","FALSE"
"15937","λέγοιμεν","FALSE"
"15938","ἡμεῖς","TRUE"
"15939","λέγοντες","FALSE"
"15940","τὸ","TRUE"
"15941","ἓν","FALSE"
"15942","μὴ","TRUE"
"15943","εἶναι","TRUE"
"15944","·","FALSE"
"15945","εἰ","TRUE"
"15946","δὲ","TRUE"
"15947","ἀληθῆ","FALSE"
"15948",",","FALSE"
"15949","δῆλον","FALSE"
"15950","ὅτι","TRUE"
"15951","ὄντα","TRUE"
"15952","αὐτὰ","TRUE"
"15953","λέγομεν","FALSE"
"15954",".","FALSE"
"15955","ἢ","TRUE"
"15956","οὐχ","TRUE"
"15957","οὕτως","TRUE"
"15958",";","FALSE"
"15959","οὕτω","TRUE"
"15960","μὲν","TRUE"
"15961","οὖν","TRUE"
"15962",".","FALSE"
"15963","ἐπειδὴ","FALSE"
"15964","δέ","TRUE"
"15965","φαμεν","FALSE"
"15966","ἀληθῆ","FALSE"
"15967","λέγειν","FALSE"
"15968",",","FALSE"
"15969","ἀνάγκη","FALSE"
"15970","ἡμῖν","TRUE"
"15971","φάναι","FALSE"
"15972","καὶ","TRUE"
"15973","ὄντα","TRUE"
"15974","λέγειν","FALSE"
"15975",".","FALSE"
"15976","ἀνάγκη","FALSE"
"15977",".","FALSE"
"15978","ἔστιν","TRUE"
"15979","ἄρα","TRUE"
"15980",",","FALSE"
"15981","ὡς","TRUE"
"15982","ἔοικε","FALSE"
"15983",",","FALSE"
"15984","τὸ","TRUE"
"15985","ἓν","FALSE"
"15986","οὐκ","TRUE"
"15987","ὄν","FALSE"
"15988","·","FALSE"
"15989","εἰ","TRUE"
"15990","γὰρ","TRUE"
"15991","μὴ","TRUE"
"15992","ἔσται","TRUE"
"15993","μὴ","TRUE"
"15994","ὄν","FALSE"
"15995",",","FALSE"
"15996","ἀλλά","TRUE"
"15997","πῃ","FALSE"
"15998","τοῦ","TRUE"
"15999","εἶναι","TRUE"
"16000","ἀνήσει","FALSE"
"16001","πρὸς","TRUE"
"16002","τὸ","TRUE"
"16003","μὴ","TRUE"
"16004","εἶναι","TRUE"
"16005",",","FALSE"
"16006","εὐθὺς","FALSE"
"16007","ἔσται","TRUE"
"16008","ὄν","FALSE"
"16009",".","FALSE"
"16010","παντάπασι","FALSE"
"16011","μὲν","TRUE"
"16012","οὖν","TRUE"
"16013",".","FALSE"
"16014","δεῖ","FALSE"
"16015","ἄρα","TRUE"
"16016","αὐτὸ","TRUE"
"16017","δεσμὸν","FALSE"
"16018","ἔχειν","FALSE"
"16019","τοῦ","TRUE"
"16020","μὴ","TRUE"
"16021","εἶναι","TRUE"
"16022","τὸ","TRUE"
"16023","εἶναι","TRUE"
"16024","μὴ","TRUE"
"16025","ὄν","FALSE"
"16026",",","FALSE"
"16027","εἰ","TRUE"
"16028","μέλλει","FALSE"
"16029","μὴ","TRUE"
"16030","εἶναι","TRUE"
"16031",",","FALSE"
"16032","ὁμοίως","FALSE"
"16033","ὥσπερ","FALSE"
"16034","τὸ","TRUE"
"16035","ὂν","TRUE"
"16036","τὸ","TRUE"
"16037","μὴ","TRUE"
"16038","ὂν","TRUE"
"16039","ἔχειν","FALSE"
"16040","μὴ","TRUE"
"16041","εἶναι","TRUE"
"16042",",","FALSE"
"16043","ἵνα","FALSE"
"16044","τελέως","FALSE"
"16045","αὖ","FALSE"
"16046","εἶναι","TRUE"
"16047","ᾖ","TRUE"
"16048","·","FALSE"
"16049","οὕτως","TRUE"
"16050","γὰρ","TRUE"
"16051","ἂν","TRUE"
"16052","τό","TRUE"
"16053","τε","TRUE"
"16054","ὂν","TRUE"
"16055","μάλιστʼ","FALSE"
"16056","ἂν","TRUE"
"16057","εἴη","TRUE"
"16058","καὶ","TRUE"
"16059","τὸ","TRUE"
"16060","μὴ","TRUE"
"16061","ὂν","TRUE"
"16062","οὐκ","TRUE"
"16063","ἂν","TRUE"
"16064","εἴη","TRUE"
"16065",",","FALSE"
"16066","μετέχοντα","FALSE"
"16067","τὸ","TRUE"
"16068","μὲν","TRUE"
"16069","ὂν","TRUE"
"16070","οὐσίας","FALSE"
"16071","τοῦ","TRUE"
"16072","εἶναι","TRUE"
"16073","ὄν","FALSE"
"16074",",","FALSE"
"16075","μὴ","TRUE"
"16076","οὐσίας","FALSE"
"16077","δὲ","TRUE"
"16078","τοῦ","TRUE"
"16079","μὴ","TRUE"
"16080","εἶναι","TRUE"
"16081","μὴ","TRUE"
"16082","ὄν","FALSE"
"16083",",","FALSE"
"16084","εἰ","TRUE"
"16085","μέλλει","FALSE"
"16086","τελέως","FALSE"
"16087","εἶναι","TRUE"
"16088",",","FALSE"
"16089","τὸ","TRUE"
"16090","δὲ","TRUE"
"16091","μὴ","TRUE"
"16092","ὂν","TRUE"
"16093","μὴ","TRUE"
"16094","οὐσίας","FALSE"
"16095","μὲν","TRUE"
"16096","τοῦ","TRUE"
"16097","μὴ","TRUE"
"16098","εἶναι","TRUE"
"16099","μὴ","TRUE"
"16100","ὄν","FALSE"
"16101",",","FALSE"
"16102","οὐσίας","FALSE"
"16103","δὲ","TRUE"
"16104","τοῦ","TRUE"
"16105","εἶναι","TRUE"
"16106","μὴ","TRUE"
"16107","ὄν","FALSE"
"16108",",","FALSE"
"16109","εἰ","TRUE"
"16110","καὶ","TRUE"
"16111","τὸ","TRUE"
"16112","μὴ","TRUE"
"16113","ὂν","TRUE"
"16114","αὖ","FALSE"
"16115","τελέως","FALSE"
"16116","μὴ","TRUE"
"16117","ἔσται","TRUE"
"16118",".","FALSE"
"16119","ἀληθέστατα","FALSE"
"16120",".","FALSE"
"16121","οὐκοῦν","FALSE"
"16122","ἐπείπερ","FALSE"
"16123","τῷ","TRUE"
"16124","τε","TRUE"
"16125","ὄντι","TRUE"
"16126","τοῦ","TRUE"
"16127","μὴ","TRUE"
"16128","εἶναι","TRUE"
"16129","καὶ","TRUE"
"16130","τῷ","TRUE"
"16131","μὴ","TRUE"
"16132","ὄντι","TRUE"
"16133","τοῦ","TRUE"
"16134","εἶναι","TRUE"
"16135","μέτεστι","FALSE"
"16136",",","FALSE"
"16137","καὶ","TRUE"
"16138","τῷ","TRUE"
"16139","ἑνί","FALSE"
"16140",",","FALSE"
"16141","ἐπειδὴ","FALSE"
"16142","οὐκ","TRUE"
"16143","ἔστι","TRUE"
"16144",",","FALSE"
"16145","τοῦ","TRUE"
"16146","εἶναι","TRUE"
"16147","ἀνάγκη","FALSE"
"16148","μετεῖναι","FALSE"
"16149","εἰς","TRUE"
"16150","τὸ","TRUE"
"16151","μὴ","TRUE"
"16152","εἶναι","TRUE"
"16153",".","FALSE"
"16154","ἀνάγκη","FALSE"
"16155",".","FALSE"
"16156","καὶ","TRUE"
"16157","οὐσία","FALSE"
"16158","δὴ","TRUE"
"16159","φαίνεται","FALSE"
"16160","τῷ","TRUE"
"16161","ἑνί","FALSE"
"16162",",","FALSE"
"16163","εἰ","TRUE"
"16164","μὴ","TRUE"
"16165","ἔστιν","TRUE"
"16166",".","FALSE"
"16167","φαίνεται","FALSE"
"16168",".","FALSE"
"16169","καὶ","TRUE"
"16170","μὴ","TRUE"
"16171","οὐσία","FALSE"
"16172","ἄρα","TRUE"
"16173",",","FALSE"
"16174","εἴπερ","FALSE"
"16175","μὴ","TRUE"
"16176","ἔστιν","TRUE"
"16177",".","FALSE"
"16178","πῶς","FALSE"
"16179","δʼ","FALSE"
"16180","οὔ","TRUE"
"16181",";","FALSE"
"16182","οἷόν","FALSE"
"16183","τε","TRUE"
"16184","οὖν","TRUE"
"16185","τὸ","TRUE"
"16186","ἔχον","FALSE"
"16187","πως","FALSE"
"16188","μὴ","TRUE"
"16189","ἔχειν","FALSE"
"16190","οὕτω","TRUE"
"16191",",","FALSE"
"16192","μὴ","TRUE"
"16193","μεταβάλλον","FALSE"
"16194","ἐκ","TRUE"
"16195","ταύτης","TRUE"
"16196","τῆς","TRUE"
"16197","ἕξεως","FALSE"
"16198",";","FALSE"
"16199","οὐχ","TRUE"
"16200","οἷόν","FALSE"
"16201","τε","TRUE"
"16202",".","FALSE"
"16203","πᾶν","FALSE"
"16204","ἄρα","TRUE"
"16205","τὸ","TRUE"
"16206","τοιοῦτον","TRUE"
"16207","μεταβολὴν","FALSE"
"16208","σημαίνει","FALSE"
"16209",",","FALSE"
"16210","ὃ","TRUE"
"16211","ἂν","TRUE"
"16212","οὕτω","TRUE"
"16213","τε","TRUE"
"16214","καὶ","TRUE"
"16215","μὴ","TRUE"
"16216","οὕτως","TRUE"
"16217","ἔχῃ","FALSE"
"16218",".","FALSE"
"16219","πῶς","FALSE"
"16220","δʼ","FALSE"
"16221","οὔ","TRUE"
"16222",";","FALSE"
"16223","μεταβολὴ","FALSE"
"16224","δὲ","TRUE"
"16225","κίνησις","FALSE"
"16226","·","FALSE"
"16227","ἢ","TRUE"
"16228","τί","TRUE"
"16229","φήσομεν","FALSE"
"16230",";","FALSE"
"16231","κίνησις","FALSE"
"16232",".","FALSE"
"16233","οὐκοῦν","FALSE"
"16234","τὸ","TRUE"
"16235","ἓν","FALSE"
"16236","ὄν","FALSE"
"16237","τε","TRUE"
"16238","καὶ","TRUE"
"16239","οὐκ","TRUE"
"16240","ὂν","TRUE"
"16241","ἐφάνη","FALSE"
"16242",";","FALSE"
"16243","ναί","FALSE"
"16244",".","FALSE"
"16245","οὕτως","TRUE"
"16246","ἄρα","TRUE"
"16247","καὶ","TRUE"
"16248","οὐχ","TRUE"
"16249","οὕτως","TRUE"
"16250","ἔχον","FALSE"
"16251","φαίνεται","FALSE"
"16252",".","FALSE"
"16253","ἔοικεν","FALSE"
"16254",".","FALSE"
"16255","καὶ","TRUE"
"16256","κινούμενον","FALSE"
"16257","ἄρα","TRUE"
"16258","τὸ","TRUE"
"16259","οὐκ","TRUE"
"16260","ὂν","TRUE"
"16261","ἓν","FALSE"
"16262","πέφανται","FALSE"
"16263",",","FALSE"
"16264","ἐπείπερ","FALSE"
"16265","καὶ","TRUE"
"16266","μεταβολὴν","FALSE"
"16267","ἐκ","TRUE"
"16268","τοῦ","TRUE"
"16269","εἶναι","TRUE"
"16270","ἐπὶ","TRUE"
"16271","τὸ","TRUE"
"16272","μὴ","TRUE"
"16273","εἶναι","TRUE"
"16274","ἔχον","FALSE"
"16275",".","FALSE"
"16276","κινδυνεύει","FALSE"
"16277",".","FALSE"
"16278","ἀλλὰ","TRUE"
"16279","μὴν","FALSE"
"16280","εἰ","TRUE"
"16281","μηδαμοῦ","FALSE"
"16282","γέ","TRUE"
"16283","ἐστι","TRUE"
"16284","τῶν","TRUE"
"16285","ὄντων","TRUE"
"16286",",","FALSE"
"16287","ὡς","TRUE"
"16288","οὐκ","TRUE"
"16289","ἔστιν","TRUE"
"16290","εἴπερ","FALSE"
"16291","μὴ","TRUE"
"16292","ἔστιν","TRUE"
"16293",",","FALSE"
"16294","οὐδʼ","FALSE"
"16295","ἂν","TRUE"
"16296","μεθίσταιτό","FALSE"
"16297","ποθέν","FALSE"
"16298","ποι","FALSE"
"16299",".","FALSE"
"16300","πῶς","FALSE"
"16301","γάρ","TRUE"
"16302",";","FALSE"
"16303","οὐκ","TRUE"
"16304","ἄρα","TRUE"
"16305","τῷ","TRUE"
"16306","γε","TRUE"
"16307","μεταβαίνειν","FALSE"
"16308","κινοῖτʼ","FALSE"
"16309","ἄν","TRUE"
"16310",".","FALSE"
"16311","οὐ","TRUE"
"16312","γάρ","TRUE"
"16313",".","FALSE"
"16314","οὐδὲ","TRUE"
"16315","μὴν","FALSE"
"16316","ἐν","TRUE"
"16317","τῷ","TRUE"
"16318","αὐτῷ","TRUE"
"16319","ἂν","TRUE"
"16320","στρέφοιτο","FALSE"
"16321","·","FALSE"
"16322","τ","FALSE"
"16323","αὐτοῦ","TRUE"
"16324","γὰρ","TRUE"
"16325","οὐδαμοῦ","FALSE"
"16326","ἅπτεται","FALSE"
"16327",".","FALSE"
"16328","ὂν","TRUE"
"16329","γὰρ","TRUE"
"16330","ἐστὶ","TRUE"
"16331","τὸ","TRUE"
"16332","ταὐτόν","FALSE"
"16333","·","FALSE"
"16334","τὸ","TRUE"
"16335","δὲ","TRUE"
"16336","μὴ","TRUE"
"16337","ὂν","TRUE"
"16338","ἔν","TRUE"
"16339","τῳ","TRUE"
"16340","τῶν","TRUE"
"16341","ὄντων","TRUE"
"16342","ἀδύνατον","FALSE"
"16343","εἶναι","TRUE"
"16344",".","FALSE"
"16345","ἀδύνατον","FALSE"
"16346","γάρ","TRUE"
"16347",".","FALSE"
"16348","οὐκ","TRUE"
"16349","ἄρα","TRUE"
"16350","τὸ","TRUE"
"16351","ἕν","FALSE"
"16352","γε","TRUE"
"16353","μὴ","TRUE"
"16354","ὂν","TRUE"
"16355","στρέφεσθαι","FALSE"
"16356","ἂν","TRUE"
"16357","δύναιτο","FALSE"
"16358","ἐν","TRUE"
"16359","ἐκείνῳ","FALSE"
"16360","ἐν","TRUE"
"16361","ᾧ","TRUE"
"16362","μὴ","TRUE"
"16363","ἔστιν","TRUE"
"16364",".","FALSE"
"16365","οὐ","TRUE"
"16366","γὰρ","TRUE"
"16367","οὖν","TRUE"
"16368",".","FALSE"
"16369","οὐδὲ","TRUE"
"16370","μὴν","FALSE"
"16371","ἀλλοιοῦταί","FALSE"
"16372","που","FALSE"
"16373","τὸ","TRUE"
"16374","ἓν","FALSE"
"16375","ἑαυτοῦ","TRUE"
"16376",",","FALSE"
"16377","οὔτε","TRUE"
"16378","τὸ","TRUE"
"16379","ὂν","TRUE"
"16380","οὔτε","TRUE"
"16381","τὸ","TRUE"
"16382","μὴ","TRUE"
"16383","ὄν","FALSE"
"16384","·","FALSE"
"16385","οὐ","TRUE"
"16386","γὰρ","TRUE"
"16387","ἂν","TRUE"
"16388","ἦν","TRUE"
"16389","ὁ","TRUE"
"16390","λόγος","FALSE"
"16391","ἔτι","TRUE"
"16392","περὶ","TRUE"
"16393","τοῦ","TRUE"
"16394","ἑνός","FALSE"
"16395",",","FALSE"
"16396","εἴπερ","FALSE"
"16397","ἠλλοιοῦτο","FALSE"
"16398","αὐτὸ","TRUE"
"16399","ἑαυτοῦ","TRUE"
"16400",",","FALSE"
"16401","ἀλλὰ","TRUE"
"16402","περὶ","TRUE"
"16403","ἄλλου","TRUE"
"16404","τινός","TRUE"
"16405",".","FALSE"
"16406","ὀρθῶς","FALSE"
"16407",".","FALSE"
"16408","εἰ","TRUE"
"16409","δὲ","TRUE"
"16410","μήτʼ","FALSE"
"16411","ἀλλοιοῦται","FALSE"
"16412","μήτε","FALSE"
"16413","ἐν","TRUE"
"16414","ταὐτῷ","FALSE"
"16415","στρέφεται","FALSE"
"16416","μήτε","FALSE"
"16417","μεταβαίνει","FALSE"
"16418",",","FALSE"
"16419","ἆρʼ","FALSE"
"16420","ἄν","TRUE"
"16421","πῃ","FALSE"
"16422","ἔτι","TRUE"
"16423","κινοῖτο","FALSE"
"16424",";","FALSE"
"16425","πῶς","FALSE"
"16426","γάρ","TRUE"
"16427",";","FALSE"
"16428","τό","TRUE"
"16429","γε","TRUE"
"16430","μὴν","FALSE"
"16431","ἀκίνητον","FALSE"
"16432","ἀνάγκη","FALSE"
"16433","ἡσυχίαν","FALSE"
"16434","ἄγειν","FALSE"
"16435",",","FALSE"
"16436","τὸ","TRUE"
"16437","δὲ","TRUE"
"16438","ἡσυχάζον","FALSE"
"16439","ἑστάναι","FALSE"
"16440",".","FALSE"
"16441","ἀνάγκη","FALSE"
"16442",".","FALSE"
"16443","τὸ","TRUE"
"16444","ἓν","FALSE"
"16445","ἄρα","TRUE"
"16446",",","FALSE"
"16447","ὡς","TRUE"
"16448","ἔοικεν","FALSE"
"16449",",","FALSE"
"16450","οὐκ","TRUE"
"16451","ὂν","TRUE"
"16452","ἕστηκέ","FALSE"
"16453","τε","TRUE"
"16454","καὶ","TRUE"
"16455","κινεῖται","FALSE"
"16456",".","FALSE"
"16457","ἔοικεν","FALSE"
"16458",".","FALSE"
"16459","καὶ","TRUE"
"16460","μὴν","FALSE"
"16461","εἴπερ","FALSE"
"16462","γε","TRUE"
"16463","κινεῖται","FALSE"
"16464",",","FALSE"
"16465","μεγάλη","FALSE"
"16466","ἀνάγκη","FALSE"
"16467","αὐτῷ","TRUE"
"16468","ἀλλοιοῦσθαι","FALSE"
"16469","·","FALSE"
"16470","ὅπῃ","FALSE"
"16471","γὰρ","TRUE"
"16472","ἄν","TRUE"
"16473","τι","TRUE"
"16474","κινηθῇ","FALSE"
"16475",",","FALSE"
"16476","κατὰ","TRUE"
"16477","τοσοῦτον","FALSE"
"16478","οὐκέθʼ","FALSE"
"16479","ὡσαύτως","FALSE"
"16480","ἔχει","FALSE"
"16481","ὡς","TRUE"
"16482","εἶχεν","FALSE"
"16483",",","FALSE"
"16484","ἀλλʼ","FALSE"
"16485","ἑτέρως","FALSE"
"16486",".","FALSE"
"16487","οὕτως","TRUE"
"16488",".","FALSE"
"16489","κινούμενον","FALSE"
"16490","δὴ","TRUE"
"16491","τὸ","TRUE"
"16492","ἓν","FALSE"
"16493","καὶ","TRUE"
"16494","ἀλλοιοῦται","FALSE"
"16495",".","FALSE"
"16496","ναί","FALSE"
"16497",".","FALSE"
"16498","καὶ","TRUE"
"16499","μὴν","FALSE"
"16500","μηδαμῇ","FALSE"
"16501","γε","TRUE"
"16502","κινούμενον","FALSE"
"16503","οὐδαμῇ","FALSE"
"16504","ἂν","TRUE"
"16505","ἀλλοιοῖτο","FALSE"
"16506",".","FALSE"
"16507","οὐ","TRUE"
"16508","γάρ","TRUE"
"16509",".","FALSE"
"16510","ἧι","FALSE"
"16511","μὲν","TRUE"
"16512","ἄρα","TRUE"
"16513","κινεῖται","FALSE"
"16514","τὸ","TRUE"
"16515","οὐκ","TRUE"
"16516","ὂν","TRUE"
"16517","ἕν","FALSE"
"16518",",","FALSE"
"16519","ἀλλοιοῦται","FALSE"
"16520","·","FALSE"
"16521","ᾗ","TRUE"
"16522","δὲ","TRUE"
"16523","μὴ","TRUE"
"16524","κινεῖται","FALSE"
"16525",",","FALSE"
"16526","οὐκ","TRUE"
"16527","ἀλλοιοῦται","FALSE"
"16528",".","FALSE"
"16529","οὐ","TRUE"
"16530","γάρ","TRUE"
"16531",".","FALSE"
"16532","τὸ","TRUE"
"16533","ἓν","FALSE"
"16534","ἄρα","TRUE"
"16535","μὴ","TRUE"
"16536","ὂν","TRUE"
"16537","ἀλλοιοῦταί","FALSE"
"16538","τε","TRUE"
"16539","καὶ","TRUE"
"16540","οὐκ","TRUE"
"16541","ἀλλοιοῦται","FALSE"
"16542",".","FALSE"
"16543","φαίνεται","FALSE"
"16544",".","FALSE"
"16545","τὸ","TRUE"
"16546","δʼ","FALSE"
"16547","ἀλλοιούμενον","FALSE"
"16548","ἆρʼ","FALSE"
"16549","οὐκ","TRUE"
"16550","ἀνάγκη","FALSE"
"16551","γίγνεσθαι","FALSE"
"16552","μὲν","TRUE"
"16553","ἕτερον","FALSE"
"16554","ἢ","TRUE"
"16555","πρότερον","FALSE"
"16556",",","FALSE"
"16557","ἀπόλλυσθαι","FALSE"
"16558","δὲ","TRUE"
"16559","ἐκ","TRUE"
"16560","τῆς","TRUE"
"16561","προτέρας","FALSE"
"16562","ἕξεως","FALSE"
"16563","·","FALSE"
"16564","τὸ","TRUE"
"16565","δὲ","TRUE"
"16566","μὴ","TRUE"
"16567","ἀλλοιούμενον","FALSE"
"16568","μήτε","FALSE"
"16569","γίγνεσθαι","FALSE"
"16570","μήτε","FALSE"
"16571","ἀπόλλυσθαι","FALSE"
"16572",";","FALSE"
"16573","ἀνάγκη","FALSE"
"16574",".","FALSE"
"16575","καὶ","TRUE"
"16576","τὸ","TRUE"
"16577","ἓν","FALSE"
"16578","ἄρα","TRUE"
"16579","μὴ","TRUE"
"16580","ὂν","TRUE"
"16581","ἀλλοιούμενον","FALSE"
"16582","μὲν","TRUE"
"16583","γίγνεταί","FALSE"
"16584","τε","TRUE"
"16585","καὶ","TRUE"
"16586","ἀπόλλυται","FALSE"
"16587",",","FALSE"
"16588","μὴ","TRUE"
"16589","ἀλλοιούμενον","FALSE"
"16590","δὲ","TRUE"
"16591","οὔτε","TRUE"
"16592","γίγνεται","FALSE"
"16593","οὔτε","TRUE"
"16594","ἀπόλλυται","FALSE"
"16595","·","FALSE"
"16596","καὶ","TRUE"
"16597","οὕτω","TRUE"
"16598","τὸ","TRUE"
"16599","ἓν","FALSE"
"16600","μὴ","TRUE"
"16601","ὂν","TRUE"
"16602","γίγνεταί","FALSE"
"16603","τε","TRUE"
"16604","καὶ","TRUE"
"16605","ἀπόλλυται","FALSE"
"16606",",","FALSE"
"16607","καὶ","TRUE"
"16608","οὔτε","TRUE"
"16609","γίγνεται","FALSE"
"16610","οὔτʼ","FALSE"
"16611","ἀπόλλυται","FALSE"
"16612",".","FALSE"
"16613","οὐ","TRUE"
"16614","γὰρ","TRUE"
"16615","οὖν","TRUE"
"16616",".","FALSE"
"16617","αὖθις","FALSE"
"16618","δὴ","TRUE"
"16619","ἐπὶ","TRUE"
"16620","τὴν","TRUE"
"16621","ἀρχὴν","FALSE"
"16622","ἴωμεν","FALSE"
"16623","πάλιν","FALSE"
"16624","ὀψόμενοι","FALSE"
"16625","εἰ","TRUE"
"16626","ταὐτὰ","TRUE"
"16627","ἡμῖν","TRUE"
"16628","φανεῖται","FALSE"
"16629","ἅπερ","TRUE"
"16630","καὶ","TRUE"
"16631","νῦν","FALSE"
"16632","ἢ","TRUE"
"16633","ἕτερα","FALSE"
"16634",".","FALSE"
"16635","ἀλλὰ","TRUE"
"16636","χρή","FALSE"
"16637",".","FALSE"
"16638","οὐκοῦν","FALSE"
"16639","ἓν","FALSE"
"16640","εἰ","TRUE"
"16641","μὴ","TRUE"
"16642","ἔστι","TRUE"
"16643",",","FALSE"
"16644","φαμέν","FALSE"
"16645",",","FALSE"
"16646","τί","TRUE"
"16647","χρὴ","FALSE"
"16648","περὶ","TRUE"
"16649","αὐτοῦ","TRUE"
"16650","συμβαίνειν","FALSE"
"16651",";","FALSE"
"16652","ναί","FALSE"
"16653",".","FALSE"
"16654","τὸ","TRUE"
"16655","δὲ","TRUE"
"16656","μὴ","TRUE"
"16657","ἔστιν","TRUE"
"16658","ὅταν","FALSE"
"16659","λέγωμεν","FALSE"
"16660",",","FALSE"
"16661","ἆρα","FALSE"
"16662","μή","TRUE"
"16663","τι","TRUE"
"16664","ἄλλο","TRUE"
"16665","σημαίνει","FALSE"
"16666","ἢ","TRUE"
"16667","οὐσίας","FALSE"
"16668","ἀπουσίαν","FALSE"
"16669","τούτῳ","TRUE"
"16670","ᾧ","TRUE"
"16671","ἂν","TRUE"
"16672","φῶμεν","FALSE"
"16673","μὴ","TRUE"
"16674","εἶναι","TRUE"
"16675",";","FALSE"
"16676","οὐδὲν","TRUE"
"16677","ἄλλο","TRUE"
"16678",".","FALSE"
"16679","πότερον","FALSE"
"16680","οὖν","TRUE"
"16681",",","FALSE"
"16682","ὅταν","FALSE"
"16683","φῶμεν","FALSE"
"16684","μὴ","TRUE"
"16685","εἶναί","TRUE"
"16686","τι","TRUE"
"16687",",","FALSE"
"16688","πὼς","FALSE"
"16689","οὐκ","TRUE"
"16690","εἶναί","TRUE"
"16691","φαμεν","FALSE"
"16692","αὐτό","TRUE"
"16693",",","FALSE"
"16694","πὼς","FALSE"
"16695","δὲ","TRUE"
"16696","εἶναι","TRUE"
"16697",";","FALSE"
"16698","ἢ","TRUE"
"16699","τοῦτο","TRUE"
"16700","τὸ","TRUE"
"16701","μὴ","TRUE"
"16702","ἔστι","TRUE"
"16703","λεγόμενον","FALSE"
"16704","ἁπλῶς","FALSE"
"16705","σημαίνει","FALSE"
"16706","ὅτι","TRUE"
"16707","οὐδαμῶς","FALSE"
"16708","οὐδαμῇ","FALSE"
"16709","ἔστιν","TRUE"
"16710","οὐδέ","TRUE"
"16711","πῃ","FALSE"
"16712","μετέχει","FALSE"
"16713","οὐσίας","FALSE"
"16714","τό","TRUE"
"16715","γε","TRUE"
"16716","μὴ","TRUE"
"16717","ὄν","FALSE"
"16718",";","FALSE"
"16719","ἁπλούστατα","FALSE"
"16720","μὲν","TRUE"
"16721","οὖν","TRUE"
"16722",".","FALSE"
"16723","οὔτε","TRUE"
"16724","ἄρα","TRUE"
"16725","εἶναι","TRUE"
"16726","δύναιτο","FALSE"
"16727","ἂν","TRUE"
"16728","τὸ","TRUE"
"16729","μὴ","TRUE"
"16730","ὂν","TRUE"
"16731","οὔτε","TRUE"
"16732","ἄλλως","TRUE"
"16733","οὐδαμῶς","FALSE"
"16734","οὐσίας","FALSE"
"16735","μετέχειν","FALSE"
"16736",".","FALSE"
"16737","οὐ","TRUE"
"16738","γάρ","TRUE"
"16739",".","FALSE"
"16740","τὸ","TRUE"
"16741","δὲ","TRUE"
"16742","γίγνεσθαι","FALSE"
"16743","καὶ","TRUE"
"16744","τὸ","TRUE"
"16745","ἀπόλλυσθαι","FALSE"
"16746","μή","TRUE"
"16747","τι","TRUE"
"16748","ἄλλο","TRUE"
"16749","ἦν","TRUE"
"16750","ἢ","TRUE"
"16751","τὸ","TRUE"
"16752","μὲν","TRUE"
"16753","οὐσίας","FALSE"
"16754","μεταλαμβάνειν","FALSE"
"16755",",","FALSE"
"16756","τὸ","TRUE"
"16757","δʼ","FALSE"
"16758","ἀπολλύναι","FALSE"
"16759","οὐσίαν","FALSE"
"16760",";","FALSE"
"16761","οὐδὲν","TRUE"
"16762","ἄλλο","TRUE"
"16763",".","FALSE"
"16764","ὧι","FALSE"
"16765","δέ","TRUE"
"16766","γε","TRUE"
"16767","μηδὲν","FALSE"
"16768","τούτου","TRUE"
"16769","μέτεστιν","FALSE"
"16770",",","FALSE"
"16771","οὔτʼ","FALSE"
"16772","ἂν","TRUE"
"16773","λαμβάνοι","FALSE"
"16774","οὔτʼ","FALSE"
"16775","ἀπολλύοι","FALSE"
"16776","αὐτό","TRUE"
"16777",".","FALSE"
"16778","πῶς","FALSE"
"16779","γάρ","TRUE"
"16780",";","FALSE"
"16781","τῷ","TRUE"
"16782","ἑνὶ","FALSE"
"16783","ἄρα","TRUE"
"16784",",","FALSE"
"16785","ἐπειδὴ","FALSE"
"16786","οὐδαμῇ","FALSE"
"16787","ἔστιν","TRUE"
"16788",",","FALSE"
"16789","οὔτε","TRUE"
"16790","ἑκτέον","FALSE"
"16791","οὔτε","TRUE"
"16792","ἀπαλλακτέον","FALSE"
"16793","οὔτε","TRUE"
"16794","μεταληπτέον","FALSE"
"16795","οὐσίας","FALSE"
"16796","οὐδαμῶς","FALSE"
"16797",".","FALSE"
"16798","εἰκός","FALSE"
"16799",".","FALSE"
"16800","οὔτε","TRUE"
"16801","ἄρα","TRUE"
"16802","ἀπόλλυται","FALSE"
"16803","τὸ","TRUE"
"16804","μὴ","TRUE"
"16805","ὂν","TRUE"
"16806","ἓν","FALSE"
"16807","οὔτε","TRUE"
"16808","γίγνεται","FALSE"
"16809",",","FALSE"
"16810","ἐπείπερ","FALSE"
"16811","οὐδαμῇ","FALSE"
"16812","μετέχει","FALSE"
"16813","οὐσίας","FALSE"
"16814",".","FALSE"
"16815","οὐ","TRUE"
"16816","φαίνεται","FALSE"
"16817",".","FALSE"
"16818","οὐδʼ","FALSE"
"16819","ἄρʼ","FALSE"
"16820","ἀλλοιοῦται","FALSE"
"16821","οὐδαμῇ","FALSE"
"16822","·","FALSE"
"16823","ἤδη","FALSE"
"16824","γὰρ","TRUE"
"16825","ἂν","TRUE"
"16826","γίγνοιτό","FALSE"
"16827","τε","TRUE"
"16828","καὶ","TRUE"
"16829","ἀπολλύοιτο","FALSE"
"16830","τοῦτο","TRUE"
"16831","πάσχον","FALSE"
"16832",".","FALSE"
"16833","ἀληθῆ","FALSE"
"16834",".","FALSE"
"16835","εἰ","TRUE"
"16836","δὲ","TRUE"
"16837","μὴ","TRUE"
"16838","ἀλλοιοῦται","FALSE"
"16839",",","FALSE"
"16840","οὐκ","TRUE"
"16841","ἀνάγκη","FALSE"
"16842","μηδὲ","FALSE"
"16843","κινεῖσθαι","FALSE"
"16844",";","FALSE"
"16845","ἀνάγκη","FALSE"
"16846",".","FALSE"
"16847","οὐδὲ","TRUE"
"16848","μὴν","FALSE"
"16849","ἑστάναι","FALSE"
"16850","φήσομεν","FALSE"
"16851","τὸ","TRUE"
"16852","μηδαμοῦ","FALSE"
"16853","ὄν","FALSE"
"16854","·","FALSE"
"16855","τὸ","TRUE"
"16856","γὰρ","TRUE"
"16857","ἑστὸς","FALSE"
"16858","ἐν","TRUE"
"16859","τῷ","TRUE"
"16860","αὐτῷ","TRUE"
"16861","τινι","TRUE"
"16862","δεῖ","FALSE"
"16863","ἀεὶ","FALSE"
"16864","εἶναι","TRUE"
"16865",".","FALSE"
"16866","τῷ","TRUE"
"16867","αὐτῷ","TRUE"
"16868","·","FALSE"
"16869","πῶς","FALSE"
"16870","γὰρ","TRUE"
"16871","οὔ","TRUE"
"16872",";","FALSE"
"16873","οὕτω","TRUE"
"16874","δὴ","TRUE"
"16875","αὖ","FALSE"
"16876","τὸ","TRUE"
"16877","μὴ","TRUE"
"16878","ὂν","TRUE"
"16879","μήτε","FALSE"
"16880","ποτὲ","FALSE"
"16881","ἑστάναι","FALSE"
"16882","μήτε","FALSE"
"16883","κινεῖσθαι","FALSE"
"16884","λέγωμεν","FALSE"
"16885",".","FALSE"
"16886","μὴ","TRUE"
"16887","γὰρ","TRUE"
"16888","οὖν","TRUE"
"16889",".","FALSE"
"16890","ἀλλὰ","TRUE"
"16891","μὴν","FALSE"
"16892","οὐδʼ","FALSE"
"16893","ἔστι","TRUE"
"16894","γε","TRUE"
"16895","αὐτῷ","TRUE"
"16896","τι","TRUE"
"16897","τῶν","TRUE"
"16898","ὄντων","TRUE"
"16899","·","FALSE"
"16900","ἤδη","FALSE"
"16901","γὰρ","TRUE"
"16902","ἂν","TRUE"
"16903","τούτου","TRUE"
"16904","μετέχον","FALSE"
"16905","ὄντος","TRUE"
"16906","οὐσίας","FALSE"
"16907","μετέχοι","FALSE"
"16908",".","FALSE"
"16909","δῆλον","FALSE"
"16910",".","FALSE"
"16911","οὔτε","TRUE"
"16912","ἄρα","TRUE"
"16913","μέγεθος","FALSE"
"16914","οὔτε","TRUE"
"16915","σμικρότης","FALSE"
"16916","οὔτε","TRUE"
"16917","ἰσότης","FALSE"
"16918","αὐτῷ","TRUE"
"16919","ἔστιν","TRUE"
"16920",".","FALSE"
"16921","οὐ","TRUE"
"16922","γάρ","TRUE"
"16923",".","FALSE"
"16924","οὐδὲ","TRUE"
"16925","μὴν","FALSE"
"16926","ὁμοιότης","FALSE"
"16927","γε","TRUE"
"16928","οὐδὲ","TRUE"
"16929","ἑτεροιότης","FALSE"
"16930","οὔτε","TRUE"
"16931","πρὸς","TRUE"
"16932","αὑτὸ","FALSE"
"16933","οὔτε","TRUE"
"16934","πρὸς","TRUE"
"16935","τἆ","FALSE"
"16936","λλα","FALSE"
"16937","εἴη","TRUE"
"16938","ἂν","TRUE"
"16939","αὐτῷ","TRUE"
"16940",".","FALSE"
"16941","οὐ","TRUE"
"16942","φαίνεται","FALSE"
"16943",".","FALSE"
"16944","τί","TRUE"
"16945","δέ","TRUE"
"16946",";","FALSE"
"16947","τἆ","FALSE"
"16948","λλα","FALSE"
"16949","ἔσθʼ","FALSE"
"16950","ὅπως","FALSE"
"16951","ἂν","TRUE"
"16952","εἴη","TRUE"
"16953","αὐτῷ","TRUE"
"16954",",","FALSE"
"16955","εἰ","TRUE"
"16956","μηδὲν","FALSE"
"16957","αὐτῷ","TRUE"
"16958","δεῖ","FALSE"
"16959","εἶναι","TRUE"
"16960",";","FALSE"
"16961","οὐκ","TRUE"
"16962","ἔστιν","TRUE"
"16963",".","FALSE"
"16964","οὔτε","TRUE"
"16965","ἄρα","TRUE"
"16966","ὅμοια","FALSE"
"16967","οὔτε","TRUE"
"16968","ἀνόμοια","FALSE"
"16969","οὔτε","TRUE"
"16970","ταὐτὰ","TRUE"
"16971","οὔθʼ","FALSE"
"16972","ἕτερά","FALSE"
"16973","ἐστιν","TRUE"
"16974","αὐτῷ","TRUE"
"16975","τὰ","TRUE"
"16976","ἄλλα","TRUE"
"16977",".","FALSE"
"16978","οὐ","TRUE"
"16979","γάρ","TRUE"
"16980",".","FALSE"
"16981","τί","TRUE"
"16982","δέ","TRUE"
"16983",";","FALSE"
"16984","τὸ","TRUE"
"16985","ἐκείνου","FALSE"
"16986","ἢ","TRUE"
"16987","τὸ","TRUE"
"16988","ἐκείνῳ","FALSE"
"16989","ἢ","TRUE"
"16990","τὸ","TRUE"
"16991","τὶ","FALSE"
"16992","ἢ","TRUE"
"16993","τὸ","TRUE"
"16994","τοῦτο","TRUE"
"16995","ἢ","TRUE"
"16996","τὸ","TRUE"
"16997","τούτου","TRUE"
"16998","ἢ","TRUE"
"16999","ἄλλου","TRUE"
"17000","ἢ","TRUE"
"17001","ἄλλῳ","TRUE"
"17002","ἢ","TRUE"
"17003","ποτὲ","FALSE"
"17004","ἢ","TRUE"
"17005","ἔπειτα","FALSE"
"17006","ἢ","TRUE"
"17007","νῦν","FALSE"
"17008","ἢ","TRUE"
"17009","ἐπιστήμη","FALSE"
"17010","ἢ","TRUE"
"17011","δόξα","FALSE"
"17012","ἢ","TRUE"
"17013","αἴσθησις","FALSE"
"17014","ἢ","TRUE"
"17015","λόγος","FALSE"
"17016","ἢ","TRUE"
"17017","ὄνομα","FALSE"
"17018","ἢ","TRUE"
"17019","ἄλλο","TRUE"
"17020","ὁτιοῦν","FALSE"
"17021","τῶν","TRUE"
"17022","ὄντων","TRUE"
"17023","περὶ","TRUE"
"17024","τὸ","TRUE"
"17025","μὴ","TRUE"
"17026","ὂν","TRUE"
"17027","ἔσται","TRUE"
"17028",";","FALSE"
"17029","οὐκ","TRUE"
"17030","ἔσται","TRUE"
"17031",".","FALSE"
"17032","οὕτω","TRUE"
"17033","δὴ","TRUE"
"17034","ἓν","FALSE"
"17035","οὐκ","TRUE"
"17036","ὂν","TRUE"
"17037","οὐκ","TRUE"
"17038","ἔχει","FALSE"
"17039","πως","FALSE"
"17040","οὐδαμῇ","FALSE"
"17041",".","FALSE"
"17042","οὔκουν","FALSE"
"17043","δὴ","TRUE"
"17044","ἔοικέν","FALSE"
"17045","γε","TRUE"
"17046","οὐδαμῇ","FALSE"
"17047","ἔχειν","FALSE"
"17048",".","FALSE"
"17049","ἔτι","TRUE"
"17050","δὴ","TRUE"
"17051","λέγωμεν","FALSE"
"17052",",","FALSE"
"17053","ἓν","FALSE"
"17054","εἰ","TRUE"
"17055","μὴ","TRUE"
"17056","ἔστι","TRUE"
"17057",",","FALSE"
"17058","τἆ","FALSE"
"17059","λλα","FALSE"
"17060","τί","TRUE"
"17061","χρὴ","FALSE"
"17062","πεπονθέναι","FALSE"
"17063",".","FALSE"
"17064","λέγωμεν","FALSE"
"17065","γάρ","TRUE"
"17066",".","FALSE"
"17067","ἄλλα","TRUE"
"17068","μέν","TRUE"
"17069","που","FALSE"
"17070","δεῖ","FALSE"
"17071","αὐτὰ","TRUE"
"17072","εἶναι","TRUE"
"17073","·","FALSE"
"17074","εἰ","TRUE"
"17075","γὰρ","TRUE"
"17076","μηδὲ","FALSE"
"17077","ἄλλα","TRUE"
"17078","ἐστίν","TRUE"
"17079",",","FALSE"
"17080","οὐκ","TRUE"
"17081","ἂν","TRUE"
"17082","περὶ","TRUE"
"17083","τῶν","TRUE"
"17084","ἄλλων","TRUE"
"17085","λέγοιτο","FALSE"
"17086",".","FALSE"
"17087","οὕτω","TRUE"
"17088",".","FALSE"
"17089","εἰ","TRUE"
"17090","δὲ","TRUE"
"17091","περὶ","TRUE"
"17092","τῶν","TRUE"
"17093","ἄλλων","TRUE"
"17094","ὁ","TRUE"
"17095","λόγος","FALSE"
"17096",",","FALSE"
"17097","τά","TRUE"
"17098","γε","TRUE"
"17099","ἄλλα","TRUE"
"17100","ἕτερά","FALSE"
"17101","ἐστιν","TRUE"
"17102",".","FALSE"
"17103","ἢ","TRUE"
"17104","οὐκ","TRUE"
"17105","ἐπὶ","TRUE"
"17106","τῷ","TRUE"
"17107","αὐτῷ","TRUE"
"17108","καλεῖς","FALSE"
"17109","τό","TRUE"
"17110","τε","TRUE"
"17111","ἄλλο","TRUE"
"17112","καὶ","TRUE"
"17113","τὸ","TRUE"
"17114","ἕτερον","FALSE"
"17115",";","FALSE"
"17116","ἔγωγε","TRUE"
"17117",".","FALSE"
"17118","ἕτερον","FALSE"
"17119","δέ","TRUE"
"17120","γέ","TRUE"
"17121","πού","FALSE"
"17122","φαμεν","FALSE"
"17123","τὸ","TRUE"
"17124","ἕτερον","FALSE"
"17125","εἶναι","TRUE"
"17126","ἑτέρου","FALSE"
"17127",",","FALSE"
"17128","καὶ","TRUE"
"17129","τὸ","TRUE"
"17130","ἄλλο","TRUE"
"17131","δὴ","TRUE"
"17132","ἄλλο","TRUE"
"17133","εἶναι","TRUE"
"17134","ἄλλου","TRUE"
"17135",";","FALSE"
"17136","ναί","FALSE"
"17137",".","FALSE"
"17138","καὶ","TRUE"
"17139","τοῖς","TRUE"
"17140","ἄλλοις","TRUE"
"17141","ἄρα","TRUE"
"17142",",","FALSE"
"17143","εἰ","TRUE"
"17144","μέλλει","FALSE"
"17145","ἄλλα","TRUE"
"17146","εἶναι","TRUE"
"17147",",","FALSE"
"17148","ἔστι","TRUE"
"17149","τι","TRUE"
"17150","οὗ","TRUE"
"17151","ἄλλα","TRUE"
"17152","ἔσται","TRUE"
"17153",".","FALSE"
"17154","ἀνάγκη","FALSE"
"17155",".","FALSE"
"17156","τί","TRUE"
"17157","δὴ","TRUE"
"17158","οὖν","TRUE"
"17159","ἂν","TRUE"
"17160","εἴη","TRUE"
"17161",";","FALSE"
"17162","τοῦ","TRUE"
"17163","μὲν","TRUE"
"17164","γὰρ","TRUE"
"17165","ἑνὸς","FALSE"
"17166","οὐκ","TRUE"
"17167","ἔσται","TRUE"
"17168","ἄλλα","TRUE"
"17169",",","FALSE"
"17170","μὴ","TRUE"
"17171","ὄντος","TRUE"
"17172","γε","TRUE"
"17173",".","FALSE"
"17174","οὐ","TRUE"
"17175","γάρ","TRUE"
"17176",".","FALSE"
"17177","ἀλλήλων","FALSE"
"17178","ἄρα","TRUE"
"17179","ἐστί","TRUE"
"17180","·","FALSE"
"17181","τοῦτο","TRUE"
"17182","γὰρ","TRUE"
"17183","αὐτοῖς","TRUE"
"17184","ἔτι","TRUE"
"17185","λείπεται","FALSE"
"17186",",","FALSE"
"17187","ἢ","TRUE"
"17188","μηδενὸς","FALSE"
"17189","εἶναι","TRUE"
"17190","ἄλλοις","TRUE"
"17191",".","FALSE"
"17192","ὀρθῶς","FALSE"
"17193",".","FALSE"
"17194","κατὰ","TRUE"
"17195","πλήθη","FALSE"
"17196","ἄρα","TRUE"
"17197","ἕκαστα","FALSE"
"17198","ἀλλήλων","FALSE"
"17199","ἄλλα","TRUE"
"17200","ἐστί","TRUE"
"17201","·","FALSE"
"17202","κατὰ","TRUE"
"17203","ἓν","FALSE"
"17204","γὰρ","TRUE"
"17205","οὐκ","TRUE"
"17206","ἂν","TRUE"
"17207","οἷά","FALSE"
"17208","τε","TRUE"
"17209","εἴη","TRUE"
"17210",",","FALSE"
"17211","μὴ","TRUE"
"17212","ὄντος","TRUE"
"17213","ἑνός","FALSE"
"17214",".","FALSE"
"17215","ἀλλʼ","FALSE"
"17216","ἕκαστος","FALSE"
"17217",",","FALSE"
"17218","ὡς","TRUE"
"17219","ἔοικεν","FALSE"
"17220",",","FALSE"
"17221","ὁ","TRUE"
"17222","ὄγκος","FALSE"
"17223","αὐτῶν","TRUE"
"17224","ἄπειρός","FALSE"
"17225","ἐστι","TRUE"
"17226","πλήθει","FALSE"
"17227",",","FALSE"
"17228","κἂν","TRUE"
"17229","τὸ","TRUE"
"17230","σμικρότατον","FALSE"
"17231","δοκοῦν","FALSE"
"17232","εἶναι","TRUE"
"17233","λάβῃ","FALSE"
"17234","τις","TRUE"
"17235",",","FALSE"
"17236","ὥσπερ","FALSE"
"17237","ὄναρ","FALSE"
"17238","ἐν","TRUE"
"17239","ὕπνῳ","FALSE"
"17240","φαίνεται","FALSE"
"17241","ἐξαίφνης","FALSE"
"17242","ἀντὶ","FALSE"
"17243","ἑνὸς","FALSE"
"17244","δόξαντος","FALSE"
"17245","εἶναι","TRUE"
"17246","πολλὰ","FALSE"
"17247","καὶ","TRUE"
"17248","ἀντὶ","FALSE"
"17249","σμικροτάτου","FALSE"
"17250","παμμέγεθες","FALSE"
"17251","πρὸς","TRUE"
"17252","τὰ","TRUE"
"17253","κερματιζόμενα","FALSE"
"17254","ἐξ","TRUE"
"17255","αὐτοῦ","TRUE"
"17256",".","FALSE"
"17257","ὀρθότατα","FALSE"
"17258",".","FALSE"
"17259","τοιούτων","TRUE"
"17260","δὴ","TRUE"
"17261","ὄγκων","FALSE"
"17262","ἄλλα","TRUE"
"17263","ἀλλήλων","FALSE"
"17264","ἂν","TRUE"
"17265","εἴη","TRUE"
"17266","τἆ","FALSE"
"17267","λλα","FALSE"
"17268",",","FALSE"
"17269","εἰ","TRUE"
"17270","ἑνὸς","FALSE"
"17271","μὴ","TRUE"
"17272","ὄντος","TRUE"
"17273","ἄλλα","TRUE"
"17274","ἐστίν","TRUE"
"17275",".","FALSE"
"17276","κομιδῇ","FALSE"
"17277","μὲν","TRUE"
"17278","οὖν","TRUE"
"17279",".","FALSE"
"17280","οὐκοῦν","FALSE"
"17281","πολλοὶ","FALSE"
"17282","ὄγκοι","FALSE"
"17283","ἔσονται","TRUE"
"17284",",","FALSE"
"17285","εἷς","FALSE"
"17286","ἕκαστος","FALSE"
"17287","φαινόμενος","FALSE"
"17288",",","FALSE"
"17289","ὢν","TRUE"
"17290","δὲ","TRUE"
"17291","οὔ","TRUE"
"17292",",","FALSE"
"17293","εἴπερ","FALSE"
"17294","ἓν","FALSE"
"17295","μὴ","TRUE"
"17296","ἔσται","TRUE"
"17297",";","FALSE"
"17298","οὕτω","TRUE"
"17299",".","FALSE"
"17300","καὶ","TRUE"
"17301","ἀριθμὸς","FALSE"
"17302","δὲ","TRUE"
"17303","εἶναι","TRUE"
"17304","αὐτῶν","TRUE"
"17305","δόξει","FALSE"
"17306",",","FALSE"
"17307","εἴπερ","FALSE"
"17308","καὶ","TRUE"
"17309","ἓν","FALSE"
"17310","ἕκαστον","FALSE"
"17311",",","FALSE"
"17312","πολλῶν","FALSE"
"17313","ὄντων","TRUE"
"17314",".","FALSE"
"17315","πάνυ","FALSE"
"17316","γε","TRUE"
"17317",".","FALSE"
"17318","καὶ","TRUE"
"17319","τὰ","TRUE"
"17320","μὲν","TRUE"
"17321","δὴ","TRUE"
"17322","ἄρτια","FALSE"
"17323",",","FALSE"
"17324","τὰ","TRUE"
"17325","δὲ","TRUE"
"17326","περιττὰ","FALSE"
"17327","ἐν","TRUE"
"17328","αὐτοῖς","TRUE"
"17329","ὄντα","TRUE"
"17330","οὐκ","TRUE"
"17331","ἀληθῶς","FALSE"
"17332","φαίνεται","FALSE"
"17333",",","FALSE"
"17334","εἴπερ","FALSE"
"17335","ἓν","FALSE"
"17336","μὴ","TRUE"
"17337","ἔσται","TRUE"
"17338",".","FALSE"
"17339","οὐ","TRUE"
"17340","γὰρ","TRUE"
"17341","οὖν","TRUE"
"17342",".","FALSE"
"17343","καὶ","TRUE"
"17344","μὴν","FALSE"
"17345","καὶ","TRUE"
"17346","σμικρότατόν","FALSE"
"17347","γε","TRUE"
"17348",",","FALSE"
"17349","φαμέν","FALSE"
"17350",",","FALSE"
"17351","δόξει","FALSE"
"17352","ἐν","TRUE"
"17353","αὐτοῖς","TRUE"
"17354","ἐνεῖναι","FALSE"
"17355","·","FALSE"
"17356","φαίνεται","FALSE"
"17357","δὲ","TRUE"
"17358","τοῦτο","TRUE"
"17359","πολλὰ","FALSE"
"17360","καὶ","TRUE"
"17361","μεγάλα","FALSE"
"17362","πρὸς","TRUE"
"17363","ἕκαστον","FALSE"
"17364","τῶν","TRUE"
"17365","πολλῶν","FALSE"
"17366","ὡς","TRUE"
"17367","σμικρῶν","FALSE"
"17368","ὄντων","TRUE"
"17369",".","FALSE"
"17370","πῶς","FALSE"
"17371","δʼ","FALSE"
"17372","οὔ","TRUE"
"17373",";","FALSE"
"17374","καὶ","TRUE"
"17375","ἴσος","FALSE"
"17376","μὴν","FALSE"
"17377","τοῖς","TRUE"
"17378","πολλοῖς","FALSE"
"17379","καὶ","TRUE"
"17380","σμικροῖς","FALSE"
"17381","ἕκαστος","FALSE"
"17382","ὄγκος","FALSE"
"17383","δοξασθήσεται","FALSE"
"17384","εἶναι","TRUE"
"17385","·","FALSE"
"17386","οὐ","TRUE"
"17387","γὰρ","TRUE"
"17388","ἂν","TRUE"
"17389","μετέβαινεν","FALSE"
"17390","ἐκ","TRUE"
"17391","μείζονος","FALSE"
"17392","εἰς","TRUE"
"17393","ἔλαττον","FALSE"
"17394","φαινόμενος","FALSE"
"17395",",","FALSE"
"17396","πρὶν","FALSE"
"17397","εἰς","TRUE"
"17398","τὸ","TRUE"
"17399","μεταξὺ","FALSE"
"17400","δόξειεν","FALSE"
"17401","ἐλθεῖν","FALSE"
"17402",",","FALSE"
"17403","τοῦτο","TRUE"
"17404","δʼ","FALSE"
"17405","εἴη","TRUE"
"17406","ἂν","TRUE"
"17407","φάντασμα","FALSE"
"17408","ἰσότητος","FALSE"
"17409",".","FALSE"
"17410","εἰκός","FALSE"
"17411",".","FALSE"
"17412","οὐκοῦν","FALSE"
"17413","καὶ","TRUE"
"17414","πρὸς","TRUE"
"17415","ἄλλον","TRUE"
"17416","ὄγκον","FALSE"
"17417","πέρας","FALSE"
"17418","ἔχων","FALSE"
"17419",",","FALSE"
"17420","αὐτός","TRUE"
"17421","γε","TRUE"
"17422","πρὸς","TRUE"
"17423","αὑτὸν","TRUE"
"17424","οὔτε","TRUE"
"17425","ἀρχὴν","FALSE"
"17426","οὔτε","TRUE"
"17427","πέρας","FALSE"
"17428","οὔτε","TRUE"
"17429","μέσον","FALSE"
"17430","ἔχων","FALSE"
"17431",";","FALSE"
"17432","πῇ","FALSE"
"17433","δή","TRUE"
"17434",";","FALSE"
"17435","ὅτι","TRUE"
"17436","ἀεὶ","FALSE"
"17437","αὐτῶν","TRUE"
"17438","ὅταν","FALSE"
"17439","τίς","TRUE"
"17440","τι","TRUE"
"17441","λάβῃ","FALSE"
"17442","τῇ","TRUE"
"17443","διανοίᾳ","FALSE"
"17444","ὥς","TRUE"
"17445","τι","TRUE"
"17446","τούτων","TRUE"
"17447","ὄν","FALSE"
"17448",",","FALSE"
"17449","πρό","FALSE"
"17450","τε","TRUE"
"17451","τῆς","TRUE"
"17452","ἀρχῆς","FALSE"
"17453","ἄλλη","TRUE"
"17454","ἀεὶ","FALSE"
"17455","φαίνεται","FALSE"
"17456","ἀρχή","FALSE"
"17457",",","FALSE"
"17458","μετά","TRUE"
"17459","τε","TRUE"
"17460","τὴν","TRUE"
"17461","τελευτὴν","FALSE"
"17462","ἑτέρα","FALSE"
"17463","ὑπολειπομένη","FALSE"
"17464","τελευτή","FALSE"
"17465",",","FALSE"
"17466","ἔν","TRUE"
"17467","τε","TRUE"
"17468","τῷ","TRUE"
"17469","μέσῳ","FALSE"
"17470","ἄλλα","TRUE"
"17471","μεσαίτερα","FALSE"
"17472","τοῦ","TRUE"
"17473","μέσου","FALSE"
"17474",",","FALSE"
"17475","σμικρότερα","FALSE"
"17476","δέ","TRUE"
"17477",",","FALSE"
"17478","διὰ","TRUE"
"17479","τὸ","TRUE"
"17480","μὴ","TRUE"
"17481","δύνασθαι","FALSE"
"17482","ἑνὸς","FALSE"
"17483","αὐτῶν","TRUE"
"17484","ἑκάστου","FALSE"
"17485","λαμβάνεσθαι","FALSE"
"17486",",","FALSE"
"17487","ἅτε","FALSE"
"17488","οὐκ","TRUE"
"17489","ὄντος","TRUE"
"17490","τοῦ","TRUE"
"17491","ἑνός","FALSE"
"17492",".","FALSE"
"17493","ἀληθέστατα","FALSE"
"17494",".","FALSE"
"17495","θρύπτεσθαι","FALSE"
"17496","δὴ","TRUE"
"17497","οἶμαι","FALSE"
"17498","κερματιζόμενον","FALSE"
"17499","ἀνάγκη","FALSE"
"17500","πᾶν","FALSE"
"17501","τὸ","TRUE"
"17502","ὄν","FALSE"
"17503",",","FALSE"
"17504","ὃ","TRUE"
"17505","ἄν","TRUE"
"17506","τις","TRUE"
"17507","λάβῃ","FALSE"
"17508","τῇ","TRUE"
"17509","διανοίᾳ","FALSE"
"17510","·","FALSE"
"17511","ὄγκος","FALSE"
"17512","γάρ","TRUE"
"17513","που","FALSE"
"17514","ἄνευ","FALSE"
"17515","ἑνὸς","FALSE"
"17516","ἀεὶ","FALSE"
"17517","λαμβάνοιτʼ","FALSE"
"17518","ἄν","TRUE"
"17519",".","FALSE"
"17520","πάνυ","FALSE"
"17521","μὲν","TRUE"
"17522","οὖν","TRUE"
"17523",".","FALSE"
"17524","οὐκοῦν","FALSE"
"17525","τό","TRUE"
"17526","γε","TRUE"
"17527","τοιοῦτον","TRUE"
"17528","πόρρωθεν","FALSE"
"17529","μὲν","TRUE"
"17530","ὁρῶντι","FALSE"
"17531","καὶ","TRUE"
"17532","ἀμβλὺ","FALSE"
"17533","ἓν","FALSE"
"17534","φαίνεσθαι","FALSE"
"17535","ἀνάγκη","FALSE"
"17536",",","FALSE"
"17537","ἐγγύθεν","FALSE"
"17538","δὲ","TRUE"
"17539","καὶ","TRUE"
"17540","ὀξὺ","FALSE"
"17541","νοοῦντι","FALSE"
"17542","πλήθει","FALSE"
"17543","ἄπειρον","FALSE"
"17544","ἓν","FALSE"
"17545","ἕκαστον","FALSE"
"17546","φανῆναι","FALSE"
"17547",",","FALSE"
"17548","εἴπερ","FALSE"
"17549","στέρεται","FALSE"
"17550","τοῦ","TRUE"
"17551","ἑνὸς","FALSE"
"17552","μὴ","TRUE"
"17553","ὄντος","TRUE"
"17554",";","FALSE"
"17555","ἀναγκαιότατον","FALSE"
"17556","μὲν","TRUE"
"17557","οὖν","TRUE"
"17558",".","FALSE"
"17559","οὕτω","TRUE"
"17560","δὴ","TRUE"
"17561","ἄπειρά","FALSE"
"17562","τε","TRUE"
"17563","καὶ","TRUE"
"17564","πέρας","FALSE"
"17565","ἔχοντα","FALSE"
"17566","καὶ","TRUE"
"17567","ἓν","FALSE"
"17568","καὶ","TRUE"
"17569","πολλὰ","FALSE"
"17570","ἕκαστα","FALSE"
"17571","τἆ","FALSE"
"17572","λλα","FALSE"
"17573","δεῖ","FALSE"
"17574","φαίνεσθαι","FALSE"
"17575",",","FALSE"
"17576","ἓν","FALSE"
"17577","εἰ","TRUE"
"17578","μὴ","TRUE"
"17579","ἔστιν","TRUE"
"17580",",","FALSE"
"17581","τἆ","FALSE"
"17582","λλα","FALSE"
"17583","δὲ","TRUE"
"17584","τοῦ","TRUE"
"17585","ἑνός","FALSE"
"17586",".","FALSE"
"17587","δεῖ","FALSE"
"17588","γάρ","TRUE"
"17589",".","FALSE"
"17590","οὐκοῦν","FALSE"
"17591","καὶ","TRUE"
"17592","ὅμοιά","FALSE"
"17593","τε","TRUE"
"17594","καὶ","TRUE"
"17595","ἀνόμοια","FALSE"
"17596","δόξει","FALSE"
"17597","εἶναι","TRUE"
"17598",";","FALSE"
"17599","πῇ","FALSE"
"17600","δή","TRUE"
"17601",";","FALSE"
"17602","οἷον","FALSE"
"17603","ἐσκιαγραφημένα","FALSE"
"17604","ἀποστάντι","FALSE"
"17605","μὲν","TRUE"
"17606","ἓν","FALSE"
"17607","πάντα","FALSE"
"17608","φαινόμενα","FALSE"
"17609","ταὐτὸν","TRUE"
"17610","φαίνεσθαι","FALSE"
"17611","πεπονθέναι","FALSE"
"17612","καὶ","TRUE"
"17613","ὅμοια","FALSE"
"17614","εἶναι","TRUE"
"17615",".","FALSE"
"17616","πάνυ","FALSE"
"17617","γε","TRUE"
"17618",".","FALSE"
"17619","προσελθόντι","FALSE"
"17620","δέ","TRUE"
"17621","γε","TRUE"
"17622","πολλὰ","FALSE"
"17623","καὶ","TRUE"
"17624","ἕτερα","FALSE"
"17625","καὶ","TRUE"
"17626","τῷ","TRUE"
"17627","τοῦ","TRUE"
"17628","ἑτέρου","FALSE"
"17629","φαντάσματι","FALSE"
"17630","ἑτεροῖα","FALSE"
"17631","καὶ","TRUE"
"17632","ἀνόμοια","FALSE"
"17633","ἑαυτοῖς","TRUE"
"17634",".","FALSE"
"17635","οὕτω","TRUE"
"17636",".","FALSE"
"17637","καὶ","TRUE"
"17638","ὁμοίους","FALSE"
"17639","δὴ","TRUE"
"17640","καὶ","TRUE"
"17641","ἀνομοίους","FALSE"
"17642","τοὺς","TRUE"
"17643","ὄγκους","FALSE"
"17644","αὐτούς","TRUE"
"17645","τε","TRUE"
"17646","αὑτοῖς","TRUE"
"17647","ἀνάγκη","FALSE"
"17648","φαίνεσθαι","FALSE"
"17649","καὶ","TRUE"
"17650","ἀλλήλοις","FALSE"
"17651",".","FALSE"
"17652","πάνυ","FALSE"
"17653","μὲν","TRUE"
"17654","οὖν","TRUE"
"17655",".","FALSE"
"17656","οὐκοῦν","FALSE"
"17657","καὶ","TRUE"
"17658","τοὺς","TRUE"
"17659","αὐτοὺς","TRUE"
"17660","καὶ","TRUE"
"17661","ἑτέρους","FALSE"
"17662","ἀλλήλων","FALSE"
"17663",",","FALSE"
"17664","καὶ","TRUE"
"17665","ἁπτομένους","FALSE"
"17666","καὶ","TRUE"
"17667","χωρὶς","FALSE"
"17668","ἑαυτῶν","TRUE"
"17669",",","FALSE"
"17670","καὶ","TRUE"
"17671","κινουμένους","FALSE"
"17672","πάσας","FALSE"
"17673","κινήσεις","FALSE"
"17674","καὶ","TRUE"
"17675","ἑστῶτας","FALSE"
"17676","πάντῃ","FALSE"
"17677",",","FALSE"
"17678","καὶ","TRUE"
"17679","γιγνομένους","FALSE"
"17680","καὶ","TRUE"
"17681","ἀπολλυμένους","FALSE"
"17682","καὶ","TRUE"
"17683","μηδέτερα","FALSE"
"17684",",","FALSE"
"17685","καὶ","TRUE"
"17686","πάντα","FALSE"
"17687","που","FALSE"
"17688","τὰ","TRUE"
"17689","τοιαῦτα","TRUE"
"17690",",","FALSE"
"17691","ἃ","TRUE"
"17692","διελθεῖν","FALSE"
"17693","εὐπετὲς","FALSE"
"17694","ἤδη","FALSE"
"17695","ἡμῖν","TRUE"
"17696",",","FALSE"
"17697","εἰ","TRUE"
"17698","ἑνὸς","FALSE"
"17699","μὴ","TRUE"
"17700","ὄντος","TRUE"
"17701","πολλὰ","FALSE"
"17702","ἔστιν","TRUE"
"17703",".","FALSE"
"17704","ἀληθέστατα","FALSE"
"17705","μὲν","TRUE"
"17706","οὖν","TRUE"
"17707",".","FALSE"
"17708","ἔτι","TRUE"
"17709","δὴ","TRUE"
"17710","ἅπαξ","FALSE"
"17711","ἐλθόντες","FALSE"
"17712","πάλιν","FALSE"
"17713","ἐπὶ","TRUE"
"17714","τὴν","TRUE"
"17715","ἀρχὴν","FALSE"
"17716","εἴπωμεν","FALSE"
"17717",",","FALSE"
"17718","ἓν","FALSE"
"17719","εἰ","TRUE"
"17720","μὴ","TRUE"
"17721","ἔστι","TRUE"
"17722",",","FALSE"
"17723","τἆ","FALSE"
"17724","λλα","FALSE"
"17725","δὲ","TRUE"
"17726","τοῦ","TRUE"
"17727","ἑνός","FALSE"
"17728",",","FALSE"
"17729","τί","TRUE"
"17730","χρὴ","FALSE"
"17731","εἶναι","TRUE"
"17732",".","FALSE"
"17733","εἴπωμεν","FALSE"
"17734","γὰρ","TRUE"
"17735","οὖν","TRUE"
"17736",".","FALSE"
"17737","οὐκοῦν","FALSE"
"17738","ἓν","FALSE"
"17739","μὲν","TRUE"
"17740","οὐκ","TRUE"
"17741","ἔσται","TRUE"
"17742","τἆ","FALSE"
"17743","λλα","FALSE"
"17744",".","FALSE"
"17745","πῶς","FALSE"
"17746","γάρ","TRUE"
"17747",";","FALSE"
"17748","οὐδὲ","TRUE"
"17749","μὴν","FALSE"
"17750","πολλά","FALSE"
"17751","γε","TRUE"
"17752","·","FALSE"
"17753","ἐν","TRUE"
"17754","γὰρ","TRUE"
"17755","πολλοῖς","FALSE"
"17756","οὖσιν","TRUE"
"17757","ἐνείη","FALSE"
"17758","ἂν","TRUE"
"17759","καὶ","TRUE"
"17760","ἕν","FALSE"
"17761",".","FALSE"
"17762","εἰ","TRUE"
"17763","γὰρ","TRUE"
"17764","μηδὲν","FALSE"
"17765","αὐτῶν","TRUE"
"17766","ἐστὶν","TRUE"
"17767","ἕν","FALSE"
"17768",",","FALSE"
"17769","ἅπαντα","FALSE"
"17770","οὐδέν","TRUE"
"17771","ἐστιν","TRUE"
"17772",",","FALSE"
"17773","ὥστε","TRUE"
"17774","οὐδʼ","FALSE"
"17775","ἂν","TRUE"
"17776","πολλὰ","FALSE"
"17777","εἴη","TRUE"
"17778",".","FALSE"
"17779","ἀληθῆ","FALSE"
"17780",".","FALSE"
"17781","μὴ","TRUE"
"17782","ἐνόντος","FALSE"
"17783","δὲ","TRUE"
"17784","ἑνὸς","FALSE"
"17785","ἐν","TRUE"
"17786","τοῖς","TRUE"
"17787","ἄλλοις","TRUE"
"17788",",","FALSE"
"17789","οὔτε","TRUE"
"17790","πολλὰ","FALSE"
"17791","οὔτε","TRUE"
"17792","ἕν","FALSE"
"17793","ἐστι","TRUE"
"17794","τἆ","FALSE"
"17795","λλα","FALSE"
"17796",".","FALSE"
"17797","οὐ","TRUE"
"17798","γάρ","TRUE"
"17799",".","FALSE"
"17800","οὐδέ","TRUE"
"17801","γε","TRUE"
"17802","φαίνεται","FALSE"
"17803","ἓν","FALSE"
"17804","οὐδὲ","TRUE"
"17805","πολλά","FALSE"
"17806",".","FALSE"
"17807","τί","TRUE"
"17808","δή","TRUE"
"17809",";","FALSE"
"17810","ὅτι","TRUE"
"17811","τἆ","FALSE"
"17812","λλα","FALSE"
"17813","τῶν","TRUE"
"17814","μὴ","TRUE"
"17815","ὄντων","TRUE"
"17816","οὐδενὶ","TRUE"
"17817","οὐδαμῇ","FALSE"
"17818","οὐδαμῶς","FALSE"
"17819","οὐδεμίαν","TRUE"
"17820","κοινωνίαν","FALSE"
"17821","ἔχει","FALSE"
"17822",",","FALSE"
"17823","οὐδέ","TRUE"
"17824","τι","TRUE"
"17825","τῶν","TRUE"
"17826","μὴ","TRUE"
"17827","ὄντων","TRUE"
"17828","παρὰ","TRUE"
"17829","τῶν","TRUE"
"17830","ἄλλων","TRUE"
"17831","τῴ","FALSE"
"17832","ἐστιν","TRUE"
"17833","·","FALSE"
"17834","οὐδὲν","TRUE"
"17835","γὰρ","TRUE"
"17836","μέρος","FALSE"
"17837","ἐστὶ","TRUE"
"17838","τοῖς","TRUE"
"17839","μὴ","TRUE"
"17840","οὖσιν","TRUE"
"17841",".","FALSE"
"17842","ἀληθῆ","FALSE"
"17843",".","FALSE"
"17844","οὐδʼ","FALSE"
"17845","ἄρα","TRUE"
"17846","δόξα","FALSE"
"17847","τοῦ","TRUE"
"17848","μὴ","TRUE"
"17849","ὄντος","TRUE"
"17850","παρὰ","TRUE"
"17851","τοῖς","TRUE"
"17852","ἄλλοις","TRUE"
"17853","ἐστὶν","TRUE"
"17854","οὐδέ","TRUE"
"17855","τι","TRUE"
"17856","φάντασμα","FALSE"
"17857",",","FALSE"
"17858","οὐδὲ","TRUE"
"17859","δοξάζεται","FALSE"
"17860","οὐδαμῇ","FALSE"
"17861","οὐδαμῶς","FALSE"
"17862","τὸ","TRUE"
"17863","μὴ","TRUE"
"17864","ὂν","TRUE"
"17865","ἐπὶ","TRUE"
"17866","τῶν","TRUE"
"17867","ἄλλων","TRUE"
"17868",".","FALSE"
"17869","οὐ","TRUE"
"17870","γὰρ","TRUE"
"17871","οὖν","TRUE"
"17872",".","FALSE"
"17873","ἓν","FALSE"
"17874","ἄρα","TRUE"
"17875","εἰ","TRUE"
"17876","μὴ","TRUE"
"17877","ἔστιν","TRUE"
"17878",",","FALSE"
"17879","οὐδὲ","TRUE"
"17880","δοξάζεταί","FALSE"
"17881","τι","TRUE"
"17882","τῶν","TRUE"
"17883","ἄλλων","TRUE"
"17884","ἓν","FALSE"
"17885","εἶναι","TRUE"
"17886","οὐδὲ","TRUE"
"17887","πολλά","FALSE"
"17888","·","FALSE"
"17889","ἄνευ","FALSE"
"17890","γὰρ","TRUE"
"17891","ἑνὸς","FALSE"
"17892","πολλὰ","FALSE"
"17893","δοξάσαι","FALSE"
"17894","ἀδύνατον","FALSE"
"17895",".","FALSE"
"17896","ἀδύνατον","FALSE"
"17897","γάρ","TRUE"
"17898",".","FALSE"
"17899","ἓν","FALSE"
"17900","ἄρα","TRUE"
"17901","εἰ","TRUE"
"17902","μὴ","TRUE"
"17903","ἔστι","TRUE"
"17904",",","FALSE"
"17905","τἆ","FALSE"
"17906","λλα","FALSE"
"17907","οὔτε","TRUE"
"17908","ἔστιν","TRUE"
"17909","οὔτε","TRUE"
"17910","δοξάζεται","FALSE"
"17911","ἓν","FALSE"
"17912","οὐδὲ","TRUE"
"17913","πολλά","FALSE"
"17914",".","FALSE"
"17915","οὐκ","TRUE"
"17916","ἔοικεν","FALSE"
"17917",".","FALSE"
"17918","οὐδʼ","FALSE"
"17919","ἄρα","TRUE"
"17920","ὅμοια","FALSE"
"17921","οὐδὲ","TRUE"
"17922","ἀνόμοια","FALSE"
"17923",".","FALSE"
"17924","οὐ","TRUE"
"17925","γάρ","TRUE"
"17926",".","FALSE"
"17927","οὐδὲ","TRUE"
"17928","μὴν","FALSE"
"17929","τὰ","TRUE"
"17930","αὐτά","TRUE"
"17931","γε","TRUE"
"17932","οὐδʼ","FALSE"
"17933","ἕτερα","FALSE"
"17934",",","FALSE"
"17935","οὐδὲ","TRUE"
"17936","ἁπτόμενα","FALSE"
"17937","οὐδὲ","TRUE"
"17938","χωρίς","FALSE"
"17939",",","FALSE"
"17940","οὐδὲ","TRUE"
"17941","ἄλλα","TRUE"
"17942","ὅσα","FALSE"
"17943","ἐν","TRUE"
"17944","τοῖς","TRUE"
"17945","πρόσθεν","FALSE"
"17946","διήλθομεν","FALSE"
"17947","ὡς","TRUE"
"17948","φαινόμενα","FALSE"
"17949","αὐτά","TRUE"
"17950",",","FALSE"
"17951","τούτων","TRUE"
"17952","οὔτε","TRUE"
"17953","τι","TRUE"
"17954","ἔστιν","TRUE"
"17955","οὔτε","TRUE"
"17956","φαίνεται","FALSE"
"17957","τἆ","FALSE"
"17958","λλα","FALSE"
"17959",",","FALSE"
"17960","ἓν","FALSE"
"17961","εἰ","TRUE"
"17962","μὴ","TRUE"
"17963","ἔστιν","TRUE"
"17964",".","FALSE"
"17965","ἀληθῆ","FALSE"
"17966",".","FALSE"
"17967","οὐκοῦν","FALSE"
"17968","καὶ","TRUE"
"17969","συλλήβδην","FALSE"
"17970","εἰ","TRUE"
"17971","εἴποιμεν","FALSE"
"17972",",","FALSE"
"17973","ἓν","FALSE"
"17974","εἰ","TRUE"
"17975","μὴ","TRUE"
"17976","ἔστιν","TRUE"
"17977",",","FALSE"
"17978","οὐδέν","TRUE"
"17979","ἐστιν","TRUE"
"17980",",","FALSE"
"17981","ὀρθῶς","FALSE"
"17982","ἂν","TRUE"
"17983","εἴποιμεν","FALSE"
"17984",";","FALSE"
"17985","παντάπασι","FALSE"
"17986","μὲν","TRUE"
"17987","οὖν","TRUE"
"17988",".","FALSE"
"17989","εἰρήσθω","FALSE"
"17990","τοίνυν","FALSE"
"17991","τοῦτό","TRUE"
"17992","τε","TRUE"
"17993","καὶ","TRUE"
"17994","ὅτι","TRUE"
"17995",",","FALSE"
"17996","ὡς","TRUE"
"17997","ἔοικεν","FALSE"
"17998",",","FALSE"
"17999","ἓν","FALSE"
"18000","εἴτʼ","FALSE"
"18001","ἔστιν","TRUE"
"18002","εἴτε","FALSE"
"18003","μὴ","TRUE"
"18004","ἔστιν","TRUE"
"18005",",","FALSE"
"18006","αὐτό","TRUE"
"18007","τε","TRUE"
"18008","καὶ","TRUE"
"18009","τἆ","FALSE"
"18010","λλα","FALSE"
"18011","καὶ","TRUE"
"18012","πρὸς","TRUE"
"18013","αὑτὰ","FALSE"
"18014","καὶ","TRUE"
"18015","πρὸς","TRUE"
"18016","ἄλληλα","FALSE"
"18017","πάντα","FALSE"
"18018","πάντως","FALSE"
"18019","ἐστί","TRUE"
"18020","τε","TRUE"
"18021","καὶ","TRUE"
"18022","οὐκ","TRUE"
"18023","ἔστι","TRUE"
"18024","καὶ","TRUE"
"18025","φαίνεταί","FALSE"
"18026","τε","TRUE"
"18027","καὶ","TRUE"
"18028","οὐ","TRUE"
"18029","φαίνεται","FALSE"
"18030",".","FALSE"
"18031","ἀληθέστατα","FALSE"
"18032",".","FALSE"
