"ID","TOKEN","LEMMA"
"1",".","."
"2","ΜΟΝΩΙΔΙΑ","ΜΟΝΩΙΔΙΑ"
"3","ΕΙΙΙ","ΕΙΙΙ"
"4","ΝΙΚΟΜΗΔΕΙΑΙ","ΝΙΚΟΜΗΔΕΙΑΙ"
"5",".","."
"6","εἶτα","εἶτα"
"7","Ὅμηρος","Ὅμηρος"
"8","μέν","μέν"
"9","οὐδὲ","οὐδέ"
"10","τὴν","ὁ"
"11","τοῦ","ὁ"
"12","φυτοῦ","φυτόν"
"13","φθο","φθο"
"14","ρὰν","ρὰν"
"15","ἄνευ","ἄνευ"
"16","τοῦ","ὁ"
"17","ἐλεῆσαι","ἐλεῆω"
"18","παρέδραμεν","παρατρέχω"
"19",",",","
"20","ἀλλ","ἀλλ"
"21","ὥσπερ","ὥσπερ"
"22","αὐτὸς","αὐτός"
"23","ὧν","ὅς"
"24","ὁ","ὁ"
"25","φυτευσάμενος","φυτευσάμενος"
"26","καὶ","καί"
"27","καμών","καμών"
"28",",",","
"29","εἶτα","εἶτα"
"30","ὀρῶν","ὄρος"
"31","ἐπὶ","ἐπί"
"32","γῆς","γῆ"
"33","ἐκ","ἐκ"
"34","τεταμένον","τείνω"
"35","οἷον","οἷος"
"36","εἰ","εἰ"
"37","θρῆνον","θρῆνος"
"38","εἰς","εἰς"
"39","τὸ","ὁ"
"40","ἔρνος","ἔρνος"
"41","ᾄδει","ἀείδω"
"42","·","·"
"43","ἐγὼ","ἐγώ"
"44","δέ","δέ"
"45","τὴν","ὁ"
"46","Νικομήδους","Νικομήδης"
"47","πόλιν","πόλις"
"48",",",","
"49","ἐν","ἐν"
"50","ᾗ","ὅς"
"51","λόγους","λόγος"
"52","μέν","μέν"
"53","οὖς","οὖς"
"54","εἶχον","ἔχω"
"55","ἐπηύξησα","πηυξέω"
"56",",",","
"57","φήμην","φήμη"
"58","δὲ","δέ"
"59","ἢν","ἐάν"
"60","οὐκ","οὐ"
"61","εἶχον","ἔχω"
"62","ἐπεκτησάμην","ἐπικτάομαι"
"63",",",","
"64","ταύ","ταύ"
"65","Ρ","Ρ"
"66",".","."
"67","Β","ΑΒΓ"
"68","Μ","Μ"
"69",".","."
"70","τὴν","ὁ"
"71","δὴ","δή"
"72","τὴν","ὁ"
"73","ἔναγχος","ἔναγχος"
"74","μὲν","μέν"
"75","πόλιν","πόλις"
"76",",",","
"77","νυνὶ","νυνί"
"78","δὲ","δέ"
"79","κόνιν","κόνις"
"80","σιγῇ","σιγή"
"81","δακρύσω","δακρύω"
"82",",",","
"83","τοῦτο","οὗτος"
"84","δὴ","δή"
"85","τὸ","ὁ"
"86","τῶν","ὁ"
"87","πολλῶν","πολύς"
"88",",",","
"89","ἢ","ἤ"
"90","καὶ","καί"
"91","λόγων","λόγος"
"92","αὐτῇ","αὐτός"
"93","μεταληπτέον","μεταληάομπι"
"94",",",","
"95","οὖς","οὖς"
"96","ἐξέθρεψε","ἐκτρέφω"
"97",";",";"
"98","πάντως","πάντως"
"99",",",","
"100","εἰ","εἰ"
"101","καὶ","καί"
"102","αὐλητὴς","αὐλητής"
"103","ἐτύγχανον","τυγχάνω"
"104","ὤν","οὖν"
"105",",",","
"106","νίκας","νίκη"
"107","αὐτόθι","αὐτόθι"
"108","πολλὰς","πολύς"
"109","ἀνῃρημένος","ἀναιρέω"
"110","ἐπ","ἐπ"
"111","αὐλήσει","αὐλέω"
"112","τοὺς","ὁ"
"113","ἄλλους","ἄλλος"
"114","ἂν","ἄν"
"115","ἀφεὶς","ἀφίημι"
"116","ὅπως","ὅπως"
"117","ἐδύναντο","δύναμαι"
"118","στένειν","στένω"
"119","γοερῷ","γοερῷ"
"120","μέλει","μέλει"
"121","τὸν","ὁ"
"122","θρῆνον","θρῆνος"
"123","ἐπλήρουν","πληρόω"
"124",".","."
"125","ἐξέστω","ἔξεστι"
"126","δή","δή"
"127","μοι","ἐγώ"
"128","καθάπερ","καθάπερ"
"129","παροῦσι","πάρειμι"
"130","τοῖς","ὁ"
"131","θεοῖς","θεός"
"132","διαλεχθῆναι","διαλέγομαι"
"133","καὶ","καί"
"134","εἰς","εἰς"
"135","εὐθύ","εὐθύς"
"136","νας","ναςς"
"137","ἀγαγεῖν","ἄγω"
"138","τῆς","ὁ"
"139","συμφορᾶς","συμφορά"
"140","τὸν","ὁ"
"141","λόγον","λόγος"
"142",".","."
"143","Οὐ","οὐ"
"144","σύ","σύ"
"145","ποτε","ποτε"
"146",",",","
"147","ὦ","ὦ"
"148","Πόσειδον","Ποσειδῶν"
"149",",",","
"150","ἐν","ἐν"
"151","Δῖός","Δῖός"
"152","Ι","Ι"
"153","μετὰ","μετά"
"154","τῶν","ὁ"
"155","ἄλλων","ἄλλος"
"156","συγκαθήμενος","συγκαθήμενος"
"157","δαιμόνων","δαίμων"
"158","δυσχεραίνων","δυσχεραίνω"
"159","τὸ","ὁ"
"160","τεῖχος","τεῖχος"
"161","τῶν","ὁ"
"162","Ἑλλήνων","Ἕλλην"
"163","ὃ","ὁ"
"164","προὐβάλοντο","προὐβάλω"
"165","τῶν","ὁ"
"166","νεῶν","ναῦς"
"167","ἐν","ἐν"
"168","Ἰλίῳ","Ἴλιος"
"169","τοῦτο","οὗτος"
"170","μέγιστον","μέγας"
"171","αὐτῶν","αὐτός"
"172","κατηγόρεις","κατηγορέω"
"173",",",","
"174","ὅτι","ὅτι"
"175","θεῶν","θεός"
"176","ἀμελήσαν","ἀμελήσαν"
"177","τες","τες"
"178","ἐβάλοντο","βάλλω"
"179","κρηπῖδα","κρηπίς"
"180",",",","
"181","καὶ","καί"
"182","διὰ","διά"
"183","τοῦτό","οὗτος"
"184","γε","γε"
"185","εὖ","εὖ"
"186","ποιῶν","ποιέω"
"187",",",","
"188","ἐπειδὴ","ἐπειδή"
"189","ἤλω","ἤλω"
"190","τὸ","ὁ"
"191","Ἴλιον","Ἴλιος"
"192",",",","
"193","ᾠήθης","οἴομαι"
"194","χρῆναι","χρή"
"195","καὶ","καί"
"196","τὸ","ὁ"
"197","τεῖχος","τεῖχος"
"198","ἀνε","ἀνε"
"199","λεῖν","λέω"
"200",",",","
"201","καὶ","καί"
"202","ῥᾳδίως","ῥᾴδιος"
"203","τοῦτο","οὗτος"
"204","ἔπραττες","πράσσω"
"205","κελεύσας","κελεύω"
"206","εἰς","εἰς"
"207","αὐτὸ","αὐτός"
"208","τοὺς","ὁ"
"209","ποταμοὺς","ποταμός"
"210","ἐμβαλεῖν","ἐμβάλλω"
"211",",",","
"212","οἱ","ὁ"
"213","ἀπὸ","ἀπό"
"214","τῆς","ὁ"
"215","Ἴδης","Ἴδη"
"216","ὥρμων","ὁρμάω"
"217",";",";"
"218","τί","τίς"
"219","δὴ","δή"
"220","τῷ","ὁ"
"221","ταύτης","οὗτος"
"222","οἰκισμᾷ","οἰκισμᾷ"
"223","μεμφόμενος","μέμφομαι"
"224","παραπλήσιον","παραπλήσιος"
"225","βουλὴν","βουλή"
"226","ἐβούλευσας","βουλεύω"
"227",";",";"
"228","οὐχ","οὐ"
"229","ὁ","ὁ"
"230","μὲν","μέν"
"231","πρῶτος","πρῶτος"
"232","οἰκιστὴς","οἰκιστής"
"233","ἑτέρωθι","ἑτέρωθι"
"234","πολίζειν","πολίζω"
"235","ἐπιχειρῶν","ἐπιχειρέω"
"236","ἀπαντικρὺ","ἀπαντικρύ"
"237","τῆς","ὁ"
"238","νῦν","νῦν"
"239","οὔσης","εἰμί"
"240",",",","
"241","μᾶλλον","μᾶλλον"
"242","δὲ","δέ"
"243","τῆς","ὁ"
"244","οὐκέτ","οὐκέτ"
"245","οὔσης","εἰμί"
"246",",",","
"247","ἀφ","ἀφ"
"248","ὑμῶν","ὑμεῖς"
"249","ἤρχετο","ἔρχομαι"
"250","τοῦ","ὁ"
"251","ἔργου","ἔργον"
"252",",",","
"253","καὶ","καί"
"254","ἦν","εἰμί"
"255","ἱερεῖά","ἱερεῖον"
"256","τε","τε"
"257","ἐπὶ","ἐπί"
"258","βωμοῖς","βωμός"
"259","καὶ","καί"
"260","περὶ","περί"
"261","τοῖς","ὁ"
"262","βωμοῖς","βωμός"
"263","ὅμιλος","ὅμιλος"
"264",",",","
"265","ὑμεῖς","ὑμεῖς"
"266","δὲ","δέ"
"267","μετεστήσατε","μετεστέω"
"268","τὴν","ὁ"
"269","σπουδὴν","σπουδή"
"270","ἐπὶ","ἐπί"
"271","τὸν","ὁ"
"272","ὄχθον","ὄχθος"
"273","ἀετῷ","ἀετός"
"274","τε","τε"
"275","καὶ","καί"
"276","δράκοντι","δράκω"
"277",";",";"
"278","ὧν","ὅς"
"279","ὁ","ὁ"
"280","μὲν","μέν"
"281","ἱερείου","ἱερεῖον"
"282","κεφαλὴν","κεφαλή"
"283","ἐκ","ἐκ"
"284","τοῦ","ὁ"
"285","πυρὸς","πῦρ"
"286","τοῖς","ὁ"
"287","ποσὶν","πούς"
"288","ἁρπάσας","ἁρπάζω"
"289",",",","
"290","ὁ","ὁ"
"291","δὲ","δέ"
"292","ἐκ","ἐκ"
"293","γῆς","γῆ"
"294","ἀναδὺς","ἀναδύομαι"
"295","μέγας","μέγας"
"296","τε","τε"
"297","καὶ","καί"
"298","ὁπόσον","ὁπόσος"
"299","ἡ","ὁ"
"300","Ἰνδῶν","Ἰνδός"
"301","λέγεται","λέγω"
"302","βόσκειν","βόσκω"
"303",",",","
"304","ὁ","ὁ"
"305","μὲν","μέν"
"306","τὸν","ὁ"
"307","ἀέρα","ἀήρ"
"308","τεμών","τέμνω"
"309",",",","
"310","ὁ","ὁ"
"311","δέ","δέ"
"312","τὴν","ὁ"
"313","θάλατταν","θάλασσα"
"314",",",","
"315","συγκαταίρουσιν","συγκαταίρω"
"316","εἰς","εἰς"
"317","τὸν","ὁ"
"318","λόφον","λόφος"
"319",",",","
"320","οἱ","ὁ"
"321","δὲ","δέ"
"322","εἵποντο","ἕπομαι"
"323","θεοῖς","θεός"
"324","ἕπεσθαι","ἕπομαι"
"325","χειραγω","χειραγω"
"326","γοῖς","γός"
"327","ἡγούμενοι","ἡγέομαι"
"328",".","."
"329","τὰ","ὁ"
"330","δὲ","δέ"
"331","ἣν","ὅς"
"332","ἄρα","ἆρα"
"333","πάντα","πᾶς"
"334","ἀπάτη","ἀπάτη"
"335",".","."
"336","κατα","κατά"
"337","κλύζεται","κλύζεται"
"338","δὴ","δή"
"339","τὸ","ὁ"
"340","πρῶτον","πρῶτος"
"341","πολέμου","πόλεμος"
"342","κύματι","κῦμα"
"343",".","."
"344","ἔστω","εἰμί"
"345","τοῦτο","οὗτος"
"346",",",","
"347","καὶ","καί"
"348","γὰρ","γάρ"
"349","Κόρινθος","Κόρινθος"
"350","ἢν","ἐάν"
"351","ἔσχες","ἔχω"
"352","καὶ","καί"
"353","γῆ","γῆ"
"354","Κέκροπος","Κέκροψ"
"355","ἧς","ὅς"
"356","ἡρά","ἡρά"
"357","σθης","σθημι"
"358",".","."
"359","ἀφικνεῖται","ἀφικνέομαι"
"360","δεύτερος","δεύτερος"
"361","οἰκιστὴς","οἰκιστής"
"362","μάλιστα","μάλα"
"363","δὴ","δή"
"364","βασι","βυ"
"365","λέων","λέων"
"366","θεοὺς","θεός"
"367","ἡγεμόνας","ἡγεμών"
"368","ποιούμενος","ποιέω"
"369",",",","
"370","ὃς","ὅς"
"371","μεγέθει","μέγεθος"
"372","θυ","θυ"
"373","σίας","σία"
"374","ὑπερβαλόμενος","ὑπερβάλλω"
"375","Κροῖσον","Κροῖσος"
"376","ὑμῶν","ὑμεῖς"
"377","νευσάντων","νευσάντων"
"378","ἐπην","ἐπη"
"379","ὤρθου","ὀρθόω"
"380","τὸ","ὁ"
"381","ἄστυ","ἄστυ"
"382",".","."
"383","τῆς","ὁ"
"384","ποίας","ποῖος"
"385","δὴ","δή"
"386","δίκην","δίκη"
"387","ὀλιγωρίας","ὀλιγωρία"
"388","ὦφλεν","ὀφλισκάνω"
"389",",",","
"390","ὥσπερ","ὥσπερ"
"391","ἡ","ὁ"
"392","Αἰτωλῶν","Αἰτωλός"
"393","γῆ","γῆ"
"394","τῆς","ὁ"
"395","Οἰνέως","Οἰνεύς"
"396",";",";"
"397","καλὸν","καλός"
"398","οὖν","οὖν"
"399","ἢ","ἤ"
"400","κατὰ","κατά"
"401","θεῶν","θεός"
"402","τρόπον","τρόπος"
"403","ὧν","ὅς"
"404","συνεφάπτεσθε","συνεφάπτω"
"405","ποιημά","ποιημά"
"406","των","των"
"407","ἀνθρώποις","ἄνθρωπος"
"408",",",","
"409","ταῦτα","οὗτος"
"410","ταῖς","ὁ"
"411","ὑμετέραις","ὑμέτερος"
"412","χερσὶ","χείρ"
"413","διαχεῖν","διαχέω"
"414","καὶ","καί"
"415","μιμεῖσθαι","μιμέομαι"
"416","τὰ","ὁ"
"417","παίδων","παῖς"
"418","οἷς","ὅς"
"419","ἄθυρμα","ἄθυρμα"
"420","τοῦτο","οὗτος"
"421","εὕρηται","εὑρίσκω"
"422","τὸ","ὁ"
"423","διαφθείρειν","διαφθείρω"
"424","ἃ","ὅς"
"425","πεποιήκασιν","ποιέω"
"426",";",";"
"427","ἐκεῖνο","ἐκεῖνος"
"428","δὲ","δέ"
"429","καλόν","καλός"
"430",",",","
"431","ὦ","ὦ"
"432","Πό","Πό"
"433","σειδον","σειδος"
"434",",",","
"435","ὑπέρ","ὑπέρ"
"436","μὲν","μέν"
"437","τῆς","ὁ"
"438","Ἀττικῆς","Αττική"
"439","οὔπω","οὔπω"
"440","πόλεως","πόλις"
"441","αὐτόθι","αὐτόθι"
"442","ἰσχυούσης","ἰσχύω"
"443","δι","δι"
"444","ἔριδος","ἔρις"
"445","ἐλθεῖν","ἔρχομαι"
"446","πρὸς","πρός"
"447","τὸ","ὁ"
"448","γένος","γένος"
"449","καὶ","καί"
"450","ἐν","ἐν"
"451","ἀκροπόλει","ἀκρόπολις"
"452","τοσοῦτον","τοσοῦτος"
"453","ἀπεχούσῃ","ἀπεχούω"
"454","θαλάττης","θάλασσα"
"455","ῥόθιον","ῥόθιος"
"456","δεῖξαι","δείκνυμι"
"457",",",","
"458","πόλεως","πόλις"
"459","δέ","δέ"
"460","τοσαύτης","τοσοῦτος"
"461","τε","τε"
"462","καὶ","καί"
"463","τοιαύτης","τοιοῦτος"
"464","μὴ","μή"
"465","ὅπως","ὅπως"
"466","ἔρωτα","ἔρως"
"467","λαβεῖν","λαμβάνω"
"468",",",","
"469","ἀλλὰ","ἀλλά"
"470","καὶ","καί"
"471","ὑποσπάσαι","ὑποσπάσαι"
"472","τὸ","ὁ"
"473","βάθρον;.","βάθρον;."
"474","Τίς","τίς"
"475","γὰρ","γάρ"
"476","ἐκείνης","ἐκεῖνος"
"477",",",","
"478","μείζων","μέγας"
"479","μὲν","μέν"
"480","οὐκ","οὐ"
"481","ἂν","ἄν"
"482","εἴποιμι","λέγω"
"483",",",","
"484","καλλίων","καλός"
"485","δέ","δέ"
"486",";",";"
"487","μέτρῳ","μέτρον"
"488","μὲν","μέν"
"489","γὰρ","γάρ"
"490","τεττάρων","τέσσαρες"
"491","ἐλείπετο","λείπω"
"492","τοσοῦ","τοσός"
"493","τὸν","ὁ"
"494","ἀτιμάσασα","ἀτιμάζω"
"495","τοῦ","ὁ"
"496","μεγέθους","μέγεθος"
"497","ὅσον","ὅσος"
"498","ἔμελλε","μέλλω"
"499","λυπήσειν","λυπήσω"
"500","τῶν","ὁ"
"501","οἰκητόρων","οἰκήτωρ"
"502","τοὺς","ὁ"
"503","πόδας","πούς"
"504",",",","
"505","εἰς","εἰς"
"506","δέ","δέ"
"507","κάλλους","κάλλος"
"508","λόγον","λόγος"
"509","τὰς","ὁ"
"510","μὲν","μέν"
"511","ἀπέλειπε","ἀπολείπω"
"512",",",","
"513","ταῖς","ὁ"
"514","δὲ","δέ"
"515","ἐξισοῦτο","ξισόω"
"516",",",","
"517","πάντως","πάντως"
"518","δὲ","δέ"
"519","οὐκ","οὐ"
"520","ἐκρα","ἐκρα"
"521","τεῖτο","τεῖτο"
"522","δεχομένη","δέχομαι"
"523","μὲν","μέν"
"524","ταῖς","ὁ"
"525","ἀγκάλαις","ἀγκάλη"
"526","τὴν","ὁ"
"527","θάλατταν","θάλασσα"
"528",",",","
"529","εἰσιοῦσα","εἴσειμι"
"530","δὲ","δέ"
"531","εἰς","εἰς"
"532","τὴν","ὁ"
"533","θάλατταν","θάλασσα"
"534","ταῖς","ὁ"
"535","ἄκραις","ἄκρος"
"536",",",","
"537","ἐπιβαίνουσα","ἐπιβαίνω"
"538","μὲν","μέν"
"539","τῆς","ὁ"
"540","χηλῆς","χηλή"
"541",",",","
"542","ἀναβαίνουσα","ἀναβαίνω"
"543","δὲ","δέ"
"544","ἐπὶ","ἐπί"
"545","τὸν","ὁ"
"546","λόφον","λόφος"
"547",",",","
"548","στοῶν","στοέω"
"549","δύο","δύο"
"550","δυάσι","δυάς"
"551","διειλημμένη","διαλαμβάνω"
"552","διηκούσαις","διηκούση"
"553","τοῦ","ὁ"
"554","παντός","πᾶς"
"555",",",","
"556","λάμπουσα","λάμπω"
"557","μὲν","μέν"
"558","δημοσίοις","δημόσιος"
"559","κατασκευάσμασι","κατασκεύασμα"
"560",",",","
"561","τοῖς","ὁ"
"562","δὲ","δέ"
"563","ἰδίοις","ἴδιος"
"564","συνεχὴς","συνεχής"
"565","ἐκ","ἐκ"
"566","τῶν","ὁ"
"567","ὑπτίων","ὕπτιος"
"568","ἐπὶ","ἐπί"
"569","τὴν","ὁ"
"570","ἄκραν","ἄκρα"
"571","οἷον","οἷος"
"572","κυπαρίττου","κυπάρισσος"
"573","κλάδοι","κλάδος"
"574","ἄλλος","ἄλλος"
"575","ἐπ","ἐπ"
"576","ἄλλῳ","ἄλλος"
"577",",",","
"578","νάμασι","νάμα"
"579","διαρρεομένη","διαρρεάο"
"580",",",","
"581","κήποις","κῆπος"
"582","δορυφο","δορυφο"
"583","ρουμένη","ρουμένη"
"584",".","."
"585","Ι","Ι"
"586","βουλευτήρια","βουλευτήριον"
"587","δὲ","δέ"
"588","καὶ","καί"
"589","χωρία","χωρίον"
"590","λόγων","λόγος"
"591","καὶ","καί"
"592","ἱερῶν","ἱερόν"
"593","πλῆθος","πλῆθος"
"594","καὶ","καί"
"595","λουτρῶν","λουτρόν"
"596","μεγέθη","μέγεθος"
"597","καὶ","καί"
"598","λιμένος","λιμήν"
"599","καιρὸν","καιρός"
"600","εἶδον","ὁράω"
"601","μέν","μέν"
"602",",",","
"603","δηλῶσαι","δηλόω"
"604","δὲ","δέ"
"605","οὐκ","οὐ"
"606","ἂν","ἄν"
"607","δυναίμην","δύναμαι"
"608",".","."
"609","πλὴν","πλήν"
"610","τοσοῦτόν","τοσοῦτος"
"611","γε","γε"
"612","ἐρῶ","λέγω"
"613",",",","
"614","ὅτι","ὅτι"
"615","φοιτῶντες","φοιτάω"
"616","ἐκ","ἐκ"
"617","Νικαίας","Νίκαια"
"618","ἐκεῖσε","ἐκεῖσε"
"619","διὰ","διά"
"620","μὲν","μέν"
"621","τῆς","ὁ"
"622","ἄλλης","ἄλλος"
"623","ἰόντες","εἶμι"
"624","ὑπέρ","ὑπέρ"
"625","τε","τε"
"626","τῶν","ὁ"
"627","δένδρων","δένδρον"
"628","ἐποιούμεθα","ποιέω"
"629","λόγους","λόγος"
"630","καὶ","καί"
"631","τῆς","ὁ"
"632","γῆς","γῆ"
"633","πρὸς","πρός"
"634","ὅτου","ὅστις"
"635","φορὰν","φορά"
"636","ἀγαθὴ","ἀγαθός"
"637","οἰκείων","οἰκεῖος"
"638","τε","τε"
"639","πέρι","περί"
"640","καὶ","καί"
"641","φίλων","φίλος"
"642","καὶ","καί"
"643","παλαιᾶς","παλαιός"
"644","σοφίας","σοφία"
"645",",",","
"646","παραμείψαντες","παραμείπω"
"647","δὲ","δέ"
"648","τῶν","ὁ"
"649","ὀρῶν","ὄρος"
"650","τοὺς","ὁ"
"651","ἑλιγμούς","ἑλιγμός"
"652",",",","
"653","ἐπεὶ","ἐπεί"
"654","φανείη","φαίνω"
"655","τὸ","ὁ"
"656","ἄστυ","ἄστυ"
"657",",",","
"658","τοῦτο","οὗτος"
"659","δὲ","δέ"
"660","ἐγίγνετο","γίγνομαι"
"661","τῆς","ὁ"
"662","ἀποστάσεως","ἀπόστασις"
"663","ἐν","ἐν"
"664","πεντήκοντα","πεντήκοντα"
"665","σταδίοις","στάδιον"
"666","οὔσης","εἰμί"
"667","καὶ","καί"
"668","ἑκατόν","ἑκατόν"
"669",",",","
"670","ὁπότ᾿","ὁπότ᾿"
"671","οὖν","οὖν"
"672","ἐκλάμψειε","ἐκλάμπω"
"673",",",","
"674","περὶ","περί"
"675","μὲν","μέν"
"676","τῶν","ὁ"
"677","ἄλλων","ἄλλος"
"678","σιγὴ","σιγή"
"679","ἣν","ὅς"
"680",",",","
"681","ὁ","ὁ"
"682","λόγος","λόγος"
"683","δὲ","δέ"
"684","ἅπας","ἅπας"
"685","ἡ","ὁ"
"686","πόλις","πόλις"
"687",".","."
"688","καὶ","καί"
"689","οὔτε","οὔτε"
"690","καρ","καρ"
"691","ποὶ","πός"
"692","πρὸς","πρός"
"693","αὐτούς","αὐτός"
"694","εἷλκον","ἕλκω"
"695","αἰωρούμενοι","αἰωρέω"
"696","τοῖς","ὁ"
"697","κλάδοις","κλάδος"
"698",",",","
"699","οὐ","οὐ"
"700","νῶτα","νῶτον"
"701","ληίων","ληῖος"
"702",",",","
"703","οὐ","οὐ"
"704","θαλάττης","θάλασσα"
"705","ἐργάται","ἐργάτης"
"706",",",","
"707","καίτοι","καίτοι"
"708","πέφυκέ","φύω"
"709","πως","πως"
"710","ὁδοιπόρων","ὁδοιπόρος"
"711","ὀφθαλμὸν","ὀφθαλμός"
"712","ἐπισπάσασθαι","ἐπισπάω"
"713","θαλαττουργὸς","θαλαττουργός"
"714","καὶ","καί"
"715","κώπην","κώπη"
"716","ἀναφέρων","ἀναφέρω"
"717","καὶ","καί"
"718","δίκτυον","δίκτυον"
"719","ἀφιεὶς","ἀφίημι"
"720","καὶ","καί"
"721","δι","δι"
"722","ἀγκίστρων","ἀγκίστρω"
"723","ἐπιβουλεύων","ἐπιβουλεύω"
"724","ἰχθύσιν","ἰχθύς"
"725",",",","
"726","ἀλλ","ἀλλ"
"727","ἦν","εἰμί"
"728","δεινοτέρα","δεινός"
"729","γοητεῦσαι","γοητεῦω"
"730","τῆς","ὁ"
"731","πόλεως","πόλις"
"732","ἡ","ὁ"
"733","μορφή","μορφή"
"734",".","."
"735","καὶ","καί"
"736","τυραννεύουσα","τυραννεύω"
"737","τῷ","ὁ"
"738","κάλλει","κάλλος"
"739","τῶν","ὁ"
"740","ὀμμάτων","ὄμμα"
"741","μίαν","εἷς"
"742","αὐτοῖς","αὐτός"
"743","εἰργάζετο","ἐργάζομαι"
"744","τάσιν","τάσις"
"745","τὴν","ὁ"
"746","πρὸς","πρός"
"747","αὐτήν","αὐτός"
"748",".","."
"749","ἴσον","ἴσος"
"750","δέ","δέ"
"751","τὸ","ὁ"
"752","πάθος","πάθος"
"753","τῷ","ὁ"
"754","τε","τε"
"755","πρῶτον","πρῶτος"
"756","ὁρῶντι","ὁράω"
"757","καὶ","καί"
"758","ὅστις","ὅστις"
"759","ἐνεγήρα","νεγηράω"
"760","τῇ","ὁ"
"761","πόλει","πόλις"
"762",".","."
"763","ἐδείκνυ","ἐδιίκνυμι"
"764","δ","ΑΒΓ"
"765","ἂν","ἄν"
"766","οὑτωσὶ","οὕτως"
"767","τῷ","ὁ"
"768","πέλας","πέλας"
"769","ὁ","ὁ"
"770","μὲν","μέν"
"771","βασίλειον","βασίλειος"
"772","ἐπαστράπτον","ἐπαστράπτος"
"773","τῷ","ὁ"
"774","κόλπῳ","κόλπος"
"775",",",","
"776","ὁ","ὁ"
"777","δέ","δέ"
"778","θέατρον","θέατρον"
"779","ὑπερλάμπον","ὑπερλάμπος"
"780","τῆς","ὁ"
"781","ὅλης","ὅλος"
"782",",",","
"783","ἄλλος","ἄλλος"
"784","δὲ","δέ"
"785","ἄλλας","ἄλλος"
"786","ἀλλα","ἀλλον"
"787","χόθεν","χό"
"788","ἐκπεμπομένας","ἐκπέμπω"
"789","αὐγάς","αὐγή"
"790",".","."
"791","ὁ","ὁ"
"792","δέ","δέ"
"793","ἐνίκα","νικάω"
"794",",",","
"795","χαλεπὸν","χαλεπός"
"796","ἦν","εἰμί"
"797","εὑρεῖν","εὑρίσκω"
"798",".","."
"799","ὥστε","ὥστε"
"800","ὥσπερ","ὥσπερ"
"801","ἄγαλμα","ἄγαλμα"
"802","σεβόμενοι","σεβόμενος"
"803","προσηλαύνομεν","προσηλαύνω"
"804",".","."
"805","χωροῦντι","χωροῦς"
"806","δὲ","δέ"
"807","ἐπὶ","ἐπί"
"808","Χαλκηδόνος","Καλχηδών"
"809","μεταστρέφεσθαί","μεταστρέφω"
"810","τε","τε"
"811","ἣν","ὅς"
"812","ἀνάγκη","ἀνάγκη"
"813",",",","
"814","μέχρι","μέχρι"
"815","τὴν","ὁ"
"816","θέαν","θέα"
"817","ἡ","ὁ"
"818","φύσις","φύσις"
"819","ἀφῃρεῖτο","ἀφαιρέω"
"820","τῆς","ὁ"
"821","ὀδοῦ","οὐδός"
"822",",",","
"823","καὶ","καί"
"824","ἐοικέναι","ἔοικα"
"825","τοῖς","ὁ"
"826","ἑορτῆς","ἑορτή"
"827","πεπαυμένοις","παύω"
"828",".","."
"829","Τὴν","ὁ"
"830","δὴ","δή"
"831","τοιάνδε","τοιόσδε"
"832","πῶς","πῶς"
"833","οὐ","οὐ"
"834","πάντα","πᾶς"
"835","τῶν","ὁ"
"836","θεῶν","θεός"
"837","τὸν","ὁ"
"838","χορὸν","χορός"
"839","ἐχρῆν","χρή"
"840","περιστάντα","περιστάντα"
"841","φρουρεῖν","φρουρέω"
"842","παραγγέλλοντας","παραγγέλλοντης"
"843","ἀλ","ἀλ"
"844","λήλοις","λήλω"
"845","προσέχειν","προσέχω"
"846","τὸν","ὁ"
"847","νοῦν","νόος"
"848","ὅπως","ὅπως"
"849","μηδενὶ","μηδείς"
"850","γένοιτο","γίγνομαι"
"851","παρα","παρον"
"852","δῦναι","δύω"
"853","κακῷ","κακός"
"854",";",";"
"855","νῦν","νῦν"
"856","δὲ","δέ"
"857","οἱ","ὁ"
"858","μὲν","μέν"
"859","ἐπέθεντο","ἐπιτίθημι"
"860",",",","
"861","οἱ","ὁ"
"862","δὲ","δέ"
"863","ὐπεχώρη","ὐπεχώρη"
"864","σαν","σάν"
"865",",",","
"866","ἤμυνε","ἀμύνω"
"867","δὲ","δέ"
"868","οὐδείς","οὐδείς"
"869",".","."
"870","καὶ","καί"
"871","ταῦτα","οὗτος"
"872","πάντα","πᾶς"
"873","ἃ","ὅς"
"874","διῆλθον","διέρχομαι"
"875","ἣν","ὅς"
"876","ποτε","ποτε"
"877",".","."
"878","νῦν","νῦν"
"879","δ","ΑΒΓ"
"880","οὐκ","οὐ"
"881","ἔστιν","εἰμί"
"882",".","."
"883","Ὢ","Ὢ"
"884","δαίμονος","δαίμων"
"885",",",","
"886","οἷον","οἷος"
"887","τῆς","ὁ"
"888","οἰκουμένης","οἰκουμένη"
"889","ἀπήνεγκε","ἀποφέρω"
"890","βόστρυχον","βόστρυχος"
"891",".","."
"892","ὡς","ὡς"
"893","ἐξετύφλωσέ","ἐξετύφλωσέ"
"894","γε","γε"
"895","τὴν","ὁ"
"896","ἑτέραν","ἕτερος"
"897","ἤπειρον","ἤπειρος"
"898","γενναῖον","γενναῖος"
"899","ἐκκόψας","ἐκκόπτω"
"900","ὀφθαλμόν","ὀφθαλμός"
"901",".","."
"902","ὡς","ὡς"
"903","δεινὴν","δεινός"
"904","κατέχεε","κατέχεε"
"905","τῇς","ὁ"
"906","Ἀσίας","Ἀσία"
"907","ἀμορφίαν","ἀμορφία"
"908","οἷον","οἷος"
"909","ἄλσους","ἄλσος"
"910","τὸ","ὁ"
"911","μήκιστον","μήκιστος"
"912","ἐκτεμὼν","ἐκτέμνω"
"913","ἢ","ἤ"
"914","οἷον","οἷος"
"915","μορφῆς","μορφή"
"916","τῆς","ὁ"
"917","καλλίστης","καλός"
"918","ῥῖνα","ῥίς"
"919","περιτεμών","περιτεμών"
"920",".","."
"921","ὢ","ὦ"
"922","σεισμῶν","σεισμός"
"923","ἀδικώτατε","ἀδικώτω"
"924",",",","
"925","τί","τίς"
"926","τοῦτο","οὗτος"
"927","ἔδρασας","δράω"
"928",";",";"
"929","ὢ","ὦ"
"930","πόλεως","πόλις"
"931","ἀπελθούσης","ἀπελθούσης"
"932",".","."
"933","ὢ","ὦ"
"934","προσηγορίας","προσηγορία"
"935","εἰκῆ","εἰκῇ"
"936","μενούσης","μένω"
"937",".","."
"938","ὢ","ὦ"
"939","διὰ","διά"
"940","γῆς","γῆ"
"941","καὶ","καί"
"942","θαλάττης","θάλασσα"
"943","ἀλγηδόνος","ἀλγηδών"
"944","δραμούσης","δραμούσης"
"945",".","."
"946","ὢ","ὦ"
"947","φήμης","φήμη"
"948","ἢ","ἤ"
"949","πάσης","πᾶς"
"950","μὲν","μέν"
"951","ἡλικίας","ἡλικία"
"952",",",","
"953","πάσης","πᾶς"
"954","δὲ","δέ"
"955","τύχης","τύχη"
"956","ἔσεισε","ἔσεισε"
"957","τὴν","ὁ"
"958","καρδίαν","καρδία"
"959",".","."
"960","τίς","τίς"
"961","οὕτω","οὕτως"
"962","λί","λί"
"963","θινος","θινος"
"964",",",","
"965","τίς","τίς"
"966","ἀδαμάντινος","ἀδαμάντινος"
"967","ὅτῳ","ὅστις"
"968","μὴ","μή"
"969","τὴν","ὁ"
"970","ψυχὴν","ψυχή"
"971","ἔτρωσεν","τιτρώσκω"
"972","ὁ","ὁ"
"973","λόγος","λόγος"
"974",";",";"
"975","τίς","τίς"
"976","οὕτω","οὕτως"
"977","κρείττων","κρείσσων"
"978","δακρύων","δάκρυον"
"979","ὃς","ὅς"
"980","οὐκ","οὐ"
"981","ἔπεσεν","πίπτω"
"982","εἰς","εἰς"
"983","δάκρυα","δάκρυον"
"984",";",";"
"985","ὤ","ὦ"
"986","παθήματος","πάθημα"
"987","μυρία","μυρίος"
"988","κάλλη","κάλλος"
"989","τῆς","ὁ"
"990","πόλεως","πόλις"
"991","εἰς","εἰς"
"992","ἐν","ἐν"
"993","χῶμα","χῶμα"
"994","κεράσαντος","κεράσανς"
"995",".","."
"996","ὃ","ὁ"
"997","δυστυχοῦς","δυστυχής"
"998","ἀκτῖνος","ἀκτίς"
"999",",",","
"1000","οἴαν","οἴαν"
"1001","μὲν","μέν"
"1002","προσ","προσ"
"1003","έβαλε","βάλλω"
"1004","τὴν","ὁ"
"1005","πόλιν","πόλις"
"1006","ἀνασχοῦσα","ἀνασχέω"
"1007",",",","
"1008","οἴαν","οἴαν"
"1009","δὲ","δέ"
"1010","ἀφεῖσα","ἀφίημι"
"1011","κατέδυ;.","κατέδυ;."
"1012","Μικρὸν","μικρός"
"1013","μὲν","μέν"
"1014","ἀπ","ἀπ"
"1015","·","·"
"1016","εῖχεν","εῖχω"
"1017","ἡμέρα","ἡμέρα"
"1018","περὶ","περί"
"1019","πλήθουσαν","πλήθω"
"1020","ἀγορὰν","ἀγορά"
"1021","εἶναι","εἰμί"
"1022",",",","
"1023","θεοὶ","θεός"
"1024","δέ","δέ"
"1025","φύλακες","φύλαξ"
"1026","τῆς","ὁ"
"1027","πόλεως","πόλις"
"1028","τοὺς","ὁ"
"1029","νεὼς","ναός"
"1030","ἐξελελοίπεσαν","ἐκλείπω"
"1031",",",","
"1032","ἡ","ὁ"
"1033","δέ","δέ"
"1034","ἐφέρετο","φέρω"
"1035","καθάπερ","καθάπερ"
"1036","ναῦς","ναῦς"
"1037","ἐρήμη","ἐρῆμος"
"1038",".","."
"1039","τῆς","ὁ"
"1040","τριαίνης","τρίαινα"
"1041","δέ","δέ"
"1042","ὁ","ὁ"
"1043","δεσπότης","δεσπότης"
"1044","κινεῖ","κινέω"
"1045","μὲν","μέν"
"1046","τὴν","ὁ"
"1047","γῆν","γῆ"
"1048",",",","
"1049","κυκᾷ","κυκᾷ"
"1050","δὲ","δέ"
"1051","τὴν","ὁ"
"1052","θάλατταν","θάλασσα"
"1053",".","."
"1054","καὶ","καί"
"1055","αἰ","εἰ"
"1056","ῥίζαι","ῥίζα"
"1057","τῇ","ὁ"
"1058","πόλει","πόλις"
"1059","οὐκέτι","οὐκέτι"
"1060","ἐπεπή","ἐπεπή"
"1061","γεσαν","γεσα"
"1062",",",","
"1063","ἀλλά","ἀλλά"
"1064","τοῖχοί","τοῖχος"
"1065","τε","τε"
"1066","τοίχοις","τοῖχος"
"1067","προσέπιπτον","προσπίπτω"
"1068","κίονές","κίων"
"1069","τε","τε"
"1070","κίοσιν","κίοσις"
"1071","ὀροφαί","ὀροφαι"
"1072","τε","τε"
"1073","κατέρρεον","κατέρρεος"
"1074","θεμέλιοί","θεμέλιος"
"1075","τε","τε"
"1076","ἐξεπήδων","ἐκπηδάω"
"1077",".","."
"1078","καὶ","καί"
"1079","πάντα","πᾶς"
"1080","ἐταράττετο","ταράσσω"
"1081",".","."
"1082","ἀνεφαίνετο","ἀναφαίνω"
"1083","μὲν","μέν"
"1084","τὸ","ὁ"
"1085","κρυπτό","κρυπτό"
"1086","μενον","μενος"
"1087",",",","
"1088","τὸ","ὁ"
"1089","φαινόμενον","φαίνω"
"1090","δὲ","δέ"
"1091","ἀπεκρύπτετο","ἀποκρύπτω"
"1092",".","."
"1093","σχήματα","σχῆμα"
"1094","δὲ","δέ"
"1095","ἐκεῖνα","ἐκεῖνος"
"1096","καὶ","καί"
"1097","ἄρθρα","ἄρθρον"
"1098","καὶ","καί"
"1099","τὸ","ὁ"
"1100","διὰ","διά"
"1101","τῶν","ὁ"
"1102","μερῶν","μέρος"
"1103","συμπληρού","συμπληρού"
"1104","μενον","μενον"
"1105","εἶδος","εἶδος"
"1106","πάντα","πᾶς"
"1107","ἡ","ὁ"
"1108","προσβολὴ","προσβολή"
"1109","πρὸς","πρός"
"1110","μίαν","εἷς"
"1111","ἀνεμίγνυ","ἀνεμίγνυμι"
"1112","σύγχυσιν","σύγχυσις"
"1113",".","."
"1114","οἱ","ὁ"
"1115","δὲ","δέ"
"1116","ἄνθρωποι","ἄνθρωπος"
"1117","πρὸς","πρός"
"1118","ἔργοις","ἔργον"
"1119","ὄντες","εἰμί"
"1120","ἐβάλ","ἐβάλ"
"1121","λοντο","λω"
"1122","κοινοῖς","κοινός"
"1123","τε","τε"
"1124","καὶ","καί"
"1125","ἰδίοις","ἴδιος"
"1126","οἰκοδομήμασιν","οἰκοδόμημα"
"1127",".","."
"1128","ἐπὶ","ἐπί"
"1129","μὲν","μέν"
"1130","τῷ","ὁ"
"1131","λιμένι","λιμήν"
"1132","φόνος","φόνος"
"1133","ἐγίνετο","γίγνομαι"
"1134","πολύς","πολύς"
"1135","τε","τε"
"1136","καὶ","καί"
"1137","ἀγαθῶν","ἀγαθός"
"1138","περὶ","περί"
"1139","τὸν","ὁ"
"1140","ἄρχοντα","ἄρχων"
"1141","δὴ","δή"
"1142","τῶν","ὁ"
"1143","λογάδων","λογάς"
"1144","ἡθροισμένων","ἀθροίζω"
"1145",".","."
"1146","θέατρον","θέατρον"
"1147","δέ","δέ"
"1148","ἀπορραγέν","ἀπορρήγνυμι"
"1149","ὅσον","ὅσος"
"1150","ἐπέσχε","ἐπέχω"
"1151","κατήνεγκε","καταφέρω"
"1152",".","."
"1153","τὸ","ὁ"
"1154","δὲ","δέ"
"1155","ἀεὶ","ἀεί"
"1156","κατα","κατά"
"1157","φεῦγον","φεύγω"
"1158","εἰς","εἰς"
"1159","τὸ","ὁ"
"1160","οὔπω","οὔπω"
"1161","πεπτωκὸς","πίπτω"
"1162","ἐπειδὴ","ἐπειδή"
"1163","εἴσω","εἴσω"
"1164","γένοιτο","γίγνομαι"
"1165","κατεχώννυτο","κατεχώννυμι"
"1166",".","."
"1167","θάλαττα","θάλασσα"
"1168","δὲ","δέ"
"1169","βιασθεῖσα","βιάζω"
"1170","τῆς","ὁ"
"1171","γῆς","γῆ"
"1172","ἐπελά","ἐπελά"
"1173","βετο","βω"
"1174",".","."
"1175","πῦρ","πῦρ"
"1176","δὲ","δέ"
"1177","ὁπόσον","ὁπόσος"
"1178","ἣν","ὅς"
"1179","ἑκασταχοῦ","ἑκασταχοῦ"
"1180","λαβόμενον","λαμβάνω"
"1181","τῆς","ὁ"
"1182","ξυλώσεως","ξυλώσις"
"1183","προσέθηκεν","προστίθημι"
"1184","ἐμπρησμὸν","ἐμπρησμός"
"1185","τῷ","ὁ"
"1186","σεισμῷ","σεισμός"
"1187",",",","
"1188","καὶ","καί"
"1189","ἄνε","ἄνε"
"1190","μός","μος"
"1191","τις","τίς"
"1192",",",","
"1193","ὥς","ὡς"
"1194","φασιν","φημί"
"1195",",",","
"1196","ἔτρεφε","τρέφω"
"1197","τὴν","ὁ"
"1198","φλόγα","φλόξ"
"1199",".","."
"1200","καὶ","καί"
"1201","νῦν","νῦν"
"1202","ἡ","ὁ"
"1203","πολλὴ","πολύς"
"1204","πόλις","πόλις"
"1205","κολωνὸς","κολωνός"
"1206","πολύς","πολύς"
"1207",".","."
"1208","οἱ","ὁ"
"1209","δὲ","δέ"
"1210","διαδύντες","διαδύνω"
"1211","ὀλίγοι","ὀλίγος"
"1212","δή","δή"
"1213","τινες","τίς"
"1214","μετὰ","μετά"
"1215","τραυμάτων","τραῦμα"
"1216","ἀλῶνται","ἀλῶμαι"
"1217",".","."
"1218","Ἥλιε","ἥλιος"
"1219","πάντα","πᾶς"
"1220","ὁρῶν","ὁράω"
"1221",",",","
"1222","τίς","τίς"
"1223","ποτε","ποτε"
"1224","ἐγένου","γίγνομαι"
"1225","καὶ","καί"
"1226","ταῦτα","οὗτος"
"1227","ὁρῶν","ὁράω"
"1228",";",";"
"1229","πῶς","πῶς"
"1230","οὐ","οὐ"
"1231","κατέσχες","κατέσξ"
"1232","πόλιν","πόλις"
"1233","τοσαύτην","τοσοῦτος"
"1234","ἐξιοῦσαν","ἔξειμι"
"1235","τῆς","ὁ"
"1236","γῆς","γῆ"
"1237",";",";"
"1238","ἀλλ","ἀλλ"
"1239","ὑπὲρ","ὑπέρ"
"1240","μὲν","μέν"
"1241","βοῶν","βοῦς"
"1242","ὧν","ὅς"
"1243","ἥψαντο","ἅπτω"
"1244","ναῦται","ναύτης"
"1245","πεινῶντες","πεινάω"
"1246","πάντα","πᾶς"
"1247","ποιεῖς","ποιέω"
"1248","καἰ","εἰ"
"1249","ἀπειλεῖς","ἀπειλής"
"1250","τοῖς","ὁ"
"1251","ἐν","ἐν"
"1252","οὐρανῷ","οὐρανός"
"1253","δώσειν","δίδωμι"
"1254","σεαυ","σεαυ"
"1255","τὸν","ὁ"
"1256","τῷ","ὁ"
"1257","Πλούτωνι","Πλούτων"
"1258",",",","
"1259","τὴν","ὁ"
"1260","δὲ","δέ"
"1261","τῆς","ὁ"
"1262","γῆς","γῆ"
"1263","ἀγλαίαν","ἀγλαία"
"1264",",",","
"1265","πολλῶν","πολύς"
"1266","μὲν","μέν"
"1267","βασιλέων","βασιλεύς"
"1268","πόνον","πόνος"
"1269",",",","
"1270","μακροῦ","μακρός"
"1271","δὲ","δέ"
"1272","πόνου","πόνος"
"1273","τέχνημα","τέχνημα"
"1274",",",","
"1275","μεθ","μημθ"
"1276","ἡμέραν","ἡμέρα"
"1277","ἀναρπαζομένην","ἀναρπαζομένην"
"1278","οὐκ","οὐ"
"1279","ᾤκτειρας;.","ᾤκτειρας;."
"1280","Ὦ","ὦ"
"1281","καλλίστη","καλός"
"1282","πόλεων","πόλις"
"1283",",",","
"1284","ὡς","ὡς"
"1285","ἀπίστῳ","ἄπιστος"
"1286","γε","γε"
"1287","λόφῳ","λόφος"
"1288","παρε","παρε"
"1289","δόθης","δόθημι"
"1290","τὸ","ὁ"
"1291","πρῶτον","πρῶτος"
"1292","πονηρῷ","πονηρός"
"1293","τε","τε"
"1294","καὶ","καί"
"1295","πονηρὸν","πονηρός"
"1296","ἵππον","ἵππος"
"1297","μεμι","μεμι"
"1298","μημένῳ","μημένῳ"
"1299","καλὸν","καλός"
"1300","ἱππέα","ἱππεύς"
"1301","τῶν","ὁ"
"1302","νώτων","νῶτον"
"1303","ἐκκεκρουκότι","ἐκκεκρουκότι"
"1304",".","."
"1305","ποῦ","ποῦ"
"1306","νῦν","νῦν"
"1307","στενωποί","στενωπός"
"1308",";",";"
"1309","ποῦ","ποῦ"
"1310","στοαί","στοή"
"1311",";",";"
"1312","ποῦ","ποῦ"
"1313","δρόμοι","δρόμος"
"1314",";",";"
"1315","ποῦ","ποῦ"
"1316","κρῆναι","κρήνη"
"1317",";",";"
"1318","ποῦ","ποῦ"
"1319","δὲ","δέ"
"1320","ἀγοραί","ἀγορά"
"1321",";",";"
"1322","ποῦ","ποῦ"
"1323","μουσεῖα","μουσεῖον"
"1324",";",";"
"1325","ποῦ","ποῦ"
"1326","τεμένη","τέμενος"
"1327",";",";"
"1328","ποῦ","ποῦ"
"1329","δὲ","δέ"
"1330","ὄλ","ὄλ"
"1331","βος","βος"
"1332","ἐκεῖνος","ἐκεῖνος"
"1333",";",";"
"1334","ποῦ","ποῦ"
"1335","νεότης","νεότης"
"1336",";",";"
"1337","ποῦ","ποῦ"
"1338","γῆρας","γῆρας"
"1339",";",";"
"1340","ποῦ","ποῦ"
"1341","λουτρὰ","λουτρόν"
"1342","Χαρίτων","Χάρις"
"1343","καὶ","καί"
"1344","Νυμφῶν","νύμφη"
"1345","αὐτῶν","αὐτός"
"1346",",",","
"1347","ὧν","ὅς"
"1348","τὸ","ὁ"
"1349","μέγιστον","μέγας"
"1350","ὁμώνυ","ὁμώνυ"
"1351","μον","μον"
"1352","βασιλεῖ","βασιλεύς"
"1353","τῷ","ὁ"
"1354","ἐκπονήσαντι","ἐκπονήσας"
"1355","πόλεως","πόλις"
"1356","ὅλης","ὅλος"
"1357","ἀντ","ἀντ"
"1358","ἄξιον","ἄξιος"
"1359",";",";"
"1360","ποῦ","ποῦ"
"1361","νῦν","νῦν"
"1362","βουλή","βουλή"
"1363",";",";"
"1364","ποῦ","ποῦ"
"1365","δῆμος","δῆμος"
"1366",";",";"
"1367","ποῦ","ποῦ"
"1368","γυναῖκες","γυνή"
"1369",";",";"
"1370","ποῦ","ποῦ"
"1371","παῖδες","παῖς"
"1372",";",";"
"1373","ποῦ","ποῦ"
"1374","βασίλειον","βασίλειος"
"1375",";",";"
"1376","ποῦ","ποῦ"
"1377","δὲ","δέ"
"1378","ἱππόδρομος","ἱππόδρομος"
"1379","Βαβυ","Βαβυ"
"1380","λωνίων","λωνῖος"
"1381","τειχῶν","τεῖχος"
"1382","ἰσχυρότερος","ἰσχυρότερος"
"1383",";",";"
"1384","οὐδὲν","οὐδείς"
"1385","ἄσυλον","ἄσυλος"
"1386",",",","
"1387","οὐδέν","οὐδείς"
"1388","ἀνάλωτον","ἀνάλωτος"
"1389",".","."
"1390","πάντα","πᾶς"
"1391","εἴσω","εἴσω"
"1392","τῆς","ὁ"
"1393","συμφορᾶς","συμφορά"
"1394",".","."
"1395","ὦ","ὦ"
"1396","πλήθη","πλῆθος"
"1397","να","να"
"1398","μάτων","ματάω"
"1399",",",","
"1400","ποῦ","ποῦ"
"1401","ῥεῖτε","ῥέω"
"1402","νῦν","νῦν"
"1403",";",";"
"1404","ἐπὶ","ἐπί"
"1405","ποίας","ποῖος"
"1406","οἰκίας","οἰκία"
"1407",";",";"
"1408","ἐπὶ","ἐπί"
"1409","ποίας","ποῖος"
"1410","κρήνας","κρήνη"
"1411",";",";"
"1412","ἀπερρώγασι","ἀπορρήγνυμι"
"1413","μὲν","μέν"
"1414","ὀχετοὶ","ὀχετός"
"1415","καὶ","καί"
"1416","πολυσχιδεῖς","πολυσχιδής"
"1417","τῶν","ὁ"
"1418","ὑδάτων","ὕδωρ"
"1419","ὀδοί","ὀδός"
"1420",".","."
"1421","φέρεται","φέρω"
"1422","δὲ","δέ"
"1423","τῶν","ὁ"
"1424","πηγῶν","πηγή"
"1425","χορηγία","χορηγία"
"1426","κατὰ","κατά"
"1427","τὸ","ὁ"
"1428","εἶκον","εἴκω"
"1429","χαράδρας","χαράδρα"
"1430","τε","τε"
"1431","ἐργαζόμενον","ἐργάζομαι"
"1432","καὶ","καί"
"1433","ἐν","ἐν"
"1434","τοῖς","ὁ"
"1435","κοίλοις","κοῖλος"
"1436","λιμνάζον","λιμνάζω"
"1437",".","."
"1438","ἀρύεται","ἀρύομαι"
"1439","δὲ","δέ"
"1440","οὐδεὶς","οὐδείς"
"1441","οὐδὲ","οὐδέ"
"1442","πίνει","πίνω"
"1443","οὔτε","οὔτε"
"1444","ἄνθρω","ἄνθρω"
"1445","πος","πος"
"1446","οὔτε","οὔτε"
"1447","ὄρνιθες","ὄρνις"
"1448",".","."
"1449","καὶ","καί"
"1450","γὰρ","γάρ"
"1451","τούτοις","οὗτος"
"1452","φοβερὸν","φοβερός"
"1453","τὸ","ὁ"
"1454","πῦρ","πῦρ"
"1455",",",","
"1456","ὃ","ὁ"
"1457","διά","διά"
"1458","πάσης","πᾶς"
"1459","κάτωθεν","κάτωθεν"
"1460","ἕρπον","ἕρπω"
"1461",",",","
"1462","ἡ","ὁ"
"1463","ἂν","ἄν"
"1464","ἐνδιδῷ","ἐνδιδῷ"
"1465","τὰ","ὁ"
"1466","ἄνω","ἄνω"
"1467",",",","
"1468","πρὸς","πρός"
"1469","τὸν","ὁ"
"1470","ἀέρα","ἀήρ"
"1471","τοξεύει","τοξεύω"
"1472",".","."
"1473","τὴν","ὁ"
"1474","δὲ","δέ"
"1475","δὴ","δή"
"1476","πολυάνθρωπον","πολυάνθρωπος"
"1477","ἔχει","ἔχω"
"1478","μεθ","μημθ"
"1479","ἡμέραν","ἡμέρα"
"1480","μὲν","μέν"
"1481","οὐδείς","οὐδείς"
"1482",",",","
"1483","νυκτὸς","νύξ"
"1484","δέ","δέ"
"1485","δῆμος","δῆμος"
"1486","εἰδώλων","εἴδωλον"
"1487",",",","
"1488","ἅ","ὅς"
"1489","μοι","ἐγώ"
"1490","δοκεῖ","δοκέω"
"1491","στενοχωρίαν","στενοχωρία"
"1492","τοῖς","ὁ"
"1493","ὑπὸ","ὑπό"
"1494","γῆν","γῆ"
"1495","ποιήσειν","ποιέω"
"1496",",",","
"1497","ἐπειδὰν","ἐπειδάν"
"1498","περάσῃ","περαύνω"
"1499","τὸν","ὁ"
"1500","Ἀχέροντα","Ἀχέρων"
"1501",".","."
"1502","Λήμνια","Λήμνιος"
"1503","μὲν","μέν"
"1504","ὑμνεῖτο","ὑμνίημι"
"1505","κακὰ","κακός"
"1506","καὶ","καί"
"1507","Ἰλιὰς","Ἰλιάς"
"1508","κακῶν","κακός"
"1509",",",","
"1510","στήσεται","ἵστημι"
"1511","δὲ","δέ"
"1512","ἐκείνων","ἐκεῖνος"
"1513","ἡ","ὁ"
"1514","μνήμη","μνήμη"
"1515",",",","
"1516","τὰς","ὁ"
"1517","δὲ","δέ"
"1518","ὑπερβολὰς","ὑπερβολή"
"1519","τῶν","ὁ"
"1520","δεινῶν","δεῖνος"
"1521","ἐνθένδε","ἐνθένδε"
"1522","ὁ","ὁ"
"1523","βουλόμενος","βούλομαι"
"1524","ἐνδείξεται","ἐνδείκνυμι"
"1525",".","."
"1526","ἤδη","ἤδη"
"1527","που","ποῦ"
"1528","σεισμὸς","σεισμός"
"1529","τὸ","ὁ"
"1530","μέν","μέν"
"1531","τι","τίς"
"1532","περιεῖλε","περιαιρέω"
"1533",",",","
"1534","τοῦ","ὁ"
"1535","δὲ","δέ"
"1536","ἀπέσχετο","ἀπέχω"
"1537",",",","
"1538","ἀλλὰ","ἀλλά"
"1539","ταύτην","οὗτος"
"1540","γε","γε"
"1541","ἐστόρεσεν","στόρνυμι"
"1542",".","."
"1543","ἤδη","ἤδη"
"1544","τινὰς","τίς"
"1545","ἐστόρεσεν","στόρνυμι"
"1546",",",","
"1547","ἀλλ","ἀλλ"
"1548","οὐ","οὐ"
"1549","τοσαύτην","τοσοῦτος"
"1550","γε","γε"
"1551","ἔκλινεν","κλίνω"
"1552",".","."
"1553","εἰ","εἰ"
"1554","γὰρ","γάρ"
"1555","ἢ","ἤ"
"1556","τῶν","ὁ"
"1557","σωμάτων","σῶμα"
"1558","ἐστέ","εἰμί"
"1559","ρητο","ρητο"
"1560","μόνων","μόνος"
"1561","λοιμῷ","λοιμός"
"1562","κατασυρέντων","κατασυρέντων"
"1563","ἢ","ἤ"
"1564","κατά","κατά"
"1565","νόμον","νόμος"
"1566","ἔξω","ἔξω"
"1567","πανδημεὶ","πανδημεί"
"1568","θυόντων","θυόντω"
"1569","καὶ","καί"
"1570","μὴ","μή"
"1571","ἐπεπτώκει","πίπτω"
"1572",",",","
"1573","πόλιν","πόλις"
"1574","ἅπασαν","ἅπας"
"1575","οὐ","οὐ"
"1576","χρῆν","χρή"
"1577","ἀποκείρασθαι","ἀποκείρομαι"
"1578","·","·"
"1579","νῦν","νῦν"
"1580","τοίνυν","τοίνυν"
"1581","ἄμφω","ἄμφω"
"1582","κεῖται","κεῖμαι"
"1583","καὶ","καί"
"1584","τὸ","ὁ"
"1585","σχῆμα","σχῆμα"
"1586","τοῦ","ὁ"
"1587","ἄστεος","ἄστυ"
"1588","εἰς","εἰς"
"1589","τὸν","ὁ"
"1590","τῶν","ὁ"
"1591","οἰκητόρων","οἰκήτωρ"
"1592","ἐλύθη","λύω"
"1593","φόνον","φόνος"
"1594",".","."
"1595","ὀδυρέσθω","ἐὀδυρέσθω"
"1596","δὴ","δή"
"1597","πᾶσα","πᾶς"
"1598","μὲν","μέν"
"1599","νῆσος","νῆσος"
"1600",",",","
"1601","πᾶσα","πᾶς"
"1602","δὲ","δέ"
"1603","ἤπειρος","ἤπειρος"
"1604",",",","
"1605","καὶ","καί"
"1606","γεωργοὶ","γεωργός"
"1607","καὶ","καί"
"1608","ναυτίλοι","ναυτίλος"
"1609",",",","
"1610","καὶ","καί"
"1611","κῶμαι","κώμη"
"1612","καὶ","καί"
"1613","καλύβαι","καλύβη"
"1614",",",","
"1615","καὶ","καί"
"1616","πᾶν","πᾶς"
"1617","ὅ","ὅς"
"1618","τι","τίς"
"1619","εἰς","εἰς"
"1620","ἀνθρώπου","ἄνθρωπος"
"1621","φύσιν","φύσις"
"1622","τελεῖ","τελέω"
"1623",",",","
"1624","καὶ","καί"
"1625","κατεχέτω","κατέχω"
"1626","τὴν","ὁ"
"1627","οἰκουμένην","οἰκουμένη"
"1628","κωκυτὸς","κωκυτός"
"1629","ὁποῖος","ὁποῖος"
"1630","τὴν","ὁ"
"1631","Αἴγυπτον","Αἴγυπτος"
"1632","ἐπ","ἐπ"
"1633","οἰχομένῳ","οἴχομαι"
"1634","τῷ","ὁ"
"1635","Ἄπιδι","Ἆπις"
"1636",".","."
"1637","νῦν","νῦν"
"1638","ἔδει","δεῖ"
"1639","καὶ","καί"
"1640","πέτραις","πέτρα"
"1641","δοθῆναι","δίδωμι"
"1642","δάκρυα","δάκρυον"
"1643","καὶ","καί"
"1644","ὄρνισι","ὄρνις"
"1645","νοῦν","νόος"
"1646","εἰς","εἰς"
"1647","συναυλίαν","συναυλία"
"1648","τοῦ","ὁ"
"1649","πένθους","πένθος"
"1650",".","."
"1651","Ὢ","Ὢ"
"1652","λιμένος","λιμήν"
"1653",",",","
"1654","ὂν","εἰμί"
"1655","φεύγουσαι","φεύγω"
"1656","νῆες","ναῦς"
"1657","ἀνήγοντο","ἀνάγω"
"1658","σπουδῇ","σπουδή"
"1659","τὰ","ὁ"
"1660","ἀπόγεια","ἀπόγειος"
"1661","κόπτοντες","κόπτω"
"1662",".","."
"1663","ὁ","ὁ"
"1664","πρὶν","πρίν"
"1665","ὁλκάδων","ὁλκάς"
"1666","ἔμπλεως","ἔμπλεος"
"1667","λέμβον","λέμβος"
"1668","εἰσπλέοντα","εἰσπλέοις"
"1669","δείκνυσιν","δείκνυμι"
"1670",",",","
"1671","ἀλλ᾿","ἀλλ"
"1672","ἔστι","εἰμί"
"1673","φοβερώτερος","φοβερώτερος"
"1674","ἐμπόροις","ἔμπορος"
"1675","τοῦ","ὁ"
"1676","τῆς","ὁ"
"1677","Σκύλλης","Σκύλλη"
"1678","οἰκητηρίου","οἰκητηρῖος"
"1679",".","."
"1680","ὢ","ὦ"
"1681","δυστυχί","δυστυχί"
"1682","·","·"
"1683","ας","ας"
"1684","ὁδοιπόρων","ὁδοιπόρων"
"1685",",",","
"1686","οἱ","ὁ"
"1687","τὴν","ὁ"
"1688","μηνοειδῆ","μηνοειδής"
"1689","μὲν","μέν"
"1690","καὶ","καί"
"1691","σκιερὰν","σκιερά"
"1692","ὁδὸν","ὁδός"
"1693","ἢ","ἤ"
"1694","περὶ","περί"
"1695","τὸ","ὁ"
"1696","τέρμα","τέρμα"
"1697","τοῦ","ὁ"
"1698","κόλπου","κόλπος"
"1699","χαριέντως","χαρίεις"
"1700","ἐλήλατο","ἐλαύνω"
"1701",",",","
"1702","ταύτην","οὗτος"
"1703","μὲν","μέν"
"1704","οὐκ","οὐ"
"1705","ἴασιν","ἴασις"
"1706",",",","
"1707","ἐμβάντες","ἐμβαίνω"
"1708","δέ","δέ"
"1709","εἰς","εἰς"
"1710","πλοῖον","πλοῖον"
"1711","παραπλέουσι","παραπλέω"
"1712","τὸν","ὁ"
"1713","ὄχθον","ὄχθος"
"1714","ἐφ","ἐφ"
"1715","ὂν","εἰμί"
"1716","ἠπείγοντο","ἐπείγω"
"1717","πρότερον","πρότερος"
"1718",",",","
"1719","τρέμοντες","τρέμω"
"1720","ὥσπερ","ὥσπερ"
"1721","τὴν","ὁ"
"1722","Χάρυβδιν","Χάρυβδις"
"1723",",",","
"1724","τεκμαιρόμενοι","τεκμαίρομαι"
"1725","τῇ","ὁ"
"1726","θαλάττῃ","θάλασσα"
"1727","τὰ","ὁ"
"1728","πάλαι","πάλαι"
"1729","ἑστηκότα","ἵστημι"
"1730",".","."
"1731","Ὦ","ὦ"
"1732","φιλτάτη","φίλτατος"
"1733","πόλεων","πόλις"
"1734",",",","
"1735","σὺ","σύ"
"1736","μέν","μέν"
"1737","κατέκλασας","κατέκλαννυμι"
"1738","ἀνθρώ","ἀνθρώ"
"1739","ποὺς","πός"
"1740","τῷ","ὁ"
"1741","πάθει","πάθος"
"1742",",",","
"1743","σὺ","σύ"
"1744","δὲ","δέ"
"1745","ἐξέπληξας","ἐξέπληζω"
"1746","τῷ","ὁ"
"1747","πτώματι","πτώματι"
"1748",",",","
"1749","καὶ","καί"
"1750","γένος","γένος"
"1751","ἅπαν","ἅπας"
"1752","ἐν","ἐν"
"1753","ἱκετηρίαις","ἱκετηρία"
"1754","κάθηται","κάθημαι"
"1755","δοκοῦντες","δοκέω"
"1756","τῶν","ὁ"
"1757","ὅλων","ὅλος"
"1758","κατα","κατά"
"1759","κεκρίσθαι","κρίνω"
"1760","τελευτήν","τελευτή"
"1761",".","."
"1762","μὴ","μή"
"1763","γὰρ","γάρ"
"1764","ἂν","ἄν"
"1765","ἔτι","ἔτι"
"1766","μηδενὸς","μηδείς"
"1767","εἶναι","εἰμί"
"1768","φειδὼ","φειδώ"
"1769","μετὰ","μετά"
"1770","τὸ","ὁ"
"1771","κάλλιστον","καλός"
"1772",".","."
"1773","Τίς","τίς"
"1774","ἄν","ἄν"
"1775","με","ἐγώ"
"1776","πτερώσας","πτερόω"
"1777","ἐκεῖσε","ἐκεῖσε"
"1778","κομίσειε","κομίω"
"1779",";",";"
"1780","τίς","τίς"
"1781","ἂν","ἄν"
"1782","ἐπὶ","ἐπί"
"1783","τῆς","ὁ"
"1784","ἄκρας","ἄκρα"
"1785","στήσειε","ἵστημι"
"1786",";",";"
"1787","πικρὸν","πικρός"
"1788","μέν","μέν"
"1789","ἰδεῖν","ὁράω"
"1790",",",","
"1791","ἔχει","ἔχω"
"1792","δέ","δέ"
"1793","τινα","τίς"
"1794","παραμυθίαν","παραμυθία"
"1795","ἐραστῇ","ἐραστής"
"1796","παιδικοῖς","παιδικός"
"1797","περιχυθῆναι","περιχυθίω"
"1798","κειμένοις","κεῖμαι"
"1799",".","."
