"ID","TOKEN","LEMMA"
"1","Τὸ","ὁ"
"2","ἀγαθόν","ἀγαθός"
"3",",",","
"4","ὦ","ὦ"
"5","Ἀσκληπιέ","Ἀσκληπιές"
"6",",",","
"7","ἐν","ἐν"
"8","οὐδενί","οὐδείς"
"9","ἐστιν","εἰμί"
"10","εἰ","εἰ"
"11","μὴ","μή"
"12","ἐν","ἐν"
"13","μόνῳ","μόνος"
"14","τῷ","ὁ"
"15","θεῷ","θεός"
"16",".","."
"17","μᾶλλον","μᾶλλον"
"18","δὲ","δέ"
"19","τὸ","ὁ"
"20","ἀγαθὸν","ἀγαθός"
"21","αὐτός","αὐτός"
"22","ἐστιν","εἰμί"
"23","ὁ","ὁ"
"24","θεός","θεός"
"25","ἀεί","ἀεί"
"26",".","."
"27","εἰ","εἰ"
"28","δὲ","δέ"
"29","οὕτως","οὕτως"
"30",",",","
"31","οὐσίαν","οὐσία"
"32","εἶναι","εἰμί"
"33","δεῖ","δεῖ"
"34","πάσης","πᾶς"
"35","κινήσεως","κίνησις"
"36","καὶ","καί"
"37","γενέσεως","γένεσις"
"38","ἔρημον","ἔρημος"
"39","δὲ","δέ"
"40","οὐδέν","οὐδείς"
"41","ἐστιν","εἰμί"
"42",",",","
"43","αὐτὴΝ","αὐτὴΝ"
"44","⟨⟨δὲ⟩⟩","⟨⟨δὲ⟩⟩"
"45","περὶ","περί"
"46","δὲ","δέ"
"47","αὑτὴν","ἑαυτοῦ"
"48","στατικὴν","στατικός"
"49","ἐνέργειαν","ἐνέργεια"
"50","ἔχουσα⟨ν⟩","ἔχουσα⟨ν⟩"
"51",",",","
"52","ἀνενδεῆ","ἀνενδεής"
"53","καὶ","καί"
"54","⟨παθῶν⟩","⟨παθῶν⟩"
"55","ἀπείρΗτον","ἀπείρΗτος"
"56",",",","
"57","πληρεστάτην","πληρεστάτης"
"58","χορηγ⟨ημάτ⟩ων","χορηγ⟨ημάτ⟩ων"
"59",".","."
"60","ἐν","ἐν"
"61","δὲ","δέ"
"62","ἀρχῇ","ἀρχή"
"63","πάντων","πᾶς"
"64","πᾶν","πᾶς"
"65","γὰρ","γάρ"
"66","τὸ","ὁ"
"67","χορηγοῦν","χορηγέω"
"68","ἀγαθὸν","ἀγαθός"
"69","ὅταν","ὅταν"
"70","λέγεται","λέγω"
"71","·","·"
"72","⟨⟨ἓν","⟨⟨ἓν"
"73","δὲ","δέ"
"74","ἀρχὴ","ἀρχή"
"75","πάντων","πᾶς"
"76",",",","
"77","⟩⟩","⟩⟩"
"78","καὶ","καί"
"79","πάντα","πᾶς"
"80","καὶ","καί"
"81","ἀεὶ","ἀεί"
"82","⟨χορηγοῦν","⟨χορηγέω"
"83",",",","
"84","τὸ⟩","τὸ⟩"
"85","ἀγαθόν","ἀγαθός"
"86","ἐστι","εἰμί"
"87",".","."
"88","τοῦτο","οὗτος"
"89","δὲ","δέ"
"90","ἐν","ἐν"
"91","οὐδενὶ","οὐδείς"
"92","ἄλλῳ","ἄλλος"
"93","πρόσεστιν","πρόσειμι"
"94","εἰ","εἰ"
"95","μὴ","μή"
"96","μόνῳ","μόνος"
"97","τῷ","ὁ"
"98","θεῷ","θεός"
"99",".","."
"100","οὔτε","οὔτε"
"101","γὰρ","γάρ"
"102","ἐνδεής","ἐνδεής"
"103","ἐστί","εἰμί"
"104","τινος","τίς"
"105",",",","
"106","ἵνα","ἵνα"
"107","ἐπιθυμήσας","ἐπιθυμέω"
"108","αὐτὸ","αὐτός"
"109","κτήσασθαι","κτάομαι"
"110","κακὸς","κακός"
"111","γένΗται","γένΗται"
"112","·","·"
"113","οὔτε","οὔτε"
"114","τῶν","ὁ"
"115","ὄντων","εἰμί"
"116","οὐδὲν","οὐδείς"
"117","ἀπόβλητόν","ἀπόβλητος"
"118","ἐστιν","εἰμί"
"119","αὐτῷ","αὐτός"
"120",",",","
"121","ὃ","ὁ"
"122","ἀποβαλὼν","ἀποβάλλω"
"123","λυπηθήσεται","λυπηθήσεται"
"124","·","·"
"125","λύπη","λύπη"
"126","γὰρ","γάρ"
"127","κακίας","κακία"
"128","μέρος","μέρος"
"129","·","·"
"130","οὔτε","οὔτε"
"131","κρεῖττον","κρείσσων"
"132","αὐτοῦ","αὐτός"
"133","ἐστὶν","εἰμί"
"134","οὐδέν","οὐδείς"
"135",",",","
"136","ὑφ᾽","ὑφ᾽"
"137","οὗ","ὅς"
"138","⟨⟨ἀδικηθεὶϲ⟩⟩","⟨⟨ἀδικηθεὶϲ⟩⟩"
"139","πολεμήϲει","πολεμήϲει"
"140","·","·"
"141","οὔτε","οὔτε"
"142","σύζυγόν","σύζυγος"
"143","ἐστιν","εἰμί"
"144","αὐτῷ","αὐτός"
"145",",",","
"146","τὸ","ὁ"
"147","ἀδικηθῆναι","ἀδικέω"
"148","καὶ","καί"
"149","διὰ","διά"
"150","τοῦτο","οὗτος"
"151","αυτοὗ","αυτοὗ"
"152","ἐρασθήσεται","ἐρασθήσω"
"153","·","·"
"154","οὔτε","οὔτε"
"155","ἀνήκοον","ἀνήκοος"
"156",",",","
"157","ᾧ","ὅς"
"158","ὀργισθήσεται","ὀργισθήσω"
"159","·","·"
"160","οὔτε","οὔτε"
"161","σοφώτερον","σοφός"
"162",",",","
"163","ὃ","ὁ"
"164","ζηλώσει","ζηλόω"
"165",".","."
"166","τούτων","οὗτος"
"167","δὲ","δέ"
"168","μὴ","μή"
"169","⟨ἐν⟩όντοϲ","⟨ἐν⟩όντοϲ"
"170","τῇ","ὁ"
"171","οὐσίᾳ","οὐσία"
"172","⟨αὐτοῦ⟩","⟨αὐτοῦ⟩"
"173","μηδενός","μηδείς"
"174",",",","
"175","τί","τίς"
"176","ὑπολείπεται","ὑπολείπω"
"177","ἢ","ἤ"
"178","μόνον","μόνος"
"179","τὸ","ὁ"
"180","ἀγαθόν","ἀγαθός"
"181",";",";"
"182","ὥσπερ","ὥσπερ"
"183","⎡γὰρ⎤","⎡γὰρ⎤ς"
"184","οὐδὲν","οὐδείς"
"185","τῶν","ὁ"
"186","⟨κακῶν⟩","⟨κακῶν⟩"
"187","ἐν","ἐν"
"188","τῇ","ὁ"
"189","τοιαύτῃ","τοιοῦτος"
"190","οὐσίᾳ","οὐσία"
"191",",",","
"192","οὕτως","οὕτως"
"193","ἐν","ἐν"
"194","οὐδενὶ","οὐδείς"
"195","τῶν","ὁ"
"196","ἄλλων","ἄλλος"
"197","τὸ","ὁ"
"198","ἀγαθὸν","ἀγαθός"
"199","εὑρεθήσεται","εὑρίσκω"
"200",".","."
"201","ἐν","ἐν"
"202","πᾶσι","πᾶς"
"203","γὰρ","γάρ"
"204","τοῖϲ","τοῖϲ"
"205","ἄλλοιϲ","ἄλλοιϲ"
"206","πάντα","πᾶς"
"207","ἐστὶ","εἰμί"
"208","⟨κακά⟩","⟨κακά⟩"
"209",",",","
"210","καὶ","καί"
"211","ἐν","ἐν"
"212","τοῖς","ὁ"
"213","μικροῖς","μικρός"
"214","καὶ","καί"
"215","ἐν","ἐν"
"216","τοῖς","ὁ"
"217","μεγάλοις","μέγας"
"218",",",","
"219","καὶ","καί"
"220","ἐν","ἐν"
"221","τοῖς","ὁ"
"222","καθ᾽","καθ᾽"
"223","ἓνα","ἓνα"
"224","καὶ","καί"
"225","ἐν","ἐν"
"226","αὐτῷ","αὐτός"
"227","τῷ","ὁ"
"228","ζῴῳ","ζῷον"
"229","τῷ","ὁ"
"230","πάντων","πᾶς"
"231","μείζονι","μέγας"
"232","καὶ","καί"
"233","δυνατωτάτῳ","δυνατωτάτος"
"234",".","."
"235","παθῶν","πάθος"
"236","γὰρ","γάρ"
"237","πλήρη","πλήρης"
"238","τὰ","ὁ"
"239","γενητά","γενητός"
"240",",",","
"241","αὐτῆς","αὐτός"
"242","τῆς","ὁ"
"243","γενέσεως","γένεσις"
"244","παθητῆς","παθητός"
"245","οὔσης","εἰμί"
"246",".","."
"247","ὅπου","ὅπου"
"248","δὲ","δέ"
"249","πάθος","πάθος"
"250",",",","
"251","οὐδαμοῦ","οὐδαμοῦ"
"252","τὸ","ὁ"
"253","ἀγαθόν","ἀγαθός"
"254","·","·"
"255","ὅπου","ὅπου"
"256","δὲ","δέ"
"257","τὸ","ὁ"
"258","ἀγαθόν","ἀγαθός"
"259",",",","
"260","οὐδαμοῦ","οὐδαμοῦ"
"261","οὐδὲ","οὐδέ"
"262","ἓν","εἷς"
"263","πάθος","πάθος"
"264",".","."
"265","ὅπου","ὅπου"
"266","γὰρ","γάρ"
"267","ἡμέρα","ἡμέρα"
"268",",",","
"269","οὐδαμοῦ","οὐδαμοῦ"
"270","νύξ","νύξ"
"271","·","·"
"272","ὅπου","ὅπου"
"273","δὲ","δέ"
"274","νύξ","νύξ"
"275",",",","
"276","οὐδαμοῦ","οὐδαμοῦ"
"277","ἡμέρα","ἡμέρα"
"278",".","."
"279","ὅθεν","ὅθεν"
"280","ἀδύνατον","ἀδύνατος"
"281","ἐν","ἐν"
"282","γενέσει","γένεσις"
"283","εἶναι","εἰμί"
"284","τὸ","ὁ"
"285","ἀγαθόν","ἀγαθός"
"286",",",","
"287","ἐν","ἐν"
"288","μόνῳ","μόνος"
"289","δὲ","δέ"
"290","τῷ","ὁ"
"291","ἀγεννήτῳ","ἀγεννήτῳ"
"292",".","."
"293","ὥσπερ","ὥσπερ"
"294","δὲ","δέ"
"295","μετουσία","μετουσία"
"296","πάντων","πᾶς"
"297","ἐστὶν","εἰμί"
"298","ἐν","ἐν"
"299","τῇ","ὁ"
"300","ὕλῃ","ὕλη"
"301","δεδομένη","δεδομένη"
"302",",",","
"303","οὕτω","οὕτως"
"304","καὶ","καί"
"305","τοῦ","ὁ"
"306","ἀγαθοῦ","ἀγαθός"
"307",".","."
"308","τοῦτον","οὗτος"
"309","τὸν","ὁ"
"310","τρόπον","τρόπος"
"311","ἀγαθὸς","ἀγαθός"
"312","ὁ","ὁ"
"313","κόσμος","κόσμος"
"314",",",","
"315","καθὰ","καθά"
"316","καὶ","καί"
"317","αὐτὸς","αὐτός"
"318","πάντα","πᾶς"
"319","ποιεῖ","ποιέω"
"320",",",","
"321","⟨ὡς⟩","⟨ὡς⟩"
"322","ἐν","ἐν"
"323","τῷ","ὁ"
"324","μέρει","μέρος"
"325","τοῦ","ὁ"
"326","ποιεῖν","ποιέω"
"327","ἀγαθὸς","ἀγαθός"
"328","εἶναι","εἰμί"
"329",".","."
"330","ἐν","ἐν"
"331","δὲ","δέ"
"332","τοῖς","ὁ"
"333","ἄλλοις","ἄλλος"
"334","πᾶσιν","πᾶς"
"335","οὐκ","οὐ"
"336","ἀγαθός","ἀγαθός"
"337","·","·"
"338","καὶ","καί"
"339","γὰρ","γάρ"
"340","παθητός","παθητος"
"341","ἐστι","εἰμί"
"342","καὶ","καί"
"343","κινητὸς","κινητός"
"344","καὶ","καί"
"345","παθητῶν","παθητής"
"346","ποιητής","ποιητής"
"347",".","."
"348","ἐν","ἐν"
"349","δὲ","δέ"
"350","τῷ","ὁ"
"351","ἀνθρώπῳ","ἄνθρωπος"
"352","κατὰ","κατά"
"353","σύγκρισιν","σύγκρισις"
"354","τοῦ","ὁ"
"355","ἀγαθοῦ","ἀγαθός"
"356","τὸ","ὁ"
"357","κακὸν","κακός"
"358","τέτακται","τάσσω"
"359","·","·"
"360","τὸ","ὁ"
"361","γὰρ","γάρ"
"362","μὴ","μή"
"363","λίαν","λίαν"
"364","κακὸν","κακός"
"365","ἐνθάδε","ἐνθάδε"
"366","τὸ","ὁ"
"367","ἀγαθόν","ἀγαθός"
"368","ἐστι","εἰμί"
"369",".","."
"370","τὸ","ὁ"
"371","δὲ","δέ"
"372","ἐνθάδε","ἐνθάδε"
"373","ἀγαθὸν","ἀγαθός"
"374","μόριον","μόριον"
"375","τοῦ","ὁ"
"376","κακοῦ","κακός"
"377","τὸ","ὁ"
"378","ἐλάχιστον","ἐλάχιστος"
"379",".","."
"380","ἀδύνατον","ἀδύνατος"
"381","οὖν","οὖν"
"382","τὸ","ὁ"
"383","ἀγαθὸν","ἀγαθός"
"384","⟨τὰ⟩","⟨τὰ⟩"
"385","ἐνθάδε","ἐνθάδε"
"386","καθαρεύειν","καθαρεύω"
"387","τῆς","ὁ"
"388","κακίας","κακία"
"389","·","·"
"390","⟨⟨τὸ","⟨⟨τὸ"
"391","δὲ","δέ"
"392","ἐνθάδε","ἐνθάδε"
"393","ἀγαθόν","ἀγαθός"
"394",",",","
"395","⟨ᾧ⟩","⟨ᾧ⟩"
"396","μόριον","μόριον"
"397","τοῦ","ὁ"
"398","κακοῦ","κακός"
"399","τὸ","ὁ"
"400","ἐλάχιστον","ἐλάχιστος"
"401","·","·"
"402","⟩⟩","⟩⟩"
"403","κακοῦται","κακόω"
"404","γὰρ","γάρ"
"405","ἐνθάδε","ἐνθάδε"
"406","τὸ","ὁ"
"407","ἀγαθόν","ἀγαθός"
"408",".","."
"409","κακούμενον","κακόω"
"410","γὰρ","γάρ"
"411","οὐκέτι","οὐκέτι"
"412","ἀγαθὸν","ἀγαθός"
"413","μένει","μένω"
"414","·","·"
"415","μὴ","μή"
"416","μεῖναν","μένω"
"417","δέ","δέ"
"418",",",","
"419","κακὸν","κακός"
"420","γίνεται","γίγνομαι"
"421",".","."
"422","ἐν","ἐν"
"423","μόνῳ","μόνος"
"424","ἄρα","ἆρα"
"425","τῷ","ὁ"
"426","θεῷ","θεός"
"427","τὸ","ὁ"
"428","ἀγαθόν","ἀγαθός"
"429","ἐστιν","εἰμί"
"430","ἢ","ἤ"
"431","αὐτός","αὐτός"
"432","ἐστιν","εἰμί"
"433","ὁ","ὁ"
"434","θεὸς","θεός"
"435","τὸ","ὁ"
"436","ἀγαθόν","ἀγαθός"
"437",".","."
"438","⟨⟨ἐν","⟨⟨ἐν"
"439","δὲ","δέ"
"440","τῷ","ὁ"
"441","ἀνθρώπῳ","ἄνθρωπος"
"442","κατὰ","κατά"
"443","σύγκρισιν","σύγκρισις"
"444","τοῦ","ὁ"
"445","κακοῦ","κακός"
"446","τὸ","ὁ"
"447","ἀΓαθὸν","ἀΓαθός"
"448","λέλεκται","λέγω"
"449","·","·"
"450","τὸ","ὁ"
"451","γὰρ","γάρ"
"452","μὴ","μή"
"453","λίαν","λίαν"
"454","κακὸν","κακός"
"455","ἐνθάδε","ἐνθάδε"
"456","τὸ","ὁ"
"457","ἀγαθὸν⟩⟩","ἀγαθὸν⟩⟩"
"458","⟨προσείρηται⟩.","⟨προσείρηται⟩."
"459","μόνον","μόνος"
"460","οὖν","οὖν"
"461",",",","
"462","ὦ","ὦ"
"463","Ἀσκληπιέ","Ἀσκληπιές"
"464",",",","
"465","τὸ","ὁ"
"466","ὄνομα","ὄνομα"
"467","τοῦ","ὁ"
"468","ἀγαθοῦ","ἀγαθός"
"469","ἐν","ἐν"
"470","ἀνθρώποις","ἄνθρωπος"
"471",",",","
"472","τὸ","ὁ"
"473","δὲ","δέ"
"474","ἔργον","ἔργον"
"475","οὐδαμοῦ","οὐδαμοῦ"
"476","·","·"
"477","ἀδύνατον","ἀδύνατος"
"478","γάρ","γάρ"
"479",".","."
"480","οὐ","οὐ"
"481","γὰρ","γάρ"
"482","χωρεῖ","χωρέω"
"483","σῶμα","σῶμα"
"484","ὑλικόν","ὑλικός"
"485",",",","
"486","τὸ","ὁ"
"487","πάντοθεν","πάντοθεν"
"488","ἐσφιγμένον","ἐσφιγμένος"
"489","κακίᾳ","κακία"
"490",",",","
"491","καὶ","καί"
"492","πόνοις","πόνος"
"493","καὶ","καί"
"494","ἀλγηδόσι","ἀλγηδών"
"495",",",","
"496","καὶ","καί"
"497","ἐπιθυμίαις","ἐπιθυμία"
"498","καὶ","καί"
"499","ὀργαῖς","ὀργή"
"500",",",","
"501","καὶ","καί"
"502","ἀπάταις","ἀπάτη"
"503","καὶ","καί"
"504","δόξαις","δόξα"
"505","ἀνοήτοις","ἀνόητος"
"506",".","."
"507","καὶ","καί"
"508","τὸ","ὁ"
"509","πάντων","πᾶς"
"510","κάκιστόν","κακός"
"511","ἐστιν","εἰμί"
"512",",",","
"513","ὦ","ὦ"
"514","Ἀσκληπιέ","Ἀσκληπιές"
"515",",",","
"516","ὅτι","ὅτι"
"517","ἕκαστον","ἕκαστος"
"518","τούτων","οὗτος"
"519","τῶν","ὁ"
"520","προειρημένων","προαγορεύω"
"521","εμπεπίστευται","εμπεπίστευται"
"522","ἐνθάδε","ἐνθάδε"
"523","τὸ","ὁ"
"524","μέγιστον","μέγας"
"525","εἶναι","εἰμί"
"526","ἀγαθόν","ἀγαθός"
"527",",",","
"528","τὸ","ὁ"
"529","μᾶλλον","μᾶλλον"
"530","ἀνυπέρβλητον","ἀνυπέρβλητος"
"531","κακόν","κακός"
"532",".","."
"533","ἡ","ὁ"
"534","γαστριμαργία","γαστριμαργία"
"535","ἡ","ὁ"
"536","τῶν","ὁ"
"537","κακῶν","κακός"
"538","πάντων","πᾶς"
"539","χορηγὸς","χορηγός"
"540","ἡ","ὁ"
"541","πλάνη","πλάνη"
"542","⟨αὕτη⟩","⟨αὕτη⟩"
"543","ἡ","ὁ"
"544","ἀπουσία","ἀπουσία"
"545","ἐνθάδε","ἐνθάδε"
"546","τοῦ","ὁ"
"547","ἀγαθοῦ","ἀγαθός"
"548","ἐστί","εἰμί"
"549",".","."
"550","κἀ","κἀ"
"551","γὼ","γὼ"
"552","δὲ","δέ"
"553","χάριν","χάρις"
"554","ἔχω","ἔχω"
"555","τῷ","ὁ"
"556","θεῷ","θεός"
"557",",",","
"558","τῷ","ὁ"
"559","εἰς","εἰς"
"560","νοῦν","νόος"
"561","μοι","ἐγώ"
"562","βαλόντι","βάλλω"
"563","κἂν","ἐάν"
"564","περὶ","περί"
"565","τῆς","ὁ"
"566","γνώσεως","γνῶσις"
"567","⟨⟨ἀπουσία⟨ς⟩⟩⟩","⟨⟨ἀπουσία⟨ς⟩⟩⟩"
"568","τοῦ","ὁ"
"569","ἀγαθοῦ","ἀγαθός"
"570",",",","
"571","ὅτι","ὅτι"
"572","ἀδύνατόν","ἀδύνατος"
"573","ἐστιν","εἰμί"
"574","αὐτὸ","αὐτός"
"575","ἐν","ἐν"
"576","τῷ","ὁ"
"577","κόσμῳ","κόσμος"
"578","εἶναι","εἰμί"
"579",".","."
"580","ὁ","ὁ"
"581","γὰρ","γάρ"
"582","κόσμος","κόσμος"
"583","πλήρωμά","πλήρωμα"
"584","ἐστι","εἰμί"
"585","τῆς","ὁ"
"586","κακίας","κακία"
"587",",",","
"588","ὁ","ὁ"
"589","δὲ","δέ"
"590","θεὸς","θεός"
"591","τοῦ","ὁ"
"592","ἀγαθοῦ","ἀγαθός"
"593","ἢ","ἤ"
"594","τὸ","ὁ"
"595","ἀγαθὸν","ἀγαθός"
"596","τοῦ","ὁ"
"597","θεοῦ","θεός"
"598",".","."
"599","⟨.","⟨."
"600","⟩","⟩"
"601","⎡αἱ","⎡αἱ"
"602","γὰρ","γάρ"
"603","ἐξοχαὶ","ἐξοχή"
"604","τῶν","ὁ"
"605","καλῶν","καλός"
"606","περὶ","περί"
"607","αὐτήν","αὐτός"
"608","εἴσι","εἴσι"
"609","τὴν","ὁ"
"610","οὐσίαν","οὐσία"
"611","φαίνονται","φαίνω"
"612","καὶ","καί"
"613","καθαρώτεραι","καθαρώτερα"
"614","καὶ","καί"
"615","εἰλικρινέσταται","εἰλικρινέστατης"
"616","τάχα","τάχα"
"617","που","ποῦ"
"618","καὶ","καί"
"619","αὗται","οὗτος"
"620","αἱ","ὁ"
"621","οὐσίαι","οὐσία"
"622","ἐκείνου","ἐκεῖνος"
"623",".","."
"624","⎤","⎤"
"625","τολμητέον","τολμάω"
"626","γὰρ","γάρ"
"627","εἰπεῖν","λέγω"
"628",",",","
"629","ὦ","ὦ"
"630","Ἀσκληπιέ","Ἀσκληπιές"
"631",",",","
"632","ὅτι","ὅτι"
"633","ἡ","ὁ"
"634","οὐσία","οὐσία"
"635","τοῦ","ὁ"
"636","θεοῦ","θεός"
"637",",",","
"638","εἴ","εἰ"
"639","γε","γε"
"640","οὐσίαν","οὐσία"
"641","ἔχει","ἔχω"
"642",",",","
"643","τὸ","ὁ"
"644","καλόν","καλός"
"645","ἐστι","εἰμί"
"646","τὸ","ὁ"
"647","δὲ","δέ"
"648","καλὸν","καλός"
"649","καὶ","καί"
"650","⟨τὸ⟩","⟨τὸ⟩"
"651","ἀγαθόν","ἀγαθός"
"652",".","."
"653","⟨ὑπὸ","⟨ὑπὸ"
"654","δὲ","δέ"
"655","τούτων⟩","τούτων⟩"
"656","οὐδὲν","οὐδείς"
"657","ἔστι","εἰμί"
"658","καταλά⟨μ⟩πεσθαι","καταλά⟨μ⟩πεσθαι"
"659","τῶν","ὁ"
"660","ἐν","ἐν"
"661","τῷ","ὁ"
"662","κόσμῳ","κόσμος"
"663",".","."
"664","πάντα","πᾶς"
"665","γὰρ","γάρ"
"666","τὰ","ὁ"
"667","ὀφθαλμῷ","ὀφθαλμός"
"668","ὑποπίπτοντα","ὑποπίπτω"
"669","εἴδωλά","εἴδωλα"
"670","ἐστι","εἰμί"
"671",",",","
"672","καὶ","καί"
"673","ὥσπερ","ὥσπερ"
"674","σκιαγραφίαι","σκιαγραφία"
"675","·","·"
"676","τὰ","ὁ"
"677","δὲ","δέ"
"678","μὴ","μή"
"679","ὑποπίπτοντα","ὑποπίπτω"
"680","⟨.","⟨."
"681","⟩","⟩"
"682",",",","
"683","μάλιστα","μάλα"
"684","δὲ","δέ"
"685","ἡ","ὁ"
"686","τοῦ","ὁ"
"687","καλοῦ","καλός"
"688","καὶ","καί"
"689","τοῦ","ὁ"
"690","ἀγαθοῦ","ἀγαθός"
"691","⟨.","⟨."
"692","⟩.","⟩."
"693","καὶ","καί"
"694","ὥσπερ","ὥσπερ"
"695","ὀφθαλμὸς","ὀφθαλμός"
"696","οὐ","οὐ"
"697","δύναται","δύναμαι"
"698","τὸν","ὁ"
"699","θεὸν","θεός"
"700","ἰδεῖν","ὁράω"
"701",",",","
"702","οὕτως","οὕτως"
"703","οὐΔὲ","οὐΔὲ"
"704","τὸ","ὁ"
"705","καλὸν","καλός"
"706","καὶ","καί"
"707","τὸ","ὁ"
"708","ἀγαθόν","ἀγαθός"
"709",".","."
"710","ταῦτα","οὗτος"
"711","γὰρ","γάρ"
"712","μέρη","μέρος"
"713","τοῦ","ὁ"
"714","θεοῦ","θεός"
"715","ἐστιν","εἰμί"
"716",",",","
"717","ὁλόκληρα","ὁλόκληρος"
"718",",",","
"719","ἴδια","ἴδιος"
"720","αὐτοῦ","αὐτός"
"721","μόνου","μόνος"
"722",",",","
"723","οἰκεῖα","οἰκεῖος"
"724",",",","
"725","ἀχώριστα","ἀχώριστος"
"726",",",","
"727","⟨⟨ὁλόκληρα","⟨⟨ὁλόκληρα"
"728",",",","
"729","⟩⟩","⟩⟩"
"730","ἐρασμιώτατα","ἐρασμιώτα"
"731",",",","
"732","ὧν","ὅς"
"733","ἢ","ἤ"
"734","αὐτὸς","αὐτός"
"735","ὁ","ὁ"
"736","θεὸς","θεός"
"737","ἐρᾷ","ἐράω"
"738","ἢ","ἤ"
"739","αὐτὰ","αὐτός"
"740","τοῦ","ὁ"
"741","θεοῦ","θεός"
"742","ἐρᾷ","ἐράω"
"743",".","."
"744","εἰ","εἰ"
"745","δύνασαι","δύναμαι"
"746","νοῆσαι","νοέω"
"747","τὸν","ὁ"
"748","θεόν","θεός"
"749",",",","
"750","νοήσεις","νοήσω"
"751","τὸ","ὁ"
"752","καλὸν","καλός"
"753","καὶ","καί"
"754","⟨τὸ⟩","⟨τὸ⟩"
"755","ἀγαθόν","ἀγαθός"
"756",",",","
"757","τὸ","ὁ"
"758","ὑπέρλαμπρον","ὑπέρλαμπρος"
"759","τὸ","ὁ"
"760","⎡ὑπερλαμπόμενον⎤","⎡ὑπερλαμπόμενον⎤"
"761","ὑπὸ","ὑπό"
"762","τοῦ","ὁ"
"763","θεοῦ","θεός"
"764",".","."
"765","ἐκεῖνο","ἐκεῖνος"
"766","γὰρ","γάρ"
"767","τὸ","ὁ"
"768","κάλλος","κάλλος"
"769","ἀσύγκριτον","ἀσύγκριτος"
"770",",",","
"771","καὶ","καί"
"772","ἐκεῖνο","ἐκεῖνος"
"773","τὸ","ὁ"
"774","ἀγαθὸν","ἀγαθός"
"775","ἀμίμητον","ἀμίμητος"
"776",",",","
"777","ὥσπερ","ὥσπερ"
"778","καὶ","καί"
"779","αὐτὸς","αὐτός"
"780","ὁ","ὁ"
"781","θεός","θεός"
"782",".","."
"783","ὡς","ὡς"
"784","οὖν","οὖν"
"785","τὸν","ὁ"
"786","θεὸν","θεός"
"787","νοεῖς","νοέω"
"788",",",","
"789","οὕτω","οὕτως"
"790","καὶ","καί"
"791","τὸ","ὁ"
"792","καλὸν","καλός"
"793","καὶ","καί"
"794","⟨τὸ⟩","⟨τὸ⟩"
"795","ἀγαθὸν","ἀγαθός"
"796","νόει","νοέω"
"797",".","."
"798","ἀκοινώνητα","ἀκοινώνητος"
"799","γὰρ","γάρ"
"800","ταῦτα","οὗτος"
"801","τοῖς","ὁ"
"802","ἄλλοις","ἄλλος"
"803","τῶν","ὁ"
"804","ἄλλων","ἄλλος"
"805","ζῴων","ζῷον"
"806","ἐστί","εἰμί"
"807",",",","
"808","διὰ","διά"
"809","τὸ","ὁ"
"810","ἀχώριστα","ἀχώριστος"
"811","εἶναι","εἰμί"
"812","τοῦ","ὁ"
"813","θεοῦ","θεός"
"814",".","."
"815","ἐὰν","ἐάν"
"816","περὶ","περί"
"817","τοῦ","ὁ"
"818","θεοῦ","θεός"
"819","ζητῇς","ζητέω"
"820",",",","
"821","καὶ","καί"
"822","περὶ","περί"
"823","τοῦ","ὁ"
"824","καλοῦ","καλός"
"825","ζητεῖς","ζητέω"
"826",".","."
"827","μία","εἷς"
"828","γάρ","γάρ"
"829","ἐστιν","εἰμί"
"830","εἰς","εἰς"
"831","αὐτὸ","αὐτός"
"832","ἀποφέρουσα","ἀποφέρω"
"833","ὁδὸς","ὁδός"
"834","ἡ","ὁ"
"835","μετὰ","μετά"
"836","γνώσεως","γνῶσις"
"837","εὐσέβεια","εὐσέβεια"
"838",".","."
"839","ὅθεν","ὅθεν"
"840","οἱ","ὁ"
"841","ἀγνοοῦντες","ἀγνοέω"
"842",",",","
"843","καὶ","καί"
"844","μὴ","μή"
"845","ὁδεύσαντες","ὁδεύζω"
"846","τὴν","ὁ"
"847","περὶ","περί"
"848","τῆς","ὁ"
"849","εὐσεβείας","εὐσέβεια"
"850","ὁδόν","ὁδός"
"851",",",","
"852","καλὸν","καλός"
"853","καὶ","καί"
"854","ἀγαθὸν","ἀγαθός"
"855","τολμῶσι","τολμάω"
"856","λέγειν","λέγω"
"857","ἄνθρωπον","ἄνθρωπος"
"858",",",","
"859","μηδὲ","μηδέ"
"860","ὄναρ","ὄναρ"
"861","θεασάμενον","θεάομαι"
"862","εἴ","εἰ"
"863","τί","τίς"
"864","ἐστιν","εἰμί"
"865","ἀγαθόν","ἀγαθός"
"866",",",","
"867","ἀλλὰ","ἀλλά"
"868","παντὶ","πᾶς"
"869","κακῷ","κακός"
"870","περιειλημμένον","περιλαμβάνω"
"871",",",","
"872","καὶ","καί"
"873","τὸ","ὁ"
"874","κακὸν","κακός"
"875","πιστεύσαντα","πιστεύω"
"876","ἀγαθὸν","ἀγαθός"
"877","εἶναι","εἰμί"
"878",",",","
"879","καὶ","καί"
"880","οὕτως","οὕτως"
"881","αὐτῷ","αὐτός"
"882","χρώμενον","χράω"
"883","ἀκορέστως","ἀκορέστως"
"884",",",","
"885","καὶ","καί"
"886","φοβούμενον","φοβέω"
"887","αὐτοῦ","αὐτός"
"888","στερηθῆναι","στερέω"
"889",",",","
"890","πάντα","πᾶς"
"891","δὲ","δέ"
"892","ἀγωνιζόμενον","ἀγωνίζομαι"
"893","ἵνα","ἵνα"
"894","μὴ","μή"
"895","μόνον","μόνος"
"896","ἔχῃ","ἔχω"
"897",",",","
"898","ἀλλὰ","ἀλλά"
"899","καὶ","καί"
"900","ἐπαύξῃ","ἐπαύξῃ"
"901",".","."
"902","τοιαῦτα","τοιοῦτος"
"903","τὰ","ὁ"
"904","ἀνθρώπεια","ἀνθρώπειος"
"905","ἀγαθὰ","ἀγαθός"
"906","καὶ","καί"
"907","τὰ","ὁ"
"908","καλά","καλός"
"909",",",","
"910","ὦ","ὦ"
"911","Ἀσκληπιέ","Ἀσκληπιές"
"912",",",","
"913","ἃ","ὅς"
"914","οὔτε","οὔτε"
"915","φυγεῖν","φεύγω"
"916","δυνάμεθα","δύναμαι"
"917","οὔτε","οὔτε"
"918","μισῆσαι","μισέω"
"919","·","·"
"920","τὸ","ὁ"
"921","γὰρ","γάρ"
"922","πάντων","πᾶς"
"923","χαλεπώτατον","χαλεπός"
"924",",",","
"925","ὅτι","ὅτι"
"926","χρείαν","χρεία"
"927","αὐτῶν","αὐτός"
"928","ἔχομεν","ἔχω"
"929",",",","
"930","καὶ","καί"
"931","ζῆν","ζῶ"
"932","τούτων","οὗτος"
"933","χωρὶς","χωρίς"
"934","οὐ","οὐ"
"935","δυνάμεθα","δύναμαι"
"936",".","."
