"ID","TOKEN","IS_STOP"
"1","Εἰς","TRUE"
"2","τὸ","TRUE"
"3","ἐναντίον","FALSE"
"4","Ἀριστοφῶν","FALSE"
"5",".","FALSE"
"6","πολλῶν","FALSE"
"7","ἀγώνων","FALSE"
"8","μοι","TRUE"
"9","παρ","FALSE"
"10","ὑμῖν","TRUE"
"11",",","FALSE"
"12","ὦ","TRUE"
"13","ἄνδρες","FALSE"
"14","Ἀθηναῖοι","FALSE"
"15",",","FALSE"
"16","γεγενημένων","FALSE"
"17","ἐν","TRUE"
"18","ἅπασι","FALSE"
"19","μετὰ","TRUE"
"20","τοῦ","TRUE"
"21","δικαίου","FALSE"
"22","νενικηκὼς","FALSE"
"23","πολλὰς","FALSE"
"24","ἐλπίδας","FALSE"
"25","ἔχω","FALSE"
"26","καὶ","TRUE"
"27","τήμερον","FALSE"
"28","διὰ","TRUE"
"29","τοὺς","TRUE"
"30","θεοὺς","FALSE"
"31","ὁμοίου","FALSE"
"32","πειράσεσθαι","FALSE"
"33","τοῦ","TRUE"
"34","δικαστηρίου","FALSE"
"35","καὶ","TRUE"
"36","περι","FALSE"
"37","έσεσθαι","FALSE"
"38","τοῦ","TRUE"
"39","πάντας","FALSE"
"40","μὲν","TRUE"
"41","ἐνοχλοῦντος","FALSE"
"42","τοὺς","TRUE"
"43","εὐδοκιμοῦν","FALSE"
"44","τας","FALSE"
"45","φθόνου","FALSE"
"46",",","FALSE"
"47","μάλιστα","FALSE"
"48","δέ","TRUE"
"49",",","FALSE"
"50","ὅτι","TRUE"
"51","καὶ","TRUE"
"52","μέγιστα","FALSE"
"53","δοκῶ","FALSE"
"54","κατορ","FALSE"
"55","θοῦν","FALSE"
"56",",","FALSE"
"57","ἐμέ","TRUE"
"58",".","FALSE"
"59","ὑφ","FALSE"
"60","οὗ","TRUE"
"61","καὶ","TRUE"
"62","Κέφαλος","FALSE"
"63","οὗτος","TRUE"
"64","προαχθείς","FALSE"
"65",",","FALSE"
"66","οὐ","TRUE"
"67","γὰρ","TRUE"
"68","οὕτως","TRUE"
"69","ἐστὶν","TRUE"
"70","εὐήθης","FALSE"
"71","ὥστε","TRUE"
"72","παρ","FALSE"
"73","οἷς","TRUE"
"74","οὐδ","FALSE"
"75","ὁποίας","FALSE"
"76","ἐστὶν","TRUE"
"77","ἔγνωσται","FALSE"
"78","γῆς","FALSE"
"79","ὡς","TRUE"
"80","ἄριστος","FALSE"
"81","οἴεσθαι","FALSE"
"82","τεύξεσθαι","FALSE"
"83","δωρεᾶς","FALSE"
"84",",","FALSE"
"85","βασκαίνων","FALSE"
"86","δὲ","TRUE"
"87","τῆς","TRUE"
"88","τιμῆς","FALSE"
"89","ἐφέστηκέ","FALSE"
"90","μοι","TRUE"
"91","τελευ","FALSE"
"92","ταῖος","FALSE"
"93",",","FALSE"
"94","ἐπεὶ","FALSE"
"95","μηδεμίαν","FALSE"
"96","αἰτίαν","FALSE"
"97","ἔχει","FALSE"
"98","λοιπήν","FALSE"
"99",",","FALSE"
"100","τῆς","TRUE"
"101","δωρεᾶς","FALSE"
"102","συκοφάντης","FALSE"
"103",".","FALSE"
"104","Ἐν","TRUE"
"105","μὲν","TRUE"
"106","οὖν","TRUE"
"107","τοῖς","TRUE"
"108","προτέροις","FALSE"
"109","ἀγῶσιν","FALSE"
"110",",","FALSE"
"111","ὦ","TRUE"
"112","ἄνδρες","FALSE"
"113","Ἀθηναῖοι","FALSE"
"114",",","FALSE"
"115","μέρος","FALSE"
"116","ἕκαστον","FALSE"
"117","ἐξητάσθη","FALSE"
"118","τῶν","TRUE"
"119","ἐμοὶ","TRUE"
"120","βεβιωμέ","FALSE"
"121","νων","FALSE"
"122","καὶ","TRUE"
"123","πανταχοῦ","FALSE"
"124","δόξας","FALSE"
"125","ἀγαθὸς","FALSE"
"126","σὺν","TRUE"
"127","ἐπαίνῳ","FALSE"
"128","παρε","FALSE"
"129","πεμπόμην","FALSE"
"130","ἐκ","TRUE"
"131","τῶν","TRUE"
"132","δικαστηρίων","FALSE"
"133","·","FALSE"
"134","τήμερον","FALSE"
"135","δὲ","TRUE"
"136","τοῦ","TRUE"
"137","παντὸς","FALSE"
"138","ἐξέτασιν","FALSE"
"139","διδοὺς","FALSE"
"140","ἀξιῶ","FALSE"
"141","φυλάξαι","FALSE"
"142","μὲν","TRUE"
"143","ὑμᾶς","TRUE"
"144","τὴν","TRUE"
"145","ὑμετέραν","FALSE"
"146","ψῆφον","FALSE"
"147",",","FALSE"
"148","ἢν","TRUE"
"149","ὧς","TRUE"
"150","περὶ","TRUE"
"151","καλοῦ","FALSE"
"152","κἀγαθοῦ","FALSE"
"153","πολλάκις","FALSE"
"154","ἠνέγκατε","FALSE"
"155",",","FALSE"
"156","μὴ","TRUE"
"157","περιβαλεῖν","FALSE"
"158","δέ","TRUE"
"159","με","TRUE"
"160","οἵᾳ","FALSE"
"161","μηδ","FALSE"
"162","ἂν","TRUE"
"163","ἁλόντα","FALSE"
"164","τιμωρίᾳ","FALSE"
"165","νενικηκότα","FALSE"
"166",",","FALSE"
"167","εἰ","TRUE"
"168","κριθήσομαι","FALSE"
"169","χείρων","FALSE"
"170","τοῦ","TRUE"
"171","μηδὲ","FALSE"
"172","κριθέντος","FALSE"
"173","ὅπως","FALSE"
"174","ζῇ","FALSE"
"175","καὶ","TRUE"
"176","πεπολίτευται","FALSE"
"177",".","FALSE"
"178","Ὅτι","TRUE"
"179","μὲν","TRUE"
"180","οὖν","TRUE"
"181","οὐκ","TRUE"
"182","ἄκριτος","FALSE"
"183","οὐδ","FALSE"
"184","ἀνεξέταστος","FALSE"
"185","οὐδεὶς","TRUE"
"186","ἂν","TRUE"
"187","εὕροιτο","FALSE"
"188","τιμὴν","FALSE"
"189","οὐδεμίαν","TRUE"
"190",",","FALSE"
"191","ἔργῳ","FALSE"
"192","μαρτυρεῖ","FALSE"
"193","Κέφαλος","FALSE"
"194","αὐτός","TRUE"
"195",",","FALSE"
"196","ἥκει","FALSE"
"197","γοῦν","FALSE"
"198","εἰς","TRUE"
"199","τὴν","TRUE"
"200","περὶ","TRUE"
"201","αὑτοῦ","TRUE"
"202","κρίσιν","FALSE"
"203",",","FALSE"
"204","θαυμαστὸν","FALSE"
"205","δὲ","TRUE"
"206","ὅπως","FALSE"
"207","τοὺς","TRUE"
"208","ἐν","TRUE"
"209","τοῖς","TRUE"
"210","δικαστηρίοις","FALSE"
"211","ἀγῶνας","FALSE"
"212","ἐν","TRUE"
"213","δικαστηρίῳ","FALSE"
"214","λοιδορεῖ","FALSE"
"215","καὶ","TRUE"
"216","δεῖται","FALSE"
"217","μὲν","TRUE"
"218","τῆς","TRUE"
"219","ὑμετέρας","FALSE"
"220","ψήφου","FALSE"
"221","νῦν","FALSE"
"222",",","FALSE"
"223","ὧς","TRUE"
"224","μόνην","FALSE"
"225","οὖσαν","TRUE"
"226","ἀρετῆς","FALSE"
"227","βεβαίωσιν","FALSE"
"228",",","FALSE"
"229","τῷ","TRUE"
"230","δὲ","TRUE"
"231","πολλὰς","FALSE"
"232","ἔχοντι","FALSE"
"233","μηδεμιᾶς","FALSE"
"234","τυχὼν","FALSE"
"235","ἀνταγωνίζεται","FALSE"
"236",".","FALSE"
"237","οὐκ","TRUE"
"238","αἰτιῶμαι","FALSE"
"239","δὲ","TRUE"
"240","Κέφαλον","FALSE"
"241","τῆς","TRUE"
"242","ἀντιλογίας","FALSE"
"243",",","FALSE"
"244","μικροῦ","FALSE"
"245","δὲ","TRUE"
"246","καὶ","TRUE"
"247","χάριν","FALSE"
"248","ἔχω","FALSE"
"249",",","FALSE"
"250","διότι","FALSE"
"251","μοι","TRUE"
"252","παρέσχηκε","FALSE"
"253","μηδὲ","FALSE"
"254","τὴν","TRUE"
"255","δωρεὰν","FALSE"
"256","ἀκρίτως","FALSE"
"257","μηδὲ","FALSE"
"258","ὡς","TRUE"
"259","ἐξ","TRUE"
"260","αὐτομάτου","FALSE"
"261","τύχης","FALSE"
"262",",","FALSE"
"263","ἀλλὰ","TRUE"
"264","καὶ","TRUE"
"265","τοῦτο","TRUE"
"266","δι","FALSE"
"267","ἀγῶνος","FALSE"
"268","λαβεῖν","FALSE"
"269",".","FALSE"
"270","τούτου","TRUE"
"271","μὲν","TRUE"
"272","οὖν","TRUE"
"273","ἠκούσατε","FALSE"
"274","φορτικῶς","FALSE"
"275","αὑτὸν","TRUE"
"276","ἐγκωμιάζοντος","FALSE"
"277",",","FALSE"
"278","ὃ","TRUE"
"279","κἂν","TRUE"
"280","ἑτέρου","FALSE"
"281","λέγοντος","FALSE"
"282","ἠρυθρίασέ","FALSE"
"283","τις","TRUE"
"284","ὅτῳ","TRUE"
"285","γέ","TRUE"
"286","τι","TRUE"
"287","χρηστὸν","FALSE"
"288","ὄντως","FALSE"
"289","πρόσεστιν","FALSE"
"290","·","FALSE"
"291","ἐγὼ","TRUE"
"292","δὲ","TRUE"
"293","οὐκ","TRUE"
"294","ἐμαυτῷ","FALSE"
"295","μάρτυρι","FALSE"
"296","χρήσομαι","FALSE"
"297","τῆς","TRUE"
"298","ἐμῆς","TRUE"
"299","ἀρετῆς","FALSE"
"300",",","FALSE"
"301","οὐδὲ","TRUE"
"302","γὰρ","TRUE"
"303","οἱ","TRUE"
"304","νόμοι","FALSE"
"305","αὑτῷ","TRUE"
"306","μαρτυρεῖν","FALSE"
"307","δεδώκασιν","FALSE"
"308",",","FALSE"
"309","ἀλλ","FALSE"
"310","ὑμῖν","TRUE"
"311","ἅπασι","FALSE"
"312","καὶ","TRUE"
"313","τοῖς","TRUE"
"314","ἄλλοις","TRUE"
"315","Ἀθηναίοις","FALSE"
"316",",","FALSE"
"317","ὧν","TRUE"
"318","οὐκ","TRUE"
"319","ἔστιν","TRUE"
"320","ὅστις","TRUE"
"321","οὐκ","TRUE"
"322","ἐψηφίσατο","FALSE"
"323","χρηστὸν","FALSE"
"324","εἶναι","TRUE"
"325","πολίτην","FALSE"
"326","ἐμέ","TRUE"
"327",".","FALSE"
"328","καὶ","TRUE"
"329","τούτῳ","TRUE"
"330","μὲν","TRUE"
"331","οὐδεὶς","TRUE"
"332","πάρεστιν","FALSE"
"333","οὐδ","FALSE"
"334","ἀνώμοτος","FALSE"
"335","μάρτυς","FALSE"
"336",",","FALSE"
"337","ἐμοὶ","TRUE"
"338","δὲ","TRUE"
"339","πολλοὶ","FALSE"
"340","πολλάκις","FALSE"
"341","ἔνορκοι","FALSE"
"342","δικασταί","FALSE"
"343",".","FALSE"
"344","εἰ","TRUE"
"345","μὲν","TRUE"
"346","οὖν","TRUE"
"347","τὸ","TRUE"
"348","μὴ","TRUE"
"349","κεκρίσθαι","FALSE"
"350","ποτὲ","FALSE"
"351","δωρεᾶς","FALSE"
"352","ἄξιόν","FALSE"
"353","ἐστι","TRUE"
"354",",","FALSE"
"355","πολλοὶ","FALSE"
"356","καὶ","TRUE"
"357","τῶν","TRUE"
"358","ἰδιωτῶν","FALSE"
"359","ἀντιποιήσονται","FALSE"
"360","τοῦ","TRUE"
"361","γέρως","FALSE"
"362",",","FALSE"
"363","οὓς","TRUE"
"364","οὐδ","FALSE"
"365","ἴσασιν","FALSE"
"366","οἱ","TRUE"
"367","συκοφάνται","FALSE"
"368","·","FALSE"
"369","εἰ","TRUE"
"370","δὲ","TRUE"
"371","τοῖς","TRUE"
"372","μὲν","TRUE"
"373","τὸ","TRUE"
"374","καθ","FALSE"
"375","ἑαυτοὺς","TRUE"
"376","ἀσφαλὲς","FALSE"
"377","ᾑρημένοις","FALSE"
"378","ἱκανὸν","FALSE"
"379","τὸ","TRUE"
"380","τῆς","TRUE"
"381","ἀπραγμοσύνης","FALSE"
"382","ἀκίν","FALSE"
"383","δυνόν","FALSE"
"384","ἐστι","TRUE"
"385","γέρας","FALSE"
"386",",","FALSE"
"387","ἀξιοῖ","FALSE"
"388","δὲ","TRUE"
"389","καὶ","TRUE"
"390","Κέφαλος","FALSE"
"391","ὡς","TRUE"
"392","ῥήτωρ","FALSE"
"393","καὶ","TRUE"
"394","τὰ","TRUE"
"395","κοινὰ","FALSE"
"396","πράττων","FALSE"
"397","διὰ","TRUE"
"398","βίου","FALSE"
"399",",","FALSE"
"400","ταῦτα","TRUE"
"401","γὰρ","TRUE"
"402","ἠκούετε","FALSE"
"403","αὐτοῦ","TRUE"
"404","σεμνολογουμένου","FALSE"
"405",",","FALSE"
"406","ι","FALSE"
"407","τὴν","TRUE"
"408","δωρεὰν","FALSE"
"409","ἐνέγκασθαι","FALSE"
"410",",","FALSE"
"411","μὲν","TRUE"
"412","ἀπράγμονα","FALSE"
"413","οὐδὲ","TRUE"
"414","αὐτός","TRUE"
"415",",","FALSE"
"416","ὧς","TRUE"
"417","ἔοικεν","FALSE"
"418",",","FALSE"
"419","ι","FALSE"
"420","ἐπαινεῖ","FALSE"
"421","οὐδ","FALSE"
"422","εἴλετο","FALSE"
"423",",","FALSE"
"424","λανθάνει","FALSE"
"425","δ","FALSE"
"426","ὅσῳ","FALSE"
"427","τῶν","TRUE"
"428","ἰδιωτῶν","FALSE"
"429","αὑτὸν","TRUE"
"430","ἀποφαίνει","FALSE"
"431","δοκιμώτερον","FALSE"
"432",",","FALSE"
"433","εἰ","TRUE"
"434","καὶ","TRUE"
"435","κατὰ","TRUE"
"436","μικρὸν","FALSE"
"437","τῶν","TRUE"
"438","ἐν","TRUE"
"439","τῇ","TRUE"
"440","πολιτείᾳ","FALSE"
"441","κινδύνων","FALSE"
"442","ἥψατο","FALSE"
"443",",","FALSE"
"444","τοσοῦτον","FALSE"
"445","αὑτοῦ","TRUE"
"446","προτιμῶν","FALSE"
"447","τὸν","TRUE"
"448","πολιτευόμενον","FALSE"
"449","οὐδὲ","TRUE"
"450","παυσάμενον","FALSE"
"451",",","FALSE"
"452","ἀλλ","FALSE"
"453","μενον","FALSE"
"454","ἐν","TRUE"
"455","τοῖς","TRUE"
"456","μεγίστοις","FALSE"
"457","ἀγῶσιν","FALSE"
"458",".","FALSE"
"459","Ἒστι","FALSE"
"460","μὲν","TRUE"
"461","οὖν","TRUE"
"462","καὶ","TRUE"
"463","κατὰ","TRUE"
"464","τοῦτον","TRUE"
"465","οὐκ","TRUE"
"466","ἀπραγμο","FALSE"
"467","σύνης","FALSE"
"468",",","FALSE"
"469","ἀλλὰ","TRUE"
"470","πολιτείας","FALSE"
"471","ἡ","TRUE"
"472","κρίσις","FALSE"
"473",",","FALSE"
"474","οἶμαι","FALSE"
"475","δὲ","TRUE"
"476","θαυμάζειν","FALSE"
"477","ἐνίους","FALSE"
"478",",","FALSE"
"479","τί","TRUE"
"480","δή","TRUE"
"481","ποτε","FALSE"
"482","τῆς","TRUE"
"483","αὐτῆς","TRUE"
"484","πόλεως","FALSE"
"485","προεστηκότες","FALSE"
"486",",","FALSE"
"487","ὁ","TRUE"
"488","μὲν","TRUE"
"489","οὐδέπω","FALSE"
"490","καὶ","TRUE"
"491","τήμερον","FALSE"
"492","εἰς","TRUE"
"493","κίνδυνον","FALSE"
"494","ἐλήλυθεν","FALSE"
"495","οὐ","TRUE"
"496","δένα","FALSE"
"497",",","FALSE"
"498","ἐμοὶ","TRUE"
"499","δὲ","TRUE"
"500","ἄλλοτε","FALSE"
"501","ἅλιος","FALSE"
"502","ἐφέστηκε","FALSE"
"503","κατήγορος","FALSE"
"504",".","FALSE"
"505","ὅσον","FALSE"
"506","δὲ","TRUE"
"507","τὸ","TRUE"
"508","μέσον","FALSE"
"509","τῆς","TRUE"
"510","τύχης","FALSE"
"511",",","FALSE"
"512","τούτου","TRUE"
"513","δὴ","TRUE"
"514","καὶ","TRUE"
"515","πρώτου","FALSE"
"516","τὴν","TRUE"
"517","αἰτίαν","FALSE"
"518","ὑμῖν","TRUE"
"519","συστήσω","FALSE"
"520","ἥτις","TRUE"
"521","ἐστὶ","TRUE"
"522","σαφῶς","FALSE"
"523",",","FALSE"
"524","ἔνα","FALSE"
"525","μὴ","TRUE"
"526","ὅτι","TRUE"
"527","βελτίω","FALSE"
"528",",","FALSE"
"529","ἀλλὰ","TRUE"
"530","μῆρε","FALSE"
"531","εὐτυχέστερον","FALSE"
"532","ἐμοῦ","TRUE"
"533","τοῦτον","TRUE"
"534","ἡγήσησθε","FALSE"
"535",".","FALSE"
"536","Ἐγὼ","TRUE"
"537","γάρ","TRUE"
"538",",","FALSE"
"539","ὦ","TRUE"
"540","ἄνδρες","FALSE"
"541","Ἀθηναῖοι","FALSE"
"542",",","FALSE"
"543","σφόδρα","FALSE"
"544","ἂν","TRUE"
"545","καὶ","TRUE"
"546","αὐτὸς","TRUE"
"547","ἠγάμην","FALSE"
"548","ἂν","TRUE"
"549","αὐτὸν","TRUE"
"550","ἀρετῆς","FALSE"
"551","μὲν","TRUE"
"552","οὐδεμιᾶς","FALSE"
"553",",","FALSE"
"554","εὐτυχίας","FALSE"
"555","δὲ","TRUE"
"556","θαυμαστῆς","FALSE"
"557",",","FALSE"
"558","εἰ","TRUE"
"559","τὰ","TRUE"
"560","αὐτὰ","TRUE"
"561","πράττων","FALSE"
"562","ἐμοὶ","TRUE"
"563","καὶ","TRUE"
"564","συντόνως","FALSE"
"565","ὁμοίως","FALSE"
"566","ἐχόμενος","FALSE"
"567","τῆς","TRUE"
"568","πολιτείας","FALSE"
"569","ἐμοῦ","TRUE"
"570","κεκριμένου","FALSE"
"571","πολ","FALSE"
"572","λάκις","FALSE"
"573","οὐδενὸς","TRUE"
"574","τετυχήκει","FALSE"
"575","κατηγόρου","FALSE"
"576","·","FALSE"
"577","νῦν","FALSE"
"578","δὲ","TRUE"
"579","οὔθ","FALSE"
"580","οὗτος","TRUE"
"581",",","FALSE"
"582","ὧσπερ","FALSE"
"583","ἀλαζονεύεται","FALSE"
"584",",","FALSE"
"585","τῷ","TRUE"
"586","καθαρῶς","FALSE"
"587","καὶ","TRUE"
"588","ἀναιτίως","FALSE"
"589","πράττειν","FALSE"
"590","τὰ","TRUE"
"591","πολιτικὰ","FALSE"
"592","ταύτῃ","TRUE"
"593","διαπέφευγε","FALSE"
"594","τοὺς","TRUE"
"595","συκοφάντας","FALSE"
"596",",","FALSE"
"597","οϊ","FALSE"
"598","καὶ","TRUE"
"599","πάντων","FALSE"
"600","ἥδιστα","FALSE"
"601","τοὺς","TRUE"
"602","ἀθῴους","FALSE"
"603","καὶ","TRUE"
"604","οἷς","TRUE"
"605","οὐδ","FALSE"
"606","ὁτιοῦν","FALSE"
"607","ὕπεστιν","FALSE"
"608","ἔγκλμα","FALSE"
"609",",","FALSE"
"610","τούτους","TRUE"
"611","διώκουσιν","FALSE"
"612",",","FALSE"
"613","οὔτ","FALSE"
"614","αὐτὸς","TRUE"
"615","ὑπο","FALSE"
"616","νοίας","FALSE"
"617","ἀδίκου","FALSE"
"618","γινόμενος","FALSE"
"619","ἐγγύς","FALSE"
"620",",","FALSE"
"621","ὧς","TRUE"
"622","οὗτος","TRUE"
"623","διέβαλλέ","FALSE"
"624","με","TRUE"
"625",",","FALSE"
"626","πολλοὺς","FALSE"
"627","ἀντιδίκους","FALSE"
"628","ἐπισπῶμαι","FALSE"
"629",".","FALSE"
"630","πόθεν","FALSE"
"631",";","FALSE"
"632","οὐ","TRUE"
"633","γὰρ","TRUE"
"634","ἂν","TRUE"
"635","ἐν","TRUE"
"636","πᾶσιν","FALSE"
"637","ἀπεδεικνύμην","FALSE"
"638","τοῖς","TRUE"
"639","ἀγῶσι","FALSE"
"640","καθαρεύων","FALSE"
"641","παντὸς","FALSE"
"642","αἰσχροῦ","FALSE"
"643",".","FALSE"
"644","τίς","TRUE"
"645","οὖν","TRUE"
"646","ἡ","TRUE"
"647","τοσαύτη","FALSE"
"648","διαφορά","FALSE"
"649",";","FALSE"
"650","τὴν","TRUE"
"651","μὲν","TRUE"
"652","ἄχρι","FALSE"
"653","τοῦ","TRUE"
"654","βήματος","FALSE"
"655","ὁδὸν","FALSE"
"656","κοινὴν","FALSE"
"657","ἄμφω","FALSE"
"658","πεπορεύμεθα","FALSE"
"659",",","FALSE"
"660","τὴν","TRUE"
"661","δὲ","TRUE"
"662","διὰ","TRUE"
"663","τῶν","TRUE"
"664","πραγμάτων","FALSE"
"665","ἄλλην","TRUE"
"666","ἄλλος","TRUE"
"667","τέτραπται","FALSE"
"668",".","FALSE"
"669","Κέφαλος","FALSE"
"670","μὲν","TRUE"
"671","ἀφοσιούμενος","FALSE"
"672","τὴν","TRUE"
"673","πολιτείαν","FALSE"
"674","ἄχρι","FALSE"
"675","τοῦ","TRUE"
"676","ῥήτωρ","FALSE"
"677","εἶναι","TRUE"
"678","δοκεῖν","FALSE"
"679",",","FALSE"
"680","εἰ","TRUE"
"681","μέν","TRUE"
"682","τι","TRUE"
"683","μέγα","FALSE"
"684","καὶ","TRUE"
"685","ἀτέκμαρτον","FALSE"
"686","ἔχον","FALSE"
"687","τοῦ","TRUE"
"688","τέλους","FALSE"
"689","τὴν","TRUE"
"690","κρίσιν","FALSE"
"691","καὶ","TRUE"
"692","περὶ","TRUE"
"693","οὗ","TRUE"
"694","δεῖ","FALSE"
"695","τὸν","TRUE"
"696","ῥήτορα","FALSE"
"697","ἐγγυητὴν","FALSE"
"698","γε","TRUE"
"699","νέσθαι","FALSE"
"700","τῆς","TRUE"
"701","τύχης","FALSE"
"702",",","FALSE"
"703","καὶ","TRUE"
"704","τὸ","TRUE"
"705","τοῦ","TRUE"
"706","μέλλοντος","FALSE"
"707","ἄδηλον","FALSE"
"708",",","FALSE"
"709","πρὸς","TRUE"
"710","ταῦτα","TRUE"
"711","μέν","TRUE"
"712",",","FALSE"
"713","ὧς","TRUE"
"714","οὐδ","FALSE"
"715","ἂν","TRUE"
"716","εἶς","FALSE"
"717","τῶν","TRUE"
"718","ἰδιωτῶν","FALSE"
"719",",","FALSE"
"720","οὗτος","TRUE"
"721","ὑμῖν","TRUE"
"722","ἄφωνος","FALSE"
"723","κάθηται","FALSE"
"724","·","FALSE"
"725","ὅταν","FALSE"
"726","δὲ","TRUE"
"727","ἱερῶν","FALSE"
"728","πέρι","TRUE"
"729","χρηματίζηται","FALSE"
"730","καὶ","TRUE"
"731","περὶ","TRUE"
"732","τοῦ","TRUE"
"733","τὰς","TRUE"
"734","ὁδοὺς","FALSE"
"735","ἐπισκευάσαι","FALSE"
"736","·","FALSE"
"737","καὶ","TRUE"
"738","κονιᾶν","FALSE"
"739","τὰς","TRUE"
"740","ἐπάλξεις","FALSE"
"741",",","FALSE"
"742","τὰ","TRUE"
"743","πάρεργα","FALSE"
"744","καὶ","TRUE"
"745","μικρά","FALSE"
"746",",","FALSE"
"747","ῥήτωρ","FALSE"
"748","πρῶτος","FALSE"
"749","ὑπα","FALSE"
"750","κούει","FALSE"
"751","τῷ","TRUE"
"752","κήρυκι","FALSE"
"753",".","FALSE"
"754","ζητεῖ","FALSE"
"755","γὰρ","TRUE"
"756","λόγους","FALSE"
"757",",","FALSE"
"758","οὐχ","TRUE"
"759","οἱ","TRUE"
"760","δημοσίᾳ","FALSE"
"761","τι","TRUE"
"762","λαμπρὸν","FALSE"
"763","καὶ","TRUE"
"764","μέγα","FALSE"
"765","παρασκευάσουσιν","FALSE"
"766",",","FALSE"
"767","ἀλλὰ","TRUE"
"768","τοὺς","TRUE"
"769","ἀκιν","FALSE"
"770","δύνους","FALSE"
"771","ἑαυτῷ","TRUE"
"772",".","FALSE"
"773","περὶ","TRUE"
"774","πολέμου","FALSE"
"775","σκέψις","FALSE"
"776","ἐστίν","TRUE"
"777","·","FALSE"
"778","ὅτι","TRUE"
"779","μὲν","TRUE"
"780","χρὴ","FALSE"
"781","πολεμεῖν","FALSE"
"782","οὐδεὶς","TRUE"
"783","ἤκουσεν","FALSE"
"784","αὐτοῦ","TRUE"
"785","ῥᾳδίως","FALSE"
"786",",","FALSE"
"787","ἐπαινέσας","FALSE"
"788","δὲ","TRUE"
"789","τοὺς","TRUE"
"790","προγόνους","FALSE"
"791","καὶ","TRUE"
"792","τὰ","TRUE"
"793","τρόπαια","FALSE"
"794","ἀριθμήσας","FALSE"
"795","κατέβη","FALSE"
"796","πάλιν","FALSE"
"797",".","FALSE"
"798","πολλὰ","FALSE"
"799","δὲ","TRUE"
"800","καὶ","TRUE"
"801","πρὸς","TRUE"
"802","χάριν","FALSE"
"803","λέγει","FALSE"
"804",",","FALSE"
"805","θεωρικῶν","FALSE"
"806","δια","FALSE"
"807","νομὰς","FALSE"
"808","καὶ","TRUE"
"809","τοιαῦτα","TRUE"
"810",".","FALSE"
"811","πολιτεύεται","FALSE"
"812","ἐνέχυρον","FALSE"
"813","τῆς","TRUE"
"814","ἀσφα","FALSE"
"815","λείας","FALSE"
"816","ἔχων","FALSE"
"817","τὴν","TRUE"
"818","ἡδονὴν","FALSE"
"819","τῶν","TRUE"
"820","ἀκροωμένων","FALSE"
"821",".","FALSE"
"822","ἀφ","FALSE"
"823","ὧν","TRUE"
"824","αὐτὸς","TRUE"
"825","μὲν","TRUE"
"826","ἀθάνατος","FALSE"
"827","ἕνεκα","FALSE"
"828","τῆς","TRUE"
"829","παρ","FALSE"
"830","ὑμῖν","TRUE"
"831","ἀσφαλείας","FALSE"
"832",",","FALSE"
"833","ὁ","TRUE"
"834","δῆμος","FALSE"
"835","δὲ","TRUE"
"836","οὐ","TRUE"
"837","δύναμιν","FALSE"
"838",",","FALSE"
"839","οὐ","TRUE"
"840","τιμήν","FALSE"
"841",",","FALSE"
"842","οὐ","TRUE"
"843","δόξαν","FALSE"
"844","ἐκαρπώ","FALSE"
"845","σατο","FALSE"
"846",".","FALSE"
"847","οὐ","TRUE"
"848","μόνον","FALSE"
"849","δὲ","TRUE"
"850","τὸν","TRUE"
"851","δῆμον","FALSE"
"852","ταύτῃ","TRUE"
"853","ὑπέρχεται","FALSE"
"854",",","FALSE"
"855","ἀλλὰ","TRUE"
"856","καὶ","TRUE"
"857","τοὺς","TRUE"
"858","ῥήτορας","FALSE"
"859","αὐτοὺς","TRUE"
"860","θεραπεύων","FALSE"
"861","διαγίνεται","FALSE"
"862",",","FALSE"
"863","κἂν","TRUE"
"864","δοκῇ","FALSE"
"865","τοῖς","TRUE"
"866","μὲν","TRUE"
"867","ταῦτα","TRUE"
"868",",","FALSE"
"869","τοῖς","TRUE"
"870","δὲ","TRUE"
"871","τἀναντία","FALSE"
"872",",","FALSE"
"873","οὐδετέροις","FALSE"
"874","ἀντιλέγει","FALSE"
"875","σαφῶς","FALSE"
"876",",","FALSE"
"877","ἐπαμφοτερίζων","FALSE"
"878","δὲ","TRUE"
"879","τάττεται","FALSE"
"880","διὰ","TRUE"
"881","μέ","TRUE"
"882","σου","TRUE"
"883","καὶ","TRUE"
"884","φίλος","FALSE"
"885","ἀμφοτέροις","FALSE"
"886","μένει","FALSE"
"887",".","FALSE"
"888","τὰς","TRUE"
"889","γνώμας","FALSE"
"890","οὐχ","TRUE"
"891",",","FALSE"
"892","ὥσπερ","FALSE"
"893","ἡμῶν","TRUE"
"894","ἕκαστος","FALSE"
"895",",","FALSE"
"896","ἐν","TRUE"
"897","πινακίῳ","FALSE"
"898","γεγραμμένος","FALSE"
"899","οἴκοθεν","FALSE"
"900",",","FALSE"
"901","λόγους","FALSE"
"902","δὲ","TRUE"
"903","προκαθίησιν","FALSE"
"904","ἐκ","TRUE"
"905","πολλοῦ","FALSE"
"906",",","FALSE"
"907","κἂν","TRUE"
"908","μὲν","TRUE"
"909","ἀντιλέγῃ","FALSE"
"910","μηδείς","FALSE"
"911",",","FALSE"
"912","ἔγραψεν","FALSE"
"913","·","FALSE"
"914","ἢν","TRUE"
"915","δὲ","TRUE"
"916","καὶ","TRUE"
"917","σμικρὸν","FALSE"
"918","ὑποκρούσῃ","FALSE"
"919","τις","TRUE"
"920",",","FALSE"
"921","·","FALSE"
"922","καὶ","TRUE"
"923","προίδηται","FALSE"
"924","γραφήν","FALSE"
"925",",","FALSE"
"926","ῥίψας","FALSE"
"927","τὸ","TRUE"
"928","ψήφισμα","FALSE"
"929","φεύγων","FALSE"
"930","οἴχεται","FALSE"
"931",".","FALSE"
"932","κλέπτουσι","FALSE"
"933","τὰ","TRUE"
"934","κοινά","FALSE"
"935","τινες","TRUE"
"936",".","FALSE"
"937","εἰ","TRUE"
"938","μὲν","TRUE"
"939","ῥήτωρ","FALSE"
"940","οἷος","FALSE"
"941","ἀντεγκαλεῖν","FALSE"
"942",",","FALSE"
"943","οὐχ","TRUE"
"944","ὁρᾷ","FALSE"
"945",",","FALSE"
"946","ἐπὶ","TRUE"
"947","δὲ","TRUE"
"948","τοὺς","TRUE"
"949","ἰδιώτας","FALSE"
"950","καὶ","TRUE"
"951","ὑφ","FALSE"
"952","ὧν","TRUE"
"953","οὐ","TRUE"
"954","δέος","FALSE"
"955","μὴ","TRUE"
"956","κριθῇ","FALSE"
"957","δεινός","FALSE"
"958","ἐστιν","TRUE"
"959",".","FALSE"
"960","Ὅτι","TRUE"
"961","μὲν","TRUE"
"962","οὖν","TRUE"
"963","οὗτος","TRUE"
"964","ἀνέγκλητός","FALSE"
"965","ἐστι","TRUE"
"966","καὶ","TRUE"
"967","νῦν","FALSE"
"968","ἔτι","TRUE"
"969","μένει","FALSE"
"970",",","FALSE"
"971","μεμαθήκατε","FALSE"
"972","·","FALSE"
"973","ἐγὼ","TRUE"
"974","δὲ","TRUE"
"975","νομίζω","FALSE"
"976","ἔνα","FALSE"
"977","βίον","FALSE"
"978","ἐξ","TRUE"
"979","ἀρχῆς","FALSE"
"980","ἕκαστον","FALSE"
"981","ἑλέσθαι","FALSE"
"982","προσήκειν","FALSE"
"983","τινά","TRUE"
"984",",","FALSE"
"985","οἷον","FALSE"
"986","ἄτολμος","FALSE"
"987","εἶ","TRUE"
"988","καὶ","TRUE"
"989","τὸ","TRUE"
"990","σαυτοῦ","FALSE"
"991","σκοπεῖς","FALSE"
"992","·","FALSE"
"993","ἀπλῶς","FALSE"
"994","ἡσυχίαν","FALSE"
"995","ἄγε","FALSE"
"996",".","FALSE"
"997","οὐχ","TRUE"
"998","ὑπομένεις","FALSE"
"999","ἀργὸς","FALSE"
"1000","οὐδ","FALSE"
"1001","ἀσύμβολος","FALSE"
"1002","εἶναι","TRUE"
"1003","τῇ","TRUE"
"1004","πόλει","FALSE"
"1005","οὐδὲ","TRUE"
"1006","βούλει","FALSE"
"1007","ζῆν","FALSE"
"1008","ἀφανῶς","FALSE"
"1009","ἐν","TRUE"
"1010","τῷ","TRUE"
"1011","σκότῳ","FALSE"
"1012","κατορωρυγ","FALSE"
"1013","μένος","FALSE"
"1014","·","FALSE"
"1015","καὶ","TRUE"
"1016","τὰ","TRUE"
"1017","σφαλερὰ","FALSE"
"1018","τῆς","TRUE"
"1019","πολιτείας","FALSE"
"1020","ὑπόμενε","FALSE"
"1021","καὶ","TRUE"
"1022","μὴ","TRUE"
"1023","φεῦγε","FALSE"
"1024","τοὺς","TRUE"
"1025","κινδύνους","FALSE"
"1026","ἢ","TRUE"
"1027","μηδὲ","FALSE"
"1028","τὰς","TRUE"
"1029","τιμὰς","FALSE"
"1030","δίωκε","FALSE"
"1031",".","FALSE"
"1032","ταῦτα","TRUE"
"1033","καὶ","TRUE"
"1034","ἐμαυτῷ","FALSE"
"1035","παραγγείλας","FALSE"
"1036",",","FALSE"
"1037","ἡγησάμην","FALSE"
"1038","γὰρ","TRUE"
"1039","οὐ","TRUE"
"1040","τοῖς","TRUE"
"1041","γονεῦσι","FALSE"
"1042","γενέσθαι","FALSE"
"1043","μόνον","FALSE"
"1044",",","FALSE"
"1045","ἀλλὰ","TRUE"
"1046","καὶ","TRUE"
"1047","πρώτη","FALSE"
"1048","τῇ","TRUE"
"1049","πατρίδι","FALSE"
"1050",",","FALSE"
"1051","οὐκ","TRUE"
"1052","ἐξ","TRUE"
"1053","ἡμισείας","FALSE"
"1054","πολιτεύομαι","FALSE"
"1055","τῷ","TRUE"
"1056","κατ","FALSE"
"1057","ἐμαυτὸν","FALSE"
"1058","ἀδεεῖ","FALSE"
"1059","κρίνων","FALSE"
"1060","τὰ","TRUE"
"1061","λεκτέα","FALSE"
"1062","καὶ","TRUE"
"1063","τὰ","TRUE"
"1064","μή","TRUE"
"1065",",","FALSE"
"1066","ἀλλ","FALSE"
"1067","ὅλον","FALSE"
"1068","ἐμαυτὸν","FALSE"
"1069","ἐπέδωκα","FALSE"
"1070","τοῖς","TRUE"
"1071","κοινοῖς","FALSE"
"1072","καὶ","TRUE"
"1073","ἀναπεπταμένῃ","FALSE"
"1074","πρὸς","TRUE"
"1075","ἃ","TRUE"
"1076","δεῖ","FALSE"
"1077","τῇ","TRUE"
"1078","παρρησίᾳ","FALSE"
"1079","χρῶμαι","FALSE"
"1080","οὐδένα","TRUE"
"1081","κίνδυνον","FALSE"
"1082","ἴδιον","FALSE"
"1083","ὑπολογιζό","FALSE"
"1084","μενος","FALSE"
"1085","οὔτε","TRUE"
"1086","εἴ","TRUE"
"1087","τις","TRUE"
"1088","ἐφ","FALSE"
"1089","οἷς","TRUE"
"1090","ὑφαιρεῖσθαι","FALSE"
"1091","τὰ","TRUE"
"1092","κοινὰ","FALSE"
"1093","κω","FALSE"
"1094","λύεται","FALSE"
"1095","μνησικακήσει","FALSE"
"1096","μοί","TRUE"
"1097","ποτε","FALSE"
"1098","καὶ","TRUE"
"1099","γράψεταί","FALSE"
"1100","με","TRUE"
"1101","οὔτε","TRUE"
"1102","εἰ","TRUE"
"1103","δωροδοκῶν","FALSE"
"1104","κᾆτ","FALSE"
"1105","ἐλεγχόμενος","FALSE"
"1106","ἀντεγκαλεῖ","FALSE"
"1107","οὔτε","TRUE"
"1108","εἰ","TRUE"
"1109","γρά","FALSE"
"1110","φων","FALSE"
"1111","ἐξόδους","FALSE"
"1112","καὶ","TRUE"
"1113","ναυτικοὺς","FALSE"
"1114","ἀποστόλους","FALSE"
"1115","εἶτα","FALSE"
"1116","λυπήσω","FALSE"
"1117","τοὺς","TRUE"
"1118","μὲν","TRUE"
"1119","πλουσίους","FALSE"
"1120","εἰσφέροντας","FALSE"
"1121","καὶ","TRUE"
"1122","τριηραρχοῦντας","FALSE"
"1123",",","FALSE"
"1124","τοὺς","TRUE"
"1125","δὲ","TRUE"
"1126","πολλοὺς","FALSE"
"1127","στρατευομένους","FALSE"
"1128","οὔτε","TRUE"
"1129","εἰ","TRUE"
"1130","ταῖς","TRUE"
"1131","τοῦ","TRUE"
"1132","δήμου","FALSE"
"1133","παντὸς","FALSE"
"1134","ἐπιθυμίαις","FALSE"
"1135","ἀντιστήσομαι","FALSE"
"1136",",","FALSE"
"1137","καὶ","TRUE"
"1138","γὰρ","TRUE"
"1139","τοῦτο","TRUE"
"1140","συμβούλου","FALSE"
"1141",",","FALSE"
"1142","ἀλλὰ","TRUE"
"1143","τῇ","TRUE"
"1144","μὲν","TRUE"
"1145","πόλει","FALSE"
"1146","χρήματα","FALSE"
"1147",",","FALSE"
"1148","δόξαν","FALSE"
"1149",",","FALSE"
"1150","ἡγε","FALSE"
"1151","μονίαν","FALSE"
"1152","κτώμενος","FALSE"
"1153",",","FALSE"
"1154","ἐμαυτῷ","FALSE"
"1155","δὲ","TRUE"
"1156","κατηγόρους","FALSE"
"1157",",","FALSE"
"1158","ἀφ","FALSE"
"1159","ἧς","TRUE"
"1160","ἡμέ","FALSE"
"1161","ρας","FALSE"
"1162","ἀνέβην","FALSE"
"1163","ἐπὶ","TRUE"
"1164","τὸ","TRUE"
"1165","βῆμα","FALSE"
"1166",",","FALSE"
"1167","τὴν","TRUE"
"1168","περὶ","TRUE"
"1169","τὰς","TRUE"
"1170","Ἑλληνικὰς","FALSE"
"1171","πράξεις","FALSE"
"1172","ἑλόμενος","FALSE"
"1173","πολιτείαν","FALSE"
"1174",",","FALSE"
"1175","ὑπεύθυνον","FALSE"
"1176","ἐμαυτὸν","FALSE"
"1177","διδοὺς","FALSE"
"1178","τῷ","TRUE"
"1179","τοῦ","TRUE"
"1180","πολέμου","FALSE"
"1181","τέλει","FALSE"
"1182",",","FALSE"
"1183","τῇ","TRUE"
"1184","τύχῃ","FALSE"
"1185",",","FALSE"
"1186","τῷ","TRUE"
"1187","καιρῷ","FALSE"
"1188",",","FALSE"
"1189","τοῖς","TRUE"
"1190","βουλο","FALSE"
"1191","μένοις","FALSE"
"1192",".","FALSE"
"1193","διὰ","TRUE"
"1194","ταῦτα","TRUE"
"1195","αἰτίας","FALSE"
"1196","ἐπ","FALSE"
"1197","ἐμὲ","TRUE"
"1198","πλάττουσιν","FALSE"
"1199",",","FALSE"
"1200","οἱ","TRUE"
"1201","μὲν","TRUE"
"1202","ἐφ","FALSE"
"1203","οἷς","TRUE"
"1204","ἀντεῖπον","FALSE"
"1205","ἀμυνόμενοι","FALSE"
"1206",",","FALSE"
"1207","οἱ","TRUE"
"1208","δ","FALSE"
"1209","ἐφ","FALSE"
"1210","αἷς","TRUE"
"1211","παρ","FALSE"
"1212","ὑμῶν","TRUE"
"1213","ἔχω","FALSE"
"1214","τιμαῖς","FALSE"
"1215","ἀχθόμενοι","FALSE"
"1216",".","FALSE"
"1217","καὶ","TRUE"
"1218","οὐ","TRUE"
"1219","μέμφομαι","FALSE"
"1220","τοῖς","TRUE"
"1221","συ","FALSE"
"1222","κοφάνταις","FALSE"
"1223",",","FALSE"
"1224","συναύξεται","FALSE"
"1225","γὰρ","TRUE"
"1226","ἅπασι","FALSE"
"1227","τοῖς","TRUE"
"1228","μεγάλοις","FALSE"
"1229","ὁ","TRUE"
"1230","φθόνος","FALSE"
"1231",".","FALSE"
"1232","κἂν","TRUE"
"1233","πάντα","FALSE"
"1234","τις","TRUE"
"1235","ποιῇ","FALSE"
"1236",",","FALSE"
"1237","τούς","TRUE"
"1238","γε","TRUE"
"1239","οὐδένα","TRUE"
"1240","βουλο","FALSE"
"1241","μένους","FALSE"
"1242","αὑτῶν","TRUE"
"1243","ἀμείνω","FALSE"
"1244","δοκεῖν","FALSE"
"1245","οὐ","TRUE"
"1246","διαφεύξεται","FALSE"
"1247","·","FALSE"
"1248","τὸ","TRUE"
"1249","μὲν","TRUE"
"1250","γὰρ","TRUE"
"1251","κακονοίᾳ","FALSE"
"1252","τὰς","TRUE"
"1253","γραφὰς","FALSE"
"1254","ἐνστήσασθαι","FALSE"
"1255","μισῶ","FALSE"
"1256","δικαίως","FALSE"
"1257",",","FALSE"
"1258","τοῦ","TRUE"
"1259","δὲ","TRUE"
"1260","ἀποβάντος","FALSE"
"1261","ὀλίγου","FALSE"
"1262","δέω","FALSE"
"1263","καὶ","TRUE"
"1264","χάριν","FALSE"
"1265","αὐτοῖς","TRUE"
"1266","εἰδέ","FALSE"
"1267","ναι","FALSE"
"1268",",","FALSE"
"1269","ὅτι","TRUE"
"1270","μοι","TRUE"
"1271","τὴν","TRUE"
"1272","ἀρετὴν","FALSE"
"1273","οὐκ","TRUE"
"1274","ἀνέλεγκτον","FALSE"
"1275","οὐδὲ","TRUE"
"1276","ἀμφισ","FALSE"
"1277","βητήσιμον","FALSE"
"1278","οὐδὲ","TRUE"
"1279","τῷ","TRUE"
"1280","μὲν","TRUE"
"1281","οὕτως","TRUE"
"1282",",","FALSE"
"1283","τῷ","TRUE"
"1284","δὲ","TRUE"
"1285","ἐκείνως","FALSE"
"1286","ὑπολαβεῖν","FALSE"
"1287","ἀπολελοίπασι","FALSE"
"1288",",","FALSE"
"1289","πάσας","FALSE"
"1290","δὲ","TRUE"
"1291","βασάνους","FALSE"
"1292","προσαγαγόντες","FALSE"
"1293","ἀναμάρτητον","FALSE"
"1294","καὶ","TRUE"
"1295","τοὐναντίον","FALSE"
"1296","ἢ","TRUE"
"1297","ἐζήτουν","FALSE"
"1298","ἀποδεδείχασιν","FALSE"
"1299","οὐκ","TRUE"
"1300","ἐν","TRUE"
"1301","τοῖς","TRUE"
"1302","πολιτικοῖς","FALSE"
"1303",",","FALSE"
"1304","οὐκ","TRUE"
"1305","ἐν","TRUE"
"1306","τοῖς","TRUE"
"1307","ἰδίοις","FALSE"
"1308","ἐξελέγξαι","FALSE"
"1309","δυνηθέντες","FALSE"
"1310",",","FALSE"
"1311","ἀλλ","FALSE"
"1312","ἡττηθέντες","FALSE"
"1313","ἐν","TRUE"
"1314","ἅπασι","FALSE"
"1315","τῆς","TRUE"
"1316","ἀληθείας","FALSE"
"1317",".","FALSE"
"1318","καὶ","TRUE"
"1319","οὔτε","TRUE"
"1320","ῥήτορος","FALSE"
"1321","δεινότης","FALSE"
"1322","οὔτε","TRUE"
"1323","συκοφάντου","FALSE"
"1324","θράσος","FALSE"
"1325",",","FALSE"
"1326","οὐ","TRUE"
"1327","ψευδολογία","FALSE"
"1328","μάρτυρος","FALSE"
"1329",",","FALSE"
"1330","οὐ","TRUE"
"1331","δικαστοῦ","FALSE"
"1332","φόβος","FALSE"
"1333",",","FALSE"
"1334","οὐ","TRUE"
"1335","μ","FALSE"
"1336","λογοποιούμεναι","FALSE"
"1337","κρείττους","FALSE"
"1338","ἐγένοντο","FALSE"
"1339","τῆς","TRUE"
"1340","ἐμῆς","TRUE"
"1341","πολι","FALSE"
"1342","τείας","FALSE"
"1343",",","FALSE"
"1344","κέκριμαι","FALSE"
"1345","δὲ","TRUE"
"1346","ἐν","TRUE"
"1347","πᾶσιν","FALSE"
"1348","ἀεὶ","FALSE"
"1349","καλῶς","FALSE"
"1350","βεβιωκέναι","FALSE"
"1351",".","FALSE"
"1352","οὐκοῦν","FALSE"
"1353","ἐγὼ","TRUE"
"1354","μὲν","TRUE"
"1355","ἀνωμολόγημαι","FALSE"
"1356","φανεραῖς","FALSE"
"1357","γνώσεσι","FALSE"
"1358","πάντων","FALSE"
"1359","δικαστηρίων","FALSE"
"1360","ἀγαθὸς","FALSE"
"1361","εἶναι","TRUE"
"1362","πολίτης","FALSE"
"1363",",","FALSE"
"1364","Κέ","TRUE"
"1365","φαλος","FALSE"
"1366","δὲ","TRUE"
"1367","μίαν","FALSE"
"1368","οὐκ","TRUE"
"1369","ἔχει","FALSE"
"1370","παρασχέσθαι","FALSE"
"1371","περὶ","TRUE"
"1372","αὑτοῦ","TRUE"
"1373","κρί","FALSE"
"1374","σιν","FALSE"
"1375",".","FALSE"
"1376","ὅ","TRUE"
"1377","καὶ","TRUE"
"1378","θαυμάζω","FALSE"
"1379","εἰ","TRUE"
"1380","δὶς","FALSE"
"1381","μὲν","TRUE"
"1382","περὶ","TRUE"
"1383","τῶν","TRUE"
"1384","αὐτῶν","TRUE"
"1385","οὐκ","TRUE"
"1386","ἔσονται","TRUE"
"1387","δίκαι","FALSE"
"1388",",","FALSE"
"1389","περὶ","TRUE"
"1390","ἐμοῦ","TRUE"
"1391","δὲ","TRUE"
"1392","κρίσεων","FALSE"
"1393","ὅσων","FALSE"
"1394","οὐδ","FALSE"
"1395","ἂν","TRUE"
"1396","εἴποι","FALSE"
"1397","τις","TRUE"
"1398","γεγενημένων","FALSE"
"1399","ἔτι","TRUE"
"1400","λόγου","FALSE"
"1401","δεῖσθε","FALSE"
"1402",",","FALSE"
"1403","καὶ","TRUE"
"1404","νόμῳ","FALSE"
"1405","μὲν","TRUE"
"1406","ἀπείπατε","FALSE"
"1407","δίκας","FALSE"
"1408","ἀναδίκους","FALSE"
"1409","ποιεῖν","FALSE"
"1410","πλὴν","FALSE"
"1411","τῶν","TRUE"
"1412","ἐπὶ","TRUE"
"1413","τοσαυτάκις","FALSE"
"1414","περὶ","TRUE"
"1415","ἐμοῦ","TRUE"
"1416","διέγνωσται","FALSE"
"1417",",","FALSE"
"1418","οὐ","TRUE"
"1419","βεβαιώσετε","FALSE"
"1420",",","FALSE"
"1421","καὶ","TRUE"
"1422","τὸ","TRUE"
"1423","πάντων","FALSE"
"1424","ἀτοπώτατον","FALSE"
"1425",",","FALSE"
"1426","ὅν","TRUE"
"1427","οὐκ","TRUE"
"1428","ἴστε","FALSE"
"1429",",","FALSE"
"1430","τοῦτον","TRUE"
"1431","ἐμοῦ","TRUE"
"1432","βελ","FALSE"
"1433","τίω","FALSE"
"1434","κρινεῖτε","FALSE"
"1435",",","FALSE"
"1436","οὗ","TRUE"
"1437","τὸν","TRUE"
"1438","τρόπον","FALSE"
"1439","ἀεὶ","FALSE"
"1440","καὶ","TRUE"
"1441","καθ","FALSE"
"1442","ἕκαστον","FALSE"
"1443","ἐπιτήδευμα","FALSE"
"1444","σαφῶς","FALSE"
"1445","μεμαθήκατε","FALSE"
"1446",".","FALSE"
"1447","τίς","TRUE"
"1448","γὰρ","TRUE"
"1449","τούτῳ","TRUE"
"1450","ψῆφος","FALSE"
"1451","ἠνέχθη","FALSE"
"1452","ποτέ","FALSE"
"1453",";","FALSE"
"1454","οὐκ","TRUE"
"1455","ἂν","TRUE"
"1456","εἰπεῖν","FALSE"
"1457","ἔχοι","FALSE"
"1458","ὅς","TRUE"
"1459","ἀκρίτῳ","FALSE"
"1460","δόξῃ","FALSE"
"1461","πε","FALSE"
"1462","πιστευκὼς","FALSE"
"1463","εἰς","TRUE"
"1464","τουτὶ","FALSE"
"1465","τὸ","TRUE"
"1466","δικαστήριον","FALSE"
"1467","πρῶτον","FALSE"
"1468","ἥκει","FALSE"
"1469","καὶ","TRUE"
"1470","νῦν","FALSE"
"1471","οὐδεμίαν","TRUE"
"1472","τῶν","TRUE"
"1473","βεβιωμένων","FALSE"
"1474","ἐξέτασιν","FALSE"
"1475","διδούς","FALSE"
"1476",",","FALSE"
"1477","ἀλλ","FALSE"
"1478","ὅτι","TRUE"
"1479","μὴ","TRUE"
"1480","κέκριται","FALSE"
"1481","τούτῳ","TRUE"
"1482","μόνῳ","FALSE"
"1483","τεθαρρηκώς","FALSE"
"1484",".","FALSE"
"1485","καὶ","TRUE"
"1486","πῶς","FALSE"
"1487","ἀρετῆς","FALSE"
"1488","δόξειεν","FALSE"
"1489","ἂν","TRUE"
"1490","εἶναι","TRUE"
"1491","κρίσις","FALSE"
"1492","ἡ","TRUE"
"1493","μηδ","FALSE"
"1494","ὁποία","FALSE"
"1495","κρίσις","FALSE"
"1496",".","FALSE"
"1497","οὐδὲν","TRUE"
"1498","γοῦν","FALSE"
"1499","ἕτερον","FALSE"
"1500","αὐτοῦ","TRUE"
"1501","παρὰ","TRUE"
"1502","πάντα","FALSE"
"1503","τὸν","TRUE"
"1504","λόγον","FALSE"
"1505","ἠκούετε","FALSE"
"1506","ἔξω","FALSE"
"1507","τοῦ","TRUE"
"1508","λαμπροῦ","FALSE"
"1509","σεμνολογήματος","FALSE"
"1510","·","FALSE"
"1511","οὐ","TRUE"
"1512","κέκρι","FALSE"
"1513","μαί","FALSE"
"1514","ποτε","FALSE"
"1515",",","FALSE"
"1516","οὐκ","TRUE"
"1517","ἐξήτασμαι","FALSE"
"1518",".","FALSE"
"1519","βεβίωκα","FALSE"
"1520","ἀνέγκλητος","FALSE"
"1521",".","FALSE"
"1522","οὐκ","TRUE"
"1523","ἴστε","FALSE"
"1524","με","TRUE"
"1525",".","FALSE"
"1526","ἐγὼ","TRUE"
"1527","δὲ","TRUE"
"1528","τοὺς","TRUE"
"1529","ἐναντίους","FALSE"
"1530","ἂν","TRUE"
"1531","παρά","TRUE"
"1532","γε","TRUE"
"1533","τοῦ","TRUE"
"1534","φάσκοντος","FALSE"
"1535","ἀξίου","FALSE"
"1536","τιμῆς","FALSE"
"1537","εἶναι","TRUE"
"1538","λόγους","FALSE"
"1539","·","FALSE"
"1540","ἀεὶ","FALSE"
"1541","παρ","FALSE"
"1542","ὑμῖν","TRUE"
"1543","δεδοκίμασμαι","FALSE"
"1544",".","FALSE"
"1545","πᾶσάν","FALSE"
"1546","μου","TRUE"
"1547","πεῖραν","FALSE"
"1548","εἰλήφατε","FALSE"
"1549",".","FALSE"
"1550","οὐδὲν","TRUE"
"1551","λαθραῖον","FALSE"
"1552","οὐδὲ","TRUE"
"1553","κρυφαῖον","FALSE"
"1554","τῶν","TRUE"
"1555","ἐμῶν","TRUE"
"1556",".","FALSE"
"1557","ἐν","TRUE"
"1558","ἅπασι","FALSE"
"1559","νενίκηκα","FALSE"
"1560","τοῖς","TRUE"
"1561","δικαστηρίοις","FALSE"
"1562",".","FALSE"
"1563","συνίσασί","FALSE"
"1564","μοι","TRUE"
"1565","τὴν","TRUE"
"1566","ἀρετὴν","FALSE"
"1567","οἱ","TRUE"
"1568","δικάσαντες","FALSE"
"1569",",","FALSE"
"1570","οἱ","TRUE"
"1571","μαρ","FALSE"
"1572","τυρήσαντες","FALSE"
"1573",",","FALSE"
"1574","οἱ","TRUE"
"1575","κρινομένῳ","FALSE"
"1576","παρεστηκότες","FALSE"
"1577",".","FALSE"
"1578","ταῦτ","FALSE"
"1579","ἦν","TRUE"
"1580","τοῦ","TRUE"
"1581","τῷ","TRUE"
"1582","συνειδότι","FALSE"
"1583","πεπιστευκότος","FALSE"
"1584",",","FALSE"
"1585","τοὺς","TRUE"
"1586","κατηγορήσοντας","FALSE"
"1587",",","FALSE"
"1588","οὐκ","TRUE"
"1589","ἀποδιδράσκειν","FALSE"
"1590","εἰς","TRUE"
"1591","τὸ","TRUE"
"1592","ἀφανές","FALSE"
"1593",".","FALSE"
"1594","κριθέντα","FALSE"
"1595","μὲν","TRUE"
"1596","γὰρ","TRUE"
"1597","οὐχ","TRUE"
"1598","οἷόν","FALSE"
"1599","τε","TRUE"
"1600","τὸν","TRUE"
"1601","μὴ","TRUE"
"1602","χρηστὸν","FALSE"
"1603","λαθεῖν","FALSE"
"1604",",","FALSE"
"1605","μὴ","TRUE"
"1606","κριθῆναι","FALSE"
"1607","δὲ","TRUE"
"1608","πολλοῖς","FALSE"
"1609","καὶ","TRUE"
"1610","τῶν","TRUE"
"1611","ἀδικούντων","FALSE"
"1612","ἐγένετο","FALSE"
"1613",".","FALSE"
"1614","καὶ","TRUE"
"1615","σὺ","TRUE"
"1616","μὲν","TRUE"
"1617","ἄδηλον","FALSE"
"1618","εἰ","TRUE"
"1619","κριθεὶς","FALSE"
"1620","ἐσώθης","FALSE"
"1621","ἄν","TRUE"
"1622",",","FALSE"
"1623","ἐγὼ","TRUE"
"1624","δὲ","TRUE"
"1625","πείρᾳ","FALSE"
"1626","δέδειγμαι","FALSE"
"1627","καθαρὸς","FALSE"
"1628","ὧν","TRUE"
"1629","ᾐτίαμαι","FALSE"
"1630",".","FALSE"
"1631","κἀ","FALSE"
"1632","γὼ","FALSE"
"1633","μὲν","TRUE"
"1634","ἐν","TRUE"
"1635","φωτὶ","FALSE"
"1636","πολλῷ","FALSE"
"1637",",","FALSE"
"1638","τὰ","TRUE"
"1639","δὲ","TRUE"
"1640","σὰ","TRUE"
"1641","σκοτεινά","FALSE"
"1642",",","FALSE"
"1643","ἀμάρτυρα","FALSE"
"1644",",","FALSE"
"1645","ὁποῖαπερ","FALSE"
"1646","ἂν","TRUE"
"1647","αὐτὸς","TRUE"
"1648","ταῦτα","TRUE"
"1649","βούλῃ","FALSE"
"1650","λέγειν","FALSE"
"1651","οἷς","TRUE"
"1652","ἔλεγχος","FALSE"
"1653","οὐδεὶς","TRUE"
"1654","ἔπεστιν","FALSE"
"1655",".","FALSE"
"1656","οὐδὲν","TRUE"
"1657","οὖν","TRUE"
"1658","ἄλλ","FALSE"
"1659","ἢ","TRUE"
"1660","δόξαν","FALSE"
"1661","ἄπιστον","FALSE"
"1662","ἀληθείας","FALSE"
"1663","ἐξητασμένης","FALSE"
"1664",",","FALSE"
"1665","ἀπειρίαν","FALSE"
"1666","πείρας","FALSE"
"1667",",","FALSE"
"1668","ἀμαθίαν","FALSE"
"1669","ἐπιστήμης","FALSE"
"1670",",","FALSE"
"1671","ἄγνοιαν","FALSE"
"1672","γνώσεως","FALSE"
"1673",",","FALSE"
"1674","ἐκεῖνα","FALSE"
"1675","τούτων","TRUE"
"1676","ἐπίπροσθεν","FALSE"
"1677","τίθησιν","FALSE"
"1678",",","FALSE"
"1679","ὅταν","FALSE"
"1680","ἑαυτὸν","TRUE"
"1681","πρὸ","FALSE"
"1682","ἐμοῦ","TRUE"
"1683","τιθῇ","FALSE"
"1684",".","FALSE"
"1685","τὰ","TRUE"
"1686","μὲν","TRUE"
"1687","γὰρ","TRUE"
"1688","ἐμὰ","TRUE"
"1689","ἴστε","FALSE"
"1690",",","FALSE"
"1691","τὰ","TRUE"
"1692","τούτου","TRUE"
"1693","δὲ","TRUE"
"1694","εἰκάζετε","FALSE"
"1695",".","FALSE"
"1696","μάντεων","FALSE"
"1697","μὲν","TRUE"
"1698","οὖν","TRUE"
"1699","τὰ","TRUE"
"1700","ἀφανῆ","FALSE"
"1701","στο","FALSE"
"1702","χάζεσθαι","FALSE"
"1703",",","FALSE"
"1704","δικαστῶν","FALSE"
"1705","δὲ","TRUE"
"1706","ἀφ","FALSE"
"1707","ὧν","TRUE"
"1708","ἴσασι","FALSE"
"1709","τὴν","TRUE"
"1710","ψῆφον","FALSE"
"1711","τί","TRUE"
"1712","θεσθαι","FALSE"
"1713",".","FALSE"
"1714","ὅμοιον","FALSE"
"1715","εἰ","TRUE"
"1716","καὶ","TRUE"
"1717","ψήφισμα","FALSE"
"1718","ἄκριτον","FALSE"
"1719","πρὸ","FALSE"
"1720","τοῦ","TRUE"
"1721","κε","TRUE"
"1722","κυρωμένου","FALSE"
"1723","καὶ","TRUE"
"1724","νόμον","FALSE"
"1725","ἄκυρον","FALSE"
"1726","πρὸ","FALSE"
"1727","τοῦ","TRUE"
"1728","ψήφῳ","FALSE"
"1729","κειμένου","FALSE"
"1730",",","FALSE"
"1731","εἰ","TRUE"
"1732","καὶ","TRUE"
"1733","βίον","FALSE"
"1734","ἄγνωστον","FALSE"
"1735","τοῦ","TRUE"
"1736","δεδοκιμασμένου","FALSE"
"1737","προτιμήσετε","FALSE"
"1738",".","FALSE"
"1739","καὶ","TRUE"
"1740","νῦν","FALSE"
"1741","μὲν","TRUE"
"1742","ὧς","TRUE"
"1743","ἐκ","TRUE"
"1744","νόμου","FALSE"
"1745","δοκιμάσαι","FALSE"
"1746","δέον","FALSE"
"1747","ἀπαι","FALSE"
"1748","τεῖτε","FALSE"
"1749","τοὺς","TRUE"
"1750","ἀμφοτέρων","FALSE"
"1751","βίους","FALSE"
"1752",",","FALSE"
"1753","τὸν","TRUE"
"1754","δὲ","TRUE"
"1755","μὴ","TRUE"
"1756","κριθέντα","FALSE"
"1757","προ","FALSE"
"1758","κρινεῖτε","FALSE"
"1759","τοῦ","TRUE"
"1760","πολλάκις","FALSE"
"1761",";","FALSE"
"1762","καὶ","TRUE"
"1763","πῶς","FALSE"
"1764","ἂν","TRUE"
"1765","ἔχοι","FALSE"
"1766","καλῶς","FALSE"
"1767","μίαν","FALSE"
"1768","ψῆφον","FALSE"
"1769","ἐναντίαν","FALSE"
"1770","τοσαύταις","FALSE"
"1771","ἐνεγκεῖν","FALSE"
"1772","καὶ","TRUE"
"1773","τοῦτον","TRUE"
"1774","μὲν","TRUE"
"1775","ἰσχύσαι","FALSE"
"1776","τὸ","TRUE"
"1777","νῦν","FALSE"
"1778",",","FALSE"
"1779","ἄν","TRUE"
"1780",",","FALSE"
"1781","ὃ","TRUE"
"1782","μὴ","TRUE"
"1783","γένοιτο","FALSE"
"1784",",","FALSE"
"1785","πείσας","FALSE"
"1786","κρατήσῃ","FALSE"
"1787",",","FALSE"
"1788","ἐμοὶ","TRUE"
"1789","δὲ","TRUE"
"1790","οὐδὲν","TRUE"
"1791","ὄφελος","FALSE"
"1792","αἱ","TRUE"
"1793","μυρίαι","FALSE"
"1794","νῖκαι","FALSE"
"1795",";","FALSE"
"1796","εἰ","TRUE"
"1797","δὲ","TRUE"
"1798","ἐν","TRUE"
"1799","ἑτέρᾳ","FALSE"
"1800","πόλει","FALSE"
"1801","κρινόμενος","FALSE"
"1802","παρεσχόμην","FALSE"
"1803","γνώσεις","FALSE"
"1804","ἐν","TRUE"
"1805","ὅσαις","FALSE"
"1806","ἐπιει","FALSE"
"1807","κής","FALSE"
"1808",",","FALSE"
"1809","οὕτως","TRUE"
"1810","γὰρ","TRUE"
"1811","ἴσως","FALSE"
"1812","ἀνεπίφθονον","FALSE"
"1813","εἰπεῖν","FALSE"
"1814",",","FALSE"
"1815","ἔδοξα","FALSE"
"1816",",","FALSE"
"1817","οὐκ","TRUE"
"1818","ἂν","TRUE"
"1819","ἐνίκων","FALSE"
"1820",",","FALSE"
"1821","ὅπουπερ","FALSE"
"1822","ἂν","TRUE"
"1823","ἦν","TRUE"
"1824","ἡ","TRUE"
"1825","κρίσις","FALSE"
"1826",";","FALSE"
"1827","ἕτεροι","FALSE"
"1828","μὲν","TRUE"
"1829","οὖν","TRUE"
"1830","ὑμῖν","TRUE"
"1831","ἀκολουθοῦντες","FALSE"
"1832","ἀμείνω","FALSE"
"1833","ἂν","TRUE"
"1834","τὸν","TRUE"
"1835","ὑφ","FALSE"
"1836","ὑμῶν","TRUE"
"1837","ἐπαινε","FALSE"
"1838","θέντα","FALSE"
"1839","τοῦ","TRUE"
"1840","μηδ","FALSE"
"1841","εἰς","TRUE"
"1842","ἐξέτασιν","FALSE"
"1843","ἐλθόντος","FALSE"
"1844","ἐψηφίσαντο","FALSE"
"1845",",","FALSE"
"1846","ὑμεῖς","TRUE"
"1847","δὲ","TRUE"
"1848","τοῖς","TRUE"
"1849","ὑφ","FALSE"
"1850","ὑμῶν","TRUE"
"1851","ἐγνωσμένοις","FALSE"
"1852","ἀπιστήσετε","FALSE"
"1853",";","FALSE"
"1854","καὶ","TRUE"
"1855","τὸν","TRUE"
"1856","δεῖνα","FALSE"
"1857","μὲν","TRUE"
"1858","δημότην","FALSE"
"1859","ἢ","TRUE"
"1860","φυλέτην","FALSE"
"1861","εἰ","TRUE"
"1862","παρεστησάμην","FALSE"
"1863","μάρτυρα","FALSE"
"1864","τοῦ","TRUE"
"1865","τρόπου","FALSE"
"1866",",","FALSE"
"1867","κατ","FALSE"
"1868","ἐκεῖνον","FALSE"
"1869","ἄν","TRUE"
"1870",",","FALSE"
"1871","εἰ","TRUE"
"1872","μή","TRUE"
"1873","τις","TRUE"
"1874","αὐτῷ","TRUE"
"1875","ψευδομαρτυριῶν","FALSE"
"1876","ἐπέσκηψεν","FALSE"
"1877",",","FALSE"
"1878","ἐκρίνατε","FALSE"
"1879",",","FALSE"
"1880","πάντων","FALSE"
"1881","δὲ","TRUE"
"1882","μαρ","FALSE"
"1883","τυρούντων","FALSE"
"1884","μοι","TRUE"
"1885","τῶν","TRUE"
"1886","δ","FALSE"
"1887","δικαστηρίων","FALSE"
"1888",",","FALSE"
"1889","ἐν","TRUE"
"1890","οἷς","TRUE"
"1891","αὐτοὶ","TRUE"
"1892","δικά","FALSE"
"1893","ζοντες","FALSE"
"1894","ἐκρίνατε","FALSE"
"1895",",","FALSE"
"1896","ἕτερα","FALSE"
"1897","γνώσεσθε","FALSE"
"1898",";","FALSE"
"1899","ποῖον","FALSE"
"1900","γὰρ","TRUE"
"1901","οὐ","TRUE"
"1902","συνη","FALSE"
"1903","γόρει","FALSE"
"1904","μοι","TRUE"
"1905","συνέδριον","FALSE"
"1906",";","FALSE"
"1907","οὐχ","TRUE"
"1908","ἡ","TRUE"
"1909","βουλὴ","FALSE"
"1910","τῶν","TRUE"
"1911","πεντακοσίων","FALSE"
"1912",";","FALSE"
"1913","οὐκ","TRUE"
"1914","Ἄρειος","FALSE"
"1915","πάγος","FALSE"
"1916",";","FALSE"
"1917","οὐχ","TRUE"
"1918","ἡλιαία","FALSE"
"1919",";","FALSE"
"1920","οὐχ","TRUE"
"1921","ὅ","TRUE"
"1922","τι","TRUE"
"1923","ἂν","TRUE"
"1924","εἴποι","FALSE"
"1925","τις;.","FALSE"
"1926","Καίτοι","FALSE"
"1927","φησὶν","FALSE"
"1928","οὐ","TRUE"
"1929","περὶ","TRUE"
"1930","δωρεᾶς","FALSE"
"1931",",","FALSE"
"1932","ἀλλὰ","TRUE"
"1933","περὶ","TRUE"
"1934","τι","TRUE"
"1935","μωρίας","FALSE"
"1936","κριθῆναί","FALSE"
"1937","με","TRUE"
"1938","καὶ","TRUE"
"1939","περὶ","TRUE"
"1940","τοῦ","TRUE"
"1941","μὴ","TRUE"
"1942","πονηρόν","FALSE"
"1943",",","FALSE"
"1944","ἀλλ","FALSE"
"1945","οὐ","TRUE"
"1946","περὶ","TRUE"
"1947","τοῦ","TRUE"
"1948","χρηστὸν","FALSE"
"1949","εἷναι","FALSE"
"1950","δοκεῖν","FALSE"
"1951",".","FALSE"
"1952","ἐγὼ","TRUE"
"1953","δὲ","TRUE"
"1954","εἰ","TRUE"
"1955","μὲν","TRUE"
"1956","δωρεᾶς","FALSE"
"1957","ἄντικρυς","FALSE"
"1958","οὑτωσὶ","FALSE"
"1959","παρ","FALSE"
"1960","ὑμῖν","TRUE"
"1961","ἠγωνισάμην","FALSE"
"1962",",","FALSE"
"1963","ἐστε","TRUE"
"1964","φανούμην","FALSE"
"1965","ἂν","TRUE"
"1966","εὐθὺς","FALSE"
"1967","ὑπὸ","TRUE"
"1968","τοῦ","TRUE"
"1969","πρώτου","FALSE"
"1970","δικαστηρίου","FALSE"
"1971",",","FALSE"
"1972","καὶ","TRUE"
"1973","πλείονος","FALSE"
"1974","ἐξετάσεως","FALSE"
"1975","οὐκ","TRUE"
"1976","ἔδει","FALSE"
"1977","·","FALSE"
"1978","νῦν","FALSE"
"1979","δὲ","TRUE"
"1980","εἰ","TRUE"
"1981","καὶ","TRUE"
"1982","μὴ","TRUE"
"1983","καθ","FALSE"
"1984","ἑκάστην","FALSE"
"1985","ἀγαθὸς","FALSE"
"1986","δέδειγμαι","FALSE"
"1987","κρίσιν","FALSE"
"1988",",","FALSE"
"1989","ἀλλ","FALSE"
"1990","ὅμως","FALSE"
"1991","οὐ","TRUE"
"1992","κακός","FALSE"
"1993",",","FALSE"
"1994","ἀθρόαι","FALSE"
"1995","γνώσεις","FALSE"
"1996","ἀρετῆς","FALSE"
"1997","εἰσιν","TRUE"
"1998",".","FALSE"
"1999","διὰ","TRUE"
"2000","τί","TRUE"
"2001",";","FALSE"
"2002","ὅτι","TRUE"
"2003","μίαν","FALSE"
"2004","μέν","TRUE"
"2005","τις","TRUE"
"2006","ἐκφυγὼν","FALSE"
"2007","αἰτίαν","FALSE"
"2008","οὔπω","FALSE"
"2009","δῆλον","FALSE"
"2010","εἰ","TRUE"
"2011","καὶ","TRUE"
"2012","τὰ","TRUE"
"2013","ἄλλα","TRUE"
"2014","τοιοῦτός","TRUE"
"2015","ἐστιν","TRUE"
"2016",".","FALSE"
"2017","οἷον","FALSE"
"2018","ὁ","TRUE"
"2019","δίκαιος","FALSE"
"2020","εἰς","TRUE"
"2021","χρήματα","FALSE"
"2022","τάχα","FALSE"
"2023","ἂν","TRUE"
"2024","ἄλλως","TRUE"
"2025","ὑβριστὴς","FALSE"
"2026","φανείη","FALSE"
"2027",".","FALSE"
"2028","ὁ","TRUE"
"2029","μέτριος","FALSE"
"2030","ἐνταῦθα","FALSE"
"2031","καὶ","TRUE"
"2032","πλησίον","FALSE"
"2033","τῶν","TRUE"
"2034","νόμων","FALSE"
"2035","ἴσως","FALSE"
"2036","πονηρὸς","FALSE"
"2037","ἐν","TRUE"
"2038","τῇ","TRUE"
"2039","ξένῃ","FALSE"
"2040",".","FALSE"
"2041","πρεσβεύει","FALSE"
"2042","μέν","TRUE"
"2043","τις","TRUE"
"2044","ἀδωροδοκήτως","FALSE"
"2045",",","FALSE"
"2046","τὰ","TRUE"
"2047","ἄλλα","TRUE"
"2048","δὲ","TRUE"
"2049","μισθοῦ","FALSE"
"2050","πολιτεύεται","FALSE"
"2051",".","FALSE"
"2052","τὰ","TRUE"
"2053","κοινά","FALSE"
"2054","τις","TRUE"
"2055","χρηστός","FALSE"
"2056",",","FALSE"
"2057","ἰδίᾳ","FALSE"
"2058","δὲ","TRUE"
"2059","οὐχ","TRUE"
"2060","ὅμοιος","FALSE"
"2061",".","FALSE"
"2062","οὔκουν","FALSE"
"2063","ἀξιόχρεως","FALSE"
"2064","ἄφεσις","FALSE"
"2065","ἐγκλήματος","FALSE"
"2066","ἑνὸς","FALSE"
"2067","τῆς","TRUE"
"2068","ὅλης","FALSE"
"2069","ἀρετῆς","FALSE"
"2070","πίστις","FALSE"
"2071","εἶναι","TRUE"
"2072","τῷ","TRUE"
"2073","τὸν","TRUE"
"2074","αὐτὸν","TRUE"
"2075","τὸν","TRUE"
"2076","μὲν","TRUE"
"2077","οὐ","TRUE"
"2078","δοκεῖν","FALSE"
"2079","ἀδικεῖν","FALSE"
"2080",",","FALSE"
"2081","ἕτερον","FALSE"
"2082","δέ","TRUE"
"2083","τινα","TRUE"
"2084",".","FALSE"
"2085","εἰ","TRUE"
"2086","δέ","TRUE"
"2087","τις","TRUE"
"2088","διὰ","TRUE"
"2089","πάντων","FALSE"
"2090","κέκριται","FALSE"
"2091","τῶν","TRUE"
"2092","ἐπιτηδευμάτων","FALSE"
"2093","καὶ","TRUE"
"2094","μήτε","FALSE"
"2095","ἐν","TRUE"
"2096","τοῖς","TRUE"
"2097","ἰδίοις","FALSE"
"2098","μήτε","FALSE"
"2099","ἐν","TRUE"
"2100","οἷς","TRUE"
"2101","πεπολίτευται","FALSE"
"2102","δέδεικται","FALSE"
"2103","πονηρός","FALSE"
"2104",",","FALSE"
"2105","οὐκ","TRUE"
"2106","Ἀθήνησιν","FALSE"
"2107",",","FALSE"
"2108","οὐκ","TRUE"
"2109","ἐπὶ","TRUE"
"2110","τῆς","TRUE"
"2111","ξένης","FALSE"
"2112",",","FALSE"
"2113","οὐχ","TRUE"
"2114","ἑκών","FALSE"
"2115",",","FALSE"
"2116","οὐκ","TRUE"
"2117","ἄκων","FALSE"
"2118",",","FALSE"
"2119","οὐχ","TRUE"
"2120","ὑπὸ","TRUE"
"2121","προνοίας","FALSE"
"2122",",","FALSE"
"2123","οὐκ","TRUE"
"2124","ἐκ","TRUE"
"2125","ὁτιοῦν","FALSE"
"2126","ὑπαίτιος","FALSE"
"2127","ἐλήλεγκται","FALSE"
"2128",",","FALSE"
"2129","πάντα","FALSE"
"2130","ἄριστος","FALSE"
"2131",".","FALSE"
"2132","τὸ","TRUE"
"2133","γὰρ","TRUE"
"2134","ἐν","TRUE"
"2135","μέρει","FALSE"
"2136","καὶ","TRUE"
"2137","καθ","FALSE"
"2138","ἕκαστον","FALSE"
"2139","ἀναίτιον","FALSE"
"2140","εἰς","TRUE"
"2141","ἓν","FALSE"
"2142","ἀρετῆς","FALSE"
"2143","κεφά","FALSE"
"2144","λαιον","FALSE"
"2145","ἀθροίζεται","FALSE"
"2146",".","FALSE"
"2147","οὐδὲ","TRUE"
"2148","γάρ","TRUE"
"2149","ἐστιν","TRUE"
"2150","ἄλλη","TRUE"
"2151","τις","TRUE"
"2152","ἀνδραγαθία","FALSE"
"2153","πλὴν","FALSE"
"2154","τὸ","TRUE"
"2155","κακίας","FALSE"
"2156","πάσης","FALSE"
"2157","ἐκτὸς","FALSE"
"2158","εἷναι","FALSE"
"2159",".","FALSE"
"2160","εἰ","TRUE"
"2161","μὲν","TRUE"
"2162","γάρ","TRUE"
"2163","ἐστιν","TRUE"
"2164","ἐν","TRUE"
"2165","θεοῖς","FALSE"
"2166","ἀρετή","FALSE"
"2167","τις","TRUE"
"2168","ἑτέρα","FALSE"
"2169","τελειοτέρα","FALSE"
"2170",",","FALSE"
"2171","θεὸς","FALSE"
"2172","οἶδεν","FALSE"
"2173","·","FALSE"
"2174","ἀνθρώπου","FALSE"
"2175","δὲ","TRUE"
"2176","αὕτη","TRUE"
"2177","μία","FALSE"
"2178","ἀναμάρτητον","FALSE"
"2179","ἐν","TRUE"
"2180","ἅπασι","FALSE"
"2181","δειχθῆ","FALSE"
"2182","ναι","FALSE"
"2183","τὸν","TRUE"
"2184","βέον","FALSE"
"2185",".","FALSE"
"2186","Ὁρᾶτε","FALSE"
"2187","δὲ","TRUE"
"2188","οὕτως","TRUE"
"2189","καὶ","TRUE"
"2190","καθ","FALSE"
"2191","ἕκαστον","FALSE"
"2192","ἐξετάζοντες","FALSE"
"2193",".","FALSE"
"2194","τίνα","TRUE"
"2195","δίκαιον","FALSE"
"2196","ἡγεῖσθε","FALSE"
"2197",";","FALSE"
"2198","ὅστις","TRUE"
"2199","οὐδὲν","TRUE"
"2200","ἀδικεῖ","FALSE"
"2201",",","FALSE"
"2202","φήσετε","FALSE"
"2203",".","FALSE"
"2204","τίνα","TRUE"
"2205","δὲ","TRUE"
"2206","ἔμφρονα","FALSE"
"2207",";","FALSE"
"2208","τον","FALSE"
"2209","οὐδὲν","TRUE"
"2210","ἀγνοοῦντα","FALSE"
"2211","τῶν","TRUE"
"2212","προσηκόντων","FALSE"
"2213","εἰδέναι","FALSE"
"2214","·","FALSE"
"2215","σώφρονα","FALSE"
"2216","δέ","TRUE"
"2217",",","FALSE"
"2218","εἴ","TRUE"
"2219","τις","TRUE"
"2220","ὕβρεως","FALSE"
"2221","καὶ","TRUE"
"2222","ἀσελγείας","FALSE"
"2223","ἀπήλλακται","FALSE"
"2224",".","FALSE"
"2225","καὶ","TRUE"
"2226","μὴν","FALSE"
"2227","καὶ","TRUE"
"2228","ἀνδρεῖος","FALSE"
"2229","ὁ","TRUE"
"2230","μὴ","TRUE"
"2231","δειλός","FALSE"
"2232",",","FALSE"
"2233","ἔνθα","FALSE"
"2234","τόλμης","FALSE"
"2235","καιρός","FALSE"
"2236","ἐστι","TRUE"
"2237",".","FALSE"
"2238","καὶ","TRUE"
"2239","πάσας","FALSE"
"2240","ἑνὶ","FALSE"
"2241","λόγῳ","FALSE"
"2242","τὰς","TRUE"
"2243","ἀνθρω","FALSE"
"2244","πίνας","FALSE"
"2245","ἀρετὰς","FALSE"
"2246","αὐτοῦ","TRUE"
"2247","καμπτούσας","FALSE"
"2248","ἰδεῖν","FALSE"
"2249","ἔστιν","TRUE"
"2250","ἄχρι","FALSE"
"2251","τοῦ","TRUE"
"2252","τῶν","TRUE"
"2253","ἐναντίων","FALSE"
"2254","ἀφεστηκέναι","FALSE"
"2255",".","FALSE"
"2256","φρόνησις","FALSE"
"2257","μὲν","TRUE"
"2258","ἀνοίας","FALSE"
"2259","φυγή","FALSE"
"2260",",","FALSE"
"2261","δικαιοσύνη","FALSE"
"2262","δὲ","TRUE"
"2263","ἀδίκου","FALSE"
"2264","φυλακὴ","FALSE"
"2265","τρόπου","FALSE"
"2266",",","FALSE"
"2267","δειλίας","FALSE"
"2268","δὲ","TRUE"
"2269","τή","FALSE"
"2270","ρησις","FALSE"
"2271","εὐψυχία","FALSE"
"2272",",","FALSE"
"2273","καὶ","TRUE"
"2274","σωφροσύνη","FALSE"
"2275","τὸ","TRUE"
"2276","κρείττω","FALSE"
"2277","τῶν","TRUE"
"2278","ἡδονῶν","FALSE"
"2279","εἶναι","TRUE"
"2280",".","FALSE"
"2281","καὶ","TRUE"
"2282","πάντα","FALSE"
"2283","ἀγαθὸς","FALSE"
"2284","ὁ","TRUE"
"2285","μηδὲν","FALSE"
"2286","κακός","FALSE"
"2287",".","FALSE"
"2288","μάθοι","FALSE"
"2289","δ","FALSE"
"2290","ἄν","TRUE"
"2291","τις","TRUE"
"2292","ἐναργῶς","FALSE"
"2293","ἐπὶ","TRUE"
"2294","τῶν","TRUE"
"2295","ἀνδρῶν","FALSE"
"2296",",","FALSE"
"2297","οἱ","TRUE"
"2298","τὰς","TRUE"
"2299","ἀρίστας","FALSE"
"2300","ἐπω","FALSE"
"2301","νυμίας","FALSE"
"2302","ἐκτήσαντο","FALSE"
"2303","τοῖς","TRUE"
"2304","ἐπιτηδεύμασι","FALSE"
"2305",".","FALSE"
"2306","τί","TRUE"
"2307","τὸν","TRUE"
"2308","Ἀριστείδην","FALSE"
"2309","εἶπον","FALSE"
"2310","δίκαιον","FALSE"
"2311","εἰς","TRUE"
"2312","πάντας","FALSE"
"2313","ἀνθρώπους","FALSE"
"2314",";","FALSE"
"2315","οὐχ","TRUE"
"2316","ὅτι","TRUE"
"2317","χρήματα","FALSE"
"2318","οἴκοθεν","FALSE"
"2319","ἀνήλισκεν","FALSE"
"2320","εἰς","TRUE"
"2321","τὴν","TRUE"
"2322","πόλιν","FALSE"
"2323",",","FALSE"
"2324","οὐδὲ","TRUE"
"2325","γὰρ","TRUE"
"2326","ἐκέ","FALSE"
"2327","κτητο","FALSE"
"2328",",","FALSE"
"2329","ἀλλ","FALSE"
"2330","ὅτι","TRUE"
"2331","τῶν","TRUE"
"2332","κοινῶν","FALSE"
"2333","οὐδενὸς","TRUE"
"2334","ἥψατο","FALSE"
"2335",",","FALSE"
"2336","πρὸς","TRUE"
"2337","δι","FALSE"
"2338","καιοσύνης","FALSE"
"2339","δόξαν","FALSE"
"2340","ἤρκεσεν","FALSE"
"2341","αὐτῷ","TRUE"
"2342",".","FALSE"
"2343","φήμην","FALSE"
"2344","συνέσεως","FALSE"
"2345","περι","FALSE"
"2346","έθηκε","FALSE"
"2347","Θεμιστοκλεῖ","FALSE"
"2348","τὸ","TRUE"
"2349","μηδὲν","FALSE"
"2350","ἀγνοῆσαι","FALSE"
"2351","τῶν","TRUE"
"2352","ἀναγκαίων","FALSE"
"2353",".","FALSE"
"2354","ἀνδρεῖος","FALSE"
"2355","ὁ","TRUE"
"2356","Μιλτιάδης","FALSE"
"2357",",","FALSE"
"2358","οὐ","TRUE"
"2359","γὰρ","TRUE"
"2360","ἔδεισε","FALSE"
"2361","τοὺς","TRUE"
"2362","βαρβάρους","FALSE"
"2363",".","FALSE"
"2364","ὁ","TRUE"
"2365","Περικλῆς","FALSE"
"2366","πιστός","FALSE"
"2367",",","FALSE"
"2368","οὐ","TRUE"
"2369","γὰρ","TRUE"
"2370","ὑπεῖχε","FALSE"
"2371","τὴν","TRUE"
"2372","χεῖρα","FALSE"
"2373","τοῖς","TRUE"
"2374","λήμμασιν","FALSE"
"2375",".","FALSE"
"2376","ὁ","TRUE"
"2377","Σόλων","FALSE"
"2378","θαυμαστός","FALSE"
"2379",",","FALSE"
"2380","ὅτι","TRUE"
"2381","οὐδεὶς","TRUE"
"2382","αὐτοῦ","TRUE"
"2383","πονηρὸς","FALSE"
"2384","ἠλέγχθη","FALSE"
"2385","νόμος","FALSE"
"2386",",","FALSE"
"2387","σοφώτατος","FALSE"
"2388","ὠνομάσθη","FALSE"
"2389","νομοθέτης","FALSE"
"2390",".","FALSE"
"2391","τούτων","TRUE"
"2392","ἕκαστος","FALSE"
"2393",",","FALSE"
"2394","ὦ","TRUE"
"2395","ἄνδρες","FALSE"
"2396","Ἀθηναῖοι","FALSE"
"2397",",","FALSE"
"2398","κἂν","TRUE"
"2399","ἔτι","TRUE"
"2400","πλείους","FALSE"
"2401","εἴποι","FALSE"
"2402","τις","TRUE"
"2403","ἀγαθούς","FALSE"
"2404",",","FALSE"
"2405","ἐφ","FALSE"
"2406","οἷς","TRUE"
"2407","οὐχ","TRUE"
"2408","ἥμαρτεν","FALSE"
"2409","ἔδοξε","FALSE"
"2410","κατωρθωκέναι","FALSE"
"2411",".","FALSE"
"2412","καὶ","TRUE"
"2413","δικαίως","FALSE"
"2414",".","FALSE"
"2415","τῆς","TRUE"
"2416","γὰρ","TRUE"
"2417","θνητῆς","FALSE"
"2418","φύσεως","FALSE"
"2419","ἐπὶ","TRUE"
"2420","τὰ","TRUE"
"2421","χείρω","FALSE"
"2422","φερομένης","FALSE"
"2423","ὅστις","TRUE"
"2424","αὑτὸν","TRUE"
"2425","ἀνέσχεν","FALSE"
"2426","ἀπὸ","TRUE"
"2427","τῶν","TRUE"
"2428","ἐμφύτων","FALSE"
"2429","ἁμαρτημάτων","FALSE"
"2430",",","FALSE"
"2431","τέλειος","FALSE"
"2432","τὴν","TRUE"
"2433","ἀρετήν","FALSE"
"2434","ἐστιν","TRUE"
"2435",",","FALSE"
"2436","ἣν","TRUE"
"2437","ἡ","TRUE"
"2438","θνητὴ","FALSE"
"2439","χωρεῖ","FALSE"
"2440","δύναμις","FALSE"
"2441",".","FALSE"
"2442","οὐδ","FALSE"
"2443","ἔστιν","TRUE"
"2444","ὅπως","FALSE"
"2445","ἂν","TRUE"
"2446","ἄμεινον","FALSE"
"2447","οἰκηθείη","FALSE"
"2448","πόλις","FALSE"
"2449","ἢ","TRUE"
"2450","μηδενὸς","FALSE"
"2451","ἁμαρτάνοντος","FALSE"
"2452","έν","FALSE"
"2453","αὐτῇ","TRUE"
"2454",".","FALSE"
"2455","τοῦτο","TRUE"
"2456","τέλος","FALSE"
"2457","εἰς","TRUE"
"2458","καλοκἀγαθίαν","FALSE"
"2459","ἑκάστῳ","FALSE"
"2460",",","FALSE"
"2461","τοῦτο","TRUE"
"2462","αὔταρκες","FALSE"
"2463","εἰς","TRUE"
"2464","εὐδαι","FALSE"
"2465","μονίαν","FALSE"
"2466","τῇ","TRUE"
"2467","πόλει","FALSE"
"2468",".","FALSE"
"2469","κἀμοὶ","TRUE"
"2470","προσεῖναι","FALSE"
"2471","τὰ","TRUE"
"2472","βελτίω","FALSE"
"2473","τῷ","TRUE"
"2474","μὴ","TRUE"
"2475","τὰ","TRUE"
"2476","χείρω","FALSE"
"2477","διέγνωσται","FALSE"
"2478",",","FALSE"
"2479","φρόνησιν","FALSE"
"2480","μέν","TRUE"
"2481",",","FALSE"
"2482","ὁσάκις","FALSE"
"2483","τὰ","TRUE"
"2484","κράτιστα","FALSE"
"2485","παρῃνέθη","FALSE"
"2486","μοι","TRUE"
"2487",",","FALSE"
"2488","τὸ","TRUE"
"2489","τοῦ","TRUE"
"2490","Θεμιστοκλέους","FALSE"
"2491","καλὸν","FALSE"
"2492","καθ","FALSE"
"2493","αὑτό","FALSE"
"2494",",","FALSE"
"2495","δικαιοσύνην","FALSE"
"2496","δέ","TRUE"
"2497",",","FALSE"
"2498","ὅτι","TRUE"
"2499","μηδὲ","FALSE"
"2500","ἄκρᾳ","FALSE"
"2501","τῇ","TRUE"
"2502","χειρὶ","FALSE"
"2503","τῶν","TRUE"
"2504","δημοσίων","FALSE"
"2505","ἔθιγον","FALSE"
"2506",",","FALSE"
"2507","δι","FALSE"
"2508","ὅ","TRUE"
"2509","καὶ","TRUE"
"2510","μόνον","FALSE"
"2511","Ἀριστείδης","FALSE"
"2512","ἐτιμᾶτο","FALSE"
"2513",",","FALSE"
"2514","σωφροσύνην","FALSE"
"2515","δέ","TRUE"
"2516",",","FALSE"
"2517","ὁσάκις","FALSE"
"2518","ὕβρεως","FALSE"
"2519","αἰτιαθέντα","FALSE"
"2520","ἀφήκατε","FALSE"
"2521",".","FALSE"
"2522","ἀνδρείαν","FALSE"
"2523","δὲ","TRUE"
"2524","καὶ","TRUE"
"2525","Κέφαλός","FALSE"
"2526","μοι","TRUE"
"2527","μαρτυρεῖ","FALSE"
"2528","φιλο","FALSE"
"2529","κίνδυνον","FALSE"
"2530","ὀνομάζων","FALSE"
"2531","πολλάκις","FALSE"
"2532",",","FALSE"
"2533","εἴπερ","FALSE"
"2534","ἐστὶν","TRUE"
"2535","ἀνδρὸς","FALSE"
"2536","εὐψύ","FALSE"
"2537","χου","FALSE"
"2538","τὸ","TRUE"
"2539","κοινῇ","FALSE"
"2540","καλὸν","FALSE"
"2541","ἀντὶ","FALSE"
"2542","τοῦ","TRUE"
"2543","καθ","FALSE"
"2544","αὑτὸν","TRUE"
"2545","ἀσφαλοῦς","FALSE"
"2546","ζητεῖν","FALSE"
"2547",",","FALSE"
"2548","τὴν","TRUE"
"2549","ἀρετὴν","FALSE"
"2550","ὁμοίως","FALSE"
"2551","τὴν","TRUE"
"2552","Μιλτιάδου","FALSE"
"2553","πάλιν","FALSE"
"2554",".","FALSE"
"2555","καὶ","TRUE"
"2556","οὔτε","TRUE"
"2557","δώρων","FALSE"
"2558","εἶλέ","FALSE"
"2559","τις","TRUE"
"2560","ἐμὲ","TRUE"
"2561","μᾶλλον","FALSE"
"2562","ἢ","TRUE"
"2563","τὸν","TRUE"
"2564","ἄδωρον","FALSE"
"2565","Περι","FALSE"
"2566","κλέα","FALSE"
"2567","οὔτε","TRUE"
"2568","νόμον","FALSE"
"2569","ἤλεγξεν","FALSE"
"2570","οὐκ","TRUE"
"2571","ὀρθῶς","FALSE"
"2572","εἰσενηνεγμένον","FALSE"
"2573","οὐ","TRUE"
"2574","μᾶλλον","FALSE"
"2575","ἢ","TRUE"
"2576","τοὺς","TRUE"
"2577","τοῦ","TRUE"
"2578","Σόλωνος","FALSE"
"2579",".","FALSE"
"2580","ὧν","TRUE"
"2581","οὖν","TRUE"
"2582","ἐκείνων","FALSE"
"2583","ἑκάστῳ","FALSE"
"2584","δόξαν","FALSE"
"2585","ἀρετῆς","FALSE"
"2586","ἀθάνατον","FALSE"
"2587","ἐκτήσατο","FALSE"
"2588",",","FALSE"
"2589","οὐδὲ","TRUE"
"2590","σύμπαντα","FALSE"
"2591","ἐμοὶ","TRUE"
"2592","μαρτυρίαν","FALSE"
"2593","δώσει","FALSE"
"2594","τοῦ","TRUE"
"2595","καλῶς","FALSE"
"2596","βεβιωκέναι","FALSE"
"2597",";","FALSE"
"2598","Οὐκ","TRUE"
"2599","ἀγαθὸς","FALSE"
"2600","γὰρ","TRUE"
"2601","ἔδοξας","FALSE"
"2602",".","FALSE"
"2603","ἀλλ","FALSE"
"2604","οὐ","TRUE"
"2605","κακός","FALSE"
"2606",".","FALSE"
"2607","ἀγνοεῖς","FALSE"
"2608","ὅτι","TRUE"
"2609","καὶ","TRUE"
"2610","τὰς","TRUE"
"2611","ἄλλας","TRUE"
"2612","εἴτε","FALSE"
"2613","τέχνας","FALSE"
"2614","εἴτε","FALSE"
"2615","δυνάμεις","FALSE"
"2616","οὐχ","TRUE"
"2617","ἑτέρωθεν","FALSE"
"2618","εἰ","TRUE"
"2619","κατορθοῦσιν","FALSE"
"2620","εὕροι","FALSE"
"2621","τις","TRUE"
"2622","ἂν","TRUE"
"2623","ἢ","TRUE"
"2624","ἐκ","TRUE"
"2625","τοῦ","TRUE"
"2626","μηδὲν","FALSE"
"2627","ἁμαρτάνειν","FALSE"
"2628",";","FALSE"
"2629","οὗτος","TRUE"
"2630","καὶ","TRUE"
"2631","μάντις","FALSE"
"2632","ἄριστος","FALSE"
"2633",",","FALSE"
"2634","ὅστις","TRUE"
"2635","οὐ","TRUE"
"2636","ψεύδεται","FALSE"
"2637",",","FALSE"
"2638","καὶ","TRUE"
"2639","τοξότης","FALSE"
"2640","ἐπίσκοπος","FALSE"
"2641",",","FALSE"
"2642","ὅστις","TRUE"
"2643","οὐχ","TRUE"
"2644","ἁμαρτάνει","FALSE"
"2645","τοῦ","TRUE"
"2646","σκοποῦ","FALSE"
"2647",",","FALSE"
"2648","καὶ","TRUE"
"2649","κυβερνήτης","FALSE"
"2650","ὁ","TRUE"
"2651","μηδὲν","FALSE"
"2652","ἔξω","FALSE"
"2653","τῆς","TRUE"
"2654","τέχνης","FALSE"
"2655","δρῶν","FALSE"
"2656",".","FALSE"
"2657","τοῦ","TRUE"
"2658","δὲ","TRUE"
"2659","ῥήτορος","FALSE"
"2660","οὐχ","TRUE"
"2661","ὁμοία","FALSE"
"2662","κρίσις","FALSE"
"2663",";","FALSE"
"2664","νόμιμος","FALSE"
"2665","ὁ","TRUE"
"2666","μὴ","TRUE"
"2667","ἐν","TRUE"
"2668","τοῖς","TRUE"
"2669","πολιτεύμασιν","FALSE"
"2670",".","FALSE"
"2671","ἐγὼ","TRUE"
"2672","δὲ","TRUE"
"2673","καὶ","TRUE"
"2674","πάσας","FALSE"
"2675","τὰς","TRUE"
"2676","παρα","FALSE"
"2677","νόμων","FALSE"
"2678","ἐκπέφευγα","FALSE"
"2679","γραφάς","FALSE"
"2680",".","FALSE"
"2681","ἀδωροδόκητος","FALSE"
"2682","ὁ","TRUE"
"2683","μὴ","TRUE"
"2684","λαβών","FALSE"
"2685",",","FALSE"
"2686","ὡς","TRUE"
"2687","ἐκρίθην","FALSE"
"2688","ἐγώ","TRUE"
"2689",".","FALSE"
"2690","τί","TRUE"
"2691","δὲ","TRUE"
"2692","τὰ","TRUE"
"2693","ἀληθῆ","FALSE"
"2694","λέγειν","FALSE"
"2695",";","FALSE"
"2696","οὐ","TRUE"
"2697","τὰ","TRUE"
"2698","μὴ","TRUE"
"2699","ψευδῆ","FALSE"
"2700",";","FALSE"
"2701","πότε","FALSE"
"2702","οὖν","TRUE"
"2703","ἥλων","FALSE"
"2704","ἀπατήσας","FALSE"
"2705",";","FALSE"
"2706","καὶ","TRUE"
"2707","περὶ","TRUE"
"2708","πάν","FALSE"
"2709","των","FALSE"
"2710","ἀπλῶς","FALSE"
"2711","ἄμα","FALSE"
"2712","τῶν","TRUE"
"2713","αἰσχρῶν","FALSE"
"2714","κρίσεων","FALSE"
"2715","ἀφεῖμαι","FALSE"
"2716","καὶ","TRUE"
"2717","τῶν","TRUE"
"2718","καλῶν","FALSE"
"2719","ἠξίωμαι","FALSE"
"2720","καὶ","TRUE"
"2721","τῶν","TRUE"
"2722","δικαίων","FALSE"
"2723",",","FALSE"
"2724","ἀνάξιος","FALSE"
"2725","αἰτίας","FALSE"
"2726",",","FALSE"
"2727","ἄξιος","FALSE"
"2728","ἐπαίνου","FALSE"
"2729","καὶ","TRUE"
"2730","δωρεᾶς","FALSE"
"2731",".","FALSE"
"2732","δεινὸν","FALSE"
"2733","γάρ","TRUE"
"2734",",","FALSE"
"2735","εἰ","TRUE"
"2736","μὲν","TRUE"
"2737","ἁλοὺς","FALSE"
"2738","ἅπαξ","FALSE"
"2739","τῆς","TRUE"
"2740","ἐπιτιμίας","FALSE"
"2741","ἂν","TRUE"
"2742","ἢ","TRUE"
"2743","τῆς","TRUE"
"2744","πατρίδος","FALSE"
"2745","ἢ","TRUE"
"2746","τῆς","TRUE"
"2747","ψυχῆς","FALSE"
"2748","ἐστερήθην","FALSE"
"2749",",","FALSE"
"2750","τοσαῦτα","FALSE"
"2751","δὲ","TRUE"
"2752","νενικηκὼς","FALSE"
"2753","οὐδ","FALSE"
"2754","ἅπαξ","FALSE"
"2755","τιμηθή","FALSE"
"2756","σομαι","FALSE"
"2757",".","FALSE"
"2758","καὶ","TRUE"
"2759","τοὺς","TRUE"
"2760","κατηγόρους","FALSE"
"2761","μὲν","TRUE"
"2762","ἐτιμωρήσασθε","FALSE"
"2763","ὡς","TRUE"
"2764","συκοφάντας","FALSE"
"2765",",","FALSE"
"2766","ὧν","TRUE"
"2767","τοῖς","TRUE"
"2768","μὲν","TRUE"
"2769","χρημάτων","FALSE"
"2770","προσετιμήσατε","FALSE"
"2771",",","FALSE"
"2772","τοὺς","TRUE"
"2773","δὲ","TRUE"
"2774","καὶ","TRUE"
"2775","ἀτίμους","FALSE"
"2776","ἀπεπέμψατε","FALSE"
"2777","·","FALSE"
"2778","ὧν","TRUE"
"2779","δὲ","TRUE"
"2780","τοῖς","TRUE"
"2781","ἡττη","FALSE"
"2782","θεῖσιν","FALSE"
"2783","αἱ","TRUE"
"2784","ζημίαι","FALSE"
"2785","γεγόνασι","FALSE"
"2786","καθ","FALSE"
"2787","ἑκάστην","FALSE"
"2788","κρίσιν","FALSE"
"2789",",","FALSE"
"2790","οὐδὲ","TRUE"
"2791","τὸ","TRUE"
"2792","κέρδος","FALSE"
"2793","εἰς","TRUE"
"2794","δόξαν","FALSE"
"2795","τῷ","TRUE"
"2796","πάσας","FALSE"
"2797","νενικηκότι","FALSE"
"2798",";","FALSE"
"2799","οὐ","TRUE"
"2800","γὰρ","TRUE"
"2801","οὐδ","FALSE"
"2802","ἐκείνοις","FALSE"
"2803","ἤρκεσε","FALSE"
"2804","τῆς","TRUE"
"2805","νίκης","FALSE"
"2806","ἀποτυχεῖν","FALSE"
"2807",",","FALSE"
"2808","ἀλλὰ","TRUE"
"2809","καὶ","TRUE"
"2810","προσεζημιώθησαν","FALSE"
"2811",",","FALSE"
"2812","οὐδὲ","TRUE"
"2813","ἐμοὶ","TRUE"
"2814","τὸ","TRUE"
"2815","τὰς","TRUE"
"2816","δέκας","FALSE"
"2817","ἀποφυγεῖν","FALSE"
"2818",",","FALSE"
"2819","εἰ","TRUE"
"2820","μὴ","TRUE"
"2821","καὶ","TRUE"
"2822","γέρας","FALSE"
"2823","ἀντίρροπον","FALSE"
"2824","οἶς","FALSE"
"2825","ἡττηθεὶς","FALSE"
"2826","ἂν","TRUE"
"2827","ἔπαθον","FALSE"
"2828","λήψομαι","FALSE"
"2829",".","FALSE"
"2830","ὥσπερ","FALSE"
"2831","γὰρ","TRUE"
"2832","τῶν","TRUE"
"2833","ἁμαρτανομένων","FALSE"
"2834","αἶ","FALSE"
"2835","ζημίαι","FALSE"
"2836",",","FALSE"
"2837","οὕτω","TRUE"
"2838","καὶ","TRUE"
"2839","κατορθουμένων","FALSE"
"2840","εἰσὶν","TRUE"
"2841","αἱ","TRUE"
"2842","τιμαί","FALSE"
"2843",".","FALSE"
"2844","εἰ","TRUE"
"2845","δὲ","TRUE"
"2846","μὲν","TRUE"
"2847","ὡς","TRUE"
"2848","οὐκ","TRUE"
"2849","ἔδει","FALSE"
"2850","πεπολιτεῦσθαι","FALSE"
"2851","κριθεῖσι","FALSE"
"2852","τὰς","TRUE"
"2853","ἐσχάτας","FALSE"
"2854","τιμωρίας","FALSE"
"2855","ἐπιθήσετε","FALSE"
"2856",",","FALSE"
"2857","τῷ","TRUE"
"2858","δὲ","TRUE"
"2859","καλῶς","FALSE"
"2860","τὰ","TRUE"
"2861","κοινὰ","FALSE"
"2862","πράττειν","FALSE"
"2863","ἐγνωσμένῳ","FALSE"
"2864","μόνον","FALSE"
"2865","ἐν","TRUE"
"2866","χάριτος","FALSE"
"2867","μέρει","FALSE"
"2868","τὸ","TRUE"
"2869","μὴ","TRUE"
"2870","κολασθῆναι","FALSE"
"2871","δώσετε","FALSE"
"2872",",","FALSE"
"2873","ἧς","TRUE"
"2874","ἀξιοῖ","FALSE"
"2875","με","TRUE"
"2876","Κέφαλος","FALSE"
"2877","δωρεᾶς","FALSE"
"2878",",","FALSE"
"2879","ὁρᾶτε","FALSE"
"2880","μή","TRUE"
"2881","ποτε","FALSE"
"2882","ἔρημον","FALSE"
"2883","τὸ","TRUE"
"2884","βῆμα","FALSE"
"2885","τῶν","TRUE"
"2886","ἐθελόντων","FALSE"
"2887","ἃ","TRUE"
"2888","χρὴ","FALSE"
"2889","λέγειν","FALSE"
"2890","ἀποδεί","FALSE"
"2891","ξητε","FALSE"
"2892","·","FALSE"
"2893","ὅ","TRUE"
"2894","δ","FALSE"
"2895","οὐκ","TRUE"
"2896","ἔστιν","TRUE"
"2897",",","FALSE"
"2898","ἄν","TRUE"
"2899","τις","TRUE"
"2900","μὴ","TRUE"
"2901","τῆς","TRUE"
"2902","ἐπιτιμίας","FALSE"
"2903","ἀδίκως","FALSE"
"2904","ἢ","TRUE"
"2905","τοῦ","TRUE"
"2906","ζῆν","FALSE"
"2907","ὅλως","FALSE"
"2908","ἐκπέσῃ","FALSE"
"2909",",","FALSE"
"2910","τοῦτο","TRUE"
"2911","γέρας","FALSE"
"2912","δικαίας","FALSE"
"2913","πολιτείας","FALSE"
"2914",";","FALSE"
"2915","οὐδ","FALSE"
"2916","ἐγγύς","FALSE"
"2917",".","FALSE"
"2918","ὥσπερ","FALSE"
"2919","γὰρ","TRUE"
"2920","οὐδ","FALSE"
"2921","εἰ","TRUE"
"2922","πονηρὸς","FALSE"
"2923","ἠλέγχθην","FALSE"
"2924",",","FALSE"
"2925","ἱκανὸν","FALSE"
"2926","ἂν","TRUE"
"2927","ἦν","TRUE"
"2928","εἰς","TRUE"
"2929","λόγον","FALSE"
"2930","ζημίας","FALSE"
"2931","τὸ","TRUE"
"2932","μὴ","TRUE"
"2933","τυχεῖν","FALSE"
"2934","δωρεᾶς","FALSE"
"2935",",","FALSE"
"2936","οὕτως","TRUE"
"2937","οὐδὲ","TRUE"
"2938","χρηστῷ","FALSE"
"2939","φανέντι","FALSE"
"2940","τὸ","TRUE"
"2941","μὴ","TRUE"
"2942","τιμωρίας","FALSE"
"2943","ἀρκεῖ","FALSE"
"2944",".","FALSE"
"2945","εἰ","TRUE"
"2946","μὲν","TRUE"
"2947","οὖν","TRUE"
"2948","οὗτος","TRUE"
"2949","αὐτὸς","TRUE"
"2950","περὶ","TRUE"
"2951","ἀρετῆς","FALSE"
"2952","κεκριμένος","FALSE"
"2953","καὶ","TRUE"
"2954","ψῆφον","FALSE"
"2955","εἰληφὼς","FALSE"
"2956","ὧς","TRUE"
"2957","φιλόπολις","FALSE"
"2958","καὶ","TRUE"
"2959","δικαιότατος","FALSE"
"2960","ἀν","FALSE"
"2961","θρώπων","FALSE"
"2962","καὶ","TRUE"
"2963","σωφροσύνῃ","FALSE"
"2964","διαφέρων","FALSE"
"2965","ἐκάκιζέ","FALSE"
"2966","μου","TRUE"
"2967","τὰς","TRUE"
"2968","ἀφέσεις","FALSE"
"2969","ὧς","TRUE"
"2970","ἀποφυγὰς","FALSE"
"2971","ὀνειδίζων","FALSE"
"2972",",","FALSE"
"2973","εἰκότως","FALSE"
"2974","ἀμείνων","FALSE"
"2975","ἂν","TRUE"
"2976","ἔφασκεν","FALSE"
"2977","εἶναι","TRUE"
"2978","τοῦ","TRUE"
"2979","μὴ","TRUE"
"2980","πονηροῦ","FALSE"
"2981","κριθέντος","FALSE"
"2982",",","FALSE"
"2983","ἀγαθὸς","FALSE"
"2984","γνωσθεὶς","FALSE"
"2985","δηλαδή","FALSE"
"2986","·","FALSE"
"2987","εἰ","TRUE"
"2988","δ","FALSE"
"2989","ἐγὼ","TRUE"
"2990","μὲν","TRUE"
"2991","μεγάλας","FALSE"
"2992","εὐθύνας","FALSE"
"2993","ὑπέσχηκα","FALSE"
"2994","τῶν","TRUE"
"2995","βεβιωμένων","FALSE"
"2996",",","FALSE"
"2997","οὗτος","TRUE"
"2998","δὲ","TRUE"
"2999","οὐδὲ","TRUE"
"3000","μικράν","FALSE"
"3001",",","FALSE"
"3002","ἐμοὶ","TRUE"
"3003","μέν","TRUE"
"3004",",","FALSE"
"3005","εἰ","TRUE"
"3006","μηδὲν","FALSE"
"3007","ἄλλο","TRUE"
"3008",",","FALSE"
"3009","τό","TRUE"
"3010","γε","TRUE"
"3011","μηδὲν","FALSE"
"3012","ἠδικηκέναι","FALSE"
"3013","δέδοται","FALSE"
"3014","·","FALSE"
"3015","σὺ","TRUE"
"3016","δ᾿","FALSE"
"3017","οὐχ","TRUE"
"3018","ὅπως","FALSE"
"3019","ἀγαθὸς","FALSE"
"3020","ὤν","TRUE"
"3021",",","FALSE"
"3022","ἀλλ","FALSE"
"3023","οὐδ","FALSE"
"3024","ὡς","TRUE"
"3025","οὐκ","TRUE"
"3026","εἶ","TRUE"
"3027","πο","FALSE"
"3028","νηρὸς","FALSE"
"3029","ἔγνωσαι","FALSE"
"3030",".","FALSE"
"3031","τί","TRUE"
"3032","οὖν","TRUE"
"3033","τὰ","TRUE"
"3034","σοφά","FALSE"
"3035","σοι","TRUE"
"3036","ταῦτα","TRUE"
"3037","·","FALSE"
"3038","οὐ","TRUE"
"3039","κέκρι","FALSE"
"3040","σαι","FALSE"
"3041","δίκαιος","FALSE"
"3042",",","FALSE"
"3043","ὅτι","TRUE"
"3044","μὴ","TRUE"
"3045","κλέπτης","FALSE"
"3046",",","FALSE"
"3047","οὐδ","FALSE"
"3048","ὅτι","TRUE"
"3049","μὴ","TRUE"
"3050","παρα","FALSE"
"3051","νομεῖς","FALSE"
"3052",",","FALSE"
"3053","ἔννομος","FALSE"
"3054",";","FALSE"
"3055","σὺ","TRUE"
"3056","δὲ","TRUE"
"3057","οὐδὲ","TRUE"
"3058","τὴν","TRUE"
"3059","τοῦ","TRUE"
"3060","μὴ","TRUE"
"3061","παρα","FALSE"
"3062","νομῆσαι","FALSE"
"3063","ψῆφον","FALSE"
"3064","εἴληφας","FALSE"
"3065","οὐδὲ","TRUE"
"3066","ἄλλο","TRUE"
"3067","τῶν","TRUE"
"3068","ἀδίκων","FALSE"
"3069","οὐδὲν","TRUE"
"3070","ἀφεῖσαι","FALSE"
"3071","μὴ","TRUE"
"3072","πεποιηκέναι","FALSE"
"3073",".","FALSE"
"3074","εἰ","TRUE"
"3075","δὲ","TRUE"
"3076","καὶ","TRUE"
"3077","τοῦ","TRUE"
"3078","κριθῆναι","FALSE"
"3079","σαφῶς","FALSE"
"3080","ἀγαθὸν","FALSE"
"3081","τὸ","TRUE"
"3082","μὴ","TRUE"
"3083","πονηρὸν","FALSE"
"3084","ἡττᾶται","FALSE"
"3085",",","FALSE"
"3086","τοῦ","TRUE"
"3087","γε","TRUE"
"3088","μὴ","TRUE"
"3089","κάκιστον","FALSE"
"3090","ἐγνῶσθαι","FALSE"
"3091","τὸ","TRUE"
"3092","μηδ","FALSE"
"3093","ἀγαθὸν","FALSE"
"3094","δόξαι","FALSE"
"3095","πόσῳ","FALSE"
"3096","σεμνότερόν","FALSE"
"3097","ἐστιν;.","FALSE"
"3098","Ὁ","TRUE"
"3099","δὲ","TRUE"
"3100","καὶ","TRUE"
"3101","ὠνείδιζέ","FALSE"
"3102","μοι","TRUE"
"3103","τὸ","TRUE"
"3104","πλῆθος","FALSE"
"3105","τῶν","TRUE"
"3106","ἐγκλη","FALSE"
"3107","μάτων","FALSE"
"3108",".","FALSE"
"3109","τοῦτο","TRUE"
"3110","γὰρ","TRUE"
"3111","λοιπὸν","FALSE"
"3112","ἦν","TRUE"
"3113","καὶ","TRUE"
"3114","Κεφάλου","FALSE"
"3115","πειραθῆναί","FALSE"
"3116","με","TRUE"
"3117","κατηγοροῦντος","FALSE"
"3118",".","FALSE"
"3119","οὗτος","TRUE"
"3120","δὲ","TRUE"
"3121","μᾶλλόν","FALSE"
"3122","ἐστι","TRUE"
"3123","τῶν","TRUE"
"3124","ἡττημέ","FALSE"
"3125","νῶν","FALSE"
"3126","συκοφάντης","FALSE"
"3127",".","FALSE"
"3128","ὡς","TRUE"
"3129","ὁ","TRUE"
"3130","μὲν","TRUE"
"3131","αἰτίας","FALSE"
"3132","οὐκ","TRUE"
"3133","οὖσ","FALSE"
"3134","ἃς","TRUE"
"3135","συμφο","FALSE"
"3136","ρήσαντες","FALSE"
"3137","καὶ","TRUE"
"3138","ὀνειδῶν","FALSE"
"3139","ὀνόματα","FALSE"
"3140","κατηγόρουν","FALSE"
"3141",",","FALSE"
"3142","πρᾶγμα","FALSE"
"3143","εἰωθός","FALSE"
"3144","·","FALSE"
"3145","οὑτοσὶ","FALSE"
"3146","δὲ","TRUE"
"3147","τὰ","TRUE"
"3148","σεμνολογήματά","FALSE"
"3149","μου","TRUE"
"3150","διέβαλλεν","FALSE"
"3151",",","FALSE"
"3152","ὧς","TRUE"
"3153","ἐλαττώματα","FALSE"
"3154",".","FALSE"
"3155","οὐχ","TRUE"
"3156","αἶ","FALSE"
"3157","γραφαί","FALSE"
"3158",",","FALSE"
"3159","Κέφαλε","FALSE"
"3160",",","FALSE"
"3161","τἀδικήματα","FALSE"
"3162","ποιοῦσιν","FALSE"
"3163","εἷναι","FALSE"
"3164",",","FALSE"
"3165","ἀλλὰ","TRUE"
"3166","τὰ","TRUE"
"3167","μὲν","TRUE"
"3168","ὄντα","TRUE"
"3169","εἰς","TRUE"
"3170","φῶς","FALSE"
"3171","ἄγουσι","FALSE"
"3172",",","FALSE"
"3173","τὰ","TRUE"
"3174","δ","FALSE"
"3175","οὐ","TRUE"
"3176","γεγενημένα","FALSE"
"3177","μᾶλλον","FALSE"
"3178","ὡς","TRUE"
"3179","οὐ","TRUE"
"3180","γεγένηται","FALSE"
"3181","βεβαιοῦσι","FALSE"
"3182",",","FALSE"
"3183","τὴν","TRUE"
"3184","ἄδικον","FALSE"
"3185","δὲ","TRUE"
"3186","βλασφημίαν","FALSE"
"3187","εἰς","TRUE"
"3188","τοὺς","TRUE"
"3189","εἰπόντας","FALSE"
"3190","αὐτοὺς","TRUE"
"3191","τρέπουσι","FALSE"
"3192",".","FALSE"
"3193","τὰ","TRUE"
"3194","ψευδῆ","FALSE"
"3195","γὰρ","TRUE"
"3196","ὀνείδη","FALSE"
"3197","τοῖς","TRUE"
"3198","εἰποῦσιν","FALSE"
"3199",",","FALSE"
"3200","οὐ","TRUE"
"3201","τοῖς","TRUE"
"3202","οὐδὲν","TRUE"
"3203","ἀδικοῦσιν","FALSE"
"3204","ὀνείδη","FALSE"
"3205","γίγνεται","FALSE"
"3206",",","FALSE"
"3207","καθάπερ","FALSE"
"3208","βέλος","FALSE"
"3209","ἰσχυροτέρῳ","FALSE"
"3210","προσπεσὸν","FALSE"
"3211","εἰς","TRUE"
"3212","τὸν","TRUE"
"3213","ἀφέντα","FALSE"
"3214","πάλιν","FALSE"
"3215","ἀναστρέ","FALSE"
"3216","φει","FALSE"
"3217","καὶ","TRUE"
"3218","πολλάκις","FALSE"
"3219","ἔτρωσεν","FALSE"
"3220","αὐτὸν","TRUE"
"3221","τὸν","TRUE"
"3222","βαλόντα","FALSE"
"3223",".","FALSE"
"3224","οὐκ","TRUE"
"3225","οῦν","FALSE"
"3226","οὐ","TRUE"
"3227","τὸ","TRUE"
"3228","κριθῆναι","FALSE"
"3229","πολλάκις","FALSE"
"3230","ὄνειδος","FALSE"
"3231",",","FALSE"
"3232","ἀλλὰ","TRUE"
"3233","τὸ","TRUE"
"3234","μηδ","FALSE"
"3235","ἅπαξ","FALSE"
"3236","ἐν","TRUE"
"3237","ἀγῶσιν","FALSE"
"3238","ἁλῶναι","FALSE"
"3239","τοσούτοις","FALSE"
"3240","ἔπαινος","FALSE"
"3241",",","FALSE"
"3242","καὶ","TRUE"
"3243","τὰ","TRUE"
"3244","πρὸ","FALSE"
"3245","τῆς","TRUE"
"3246","κρίσεως","FALSE"
"3247","αἰσχρὰ","FALSE"
"3248","τῶν","TRUE"
"3249","ὀνομάτων","FALSE"
"3250",",","FALSE"
"3251","κλοπὴ","FALSE"
"3252","καὶ","TRUE"
"3253","δωρο","FALSE"
"3254","δοκία","FALSE"
"3255","καὶ","TRUE"
"3256","τὰ","TRUE"
"3257","τοιαῦτα","TRUE"
"3258",",","FALSE"
"3259","τῷ","TRUE"
"3260","μηδενὶ","FALSE"
"3261","τούτων","TRUE"
"3262","ἐνόχῳ","FALSE"
"3263","φα","FALSE"
"3264","νέντι","FALSE"
"3265","πρὸς","TRUE"
"3266","εὐφημίαν","FALSE"
"3267","περιίσταται","FALSE"
"3268",",","FALSE"
"3269","καὶ","TRUE"
"3270","συμβαίνει","FALSE"
"3271","τοὺς","TRUE"
"3272","κατηγόρους","FALSE"
"3273","ἐπαινέτας","FALSE"
"3274","ἀναφαίνεσθαι","FALSE"
"3275","καὶ","TRUE"
"3276","μὴ","TRUE"
"3277","βουλομέ","FALSE"
"3278","νους","FALSE"
"3279","ὧν","TRUE"
"3280","κατηγόρησαν","FALSE"
"3281","μέν","TRUE"
"3282","ἐξελέγξαι","FALSE"
"3283","δὲ","TRUE"
"3284","οὐχ","TRUE"
"3285","οἶοί","FALSE"
"3286","ἐγένοντο","FALSE"
"3287",".","FALSE"
"3288","αὐτοὶ","TRUE"
"3289","γὰρ","TRUE"
"3290","ἐπέδειξαν","FALSE"
"3291","ἀγαθοὺς","FALSE"
"3292","οὓς","TRUE"
"3293","ἠδυνήθησαν","FALSE"
"3294","θέλοντες","FALSE"
"3295","ἐλέγξαι","FALSE"
"3296","πονηρούς","FALSE"
"3297",".","FALSE"
"3298","καὶ","TRUE"
"3299","οἷς","TRUE"
"3300","οὐδὲ","TRUE"
"3301","ψευδομαρτυριῶν","FALSE"
"3302","ἄν","TRUE"
"3303","τις","TRUE"
"3304","ἐπισκῆψαι","FALSE"
"3305","δύναιτο","FALSE"
"3306",",","FALSE"
"3307","τούτοις","TRUE"
"3308","ἄκοντες","FALSE"
"3309","οἱ","TRUE"
"3310","ἐχθροὶ","FALSE"
"3311","ἀρετὴν","FALSE"
"3312","μαρτυροῦσι","FALSE"
"3313",".","FALSE"
"3314","καὶ","TRUE"
"3315","παράπαν","FALSE"
"3316","εἰπεῖν","FALSE"
"3317",",","FALSE"
"3318","ᾠκοδόμηται","FALSE"
"3319","τὰ","TRUE"
"3320","δικαστήρια","FALSE"
"3321","τοῖς","TRUE"
"3322","πονηροῖς","FALSE"
"3323","μὲν","TRUE"
"3324","ἐναλίσκεσθαι","FALSE"
"3325",",","FALSE"
"3326","τοῖς","TRUE"
"3327","δὲ","TRUE"
"3328","ἀγαθοῖς","FALSE"
"3329","ἐνεπιδείκνυσθαι","FALSE"
"3330",".","FALSE"
"3331","ὅπου","FALSE"
"3332","γὰρ","TRUE"
"3333","τῆς","TRUE"
"3334","κακίας","FALSE"
"3335",",","FALSE"
"3336","ἐκεῖ","FALSE"
"3337","καὶ","TRUE"
"3338","τῆς","TRUE"
"3339","ἀρετῆς","FALSE"
"3340","ἡ","TRUE"
"3341","κρίσις","FALSE"
"3342",",","FALSE"
"3343","ὡς","TRUE"
"3344","τὸ","TRUE"
"3345","αὐτὸ","TRUE"
"3346","θέατρον","FALSE"
"3347","ἀμουσίας","FALSE"
"3348","τε","TRUE"
"3349","καὶ","TRUE"
"3350","μουσικῆς","FALSE"
"3351",".","FALSE"
"3352","καὶ","TRUE"
"3353","τῶν","TRUE"
"3354","ἐναντίων","FALSE"
"3355","οἱ","TRUE"
"3356","αὐτοὶ","TRUE"
"3357","κάθηνται","FALSE"
"3358","κριταί","FALSE"
"3359",".","FALSE"
"3360","μιᾶς","FALSE"
"3361","γὰρ","TRUE"
"3362","ἄμφω","FALSE"
"3363","τέχνης","FALSE"
"3364","εἰδέναι","FALSE"
"3365",",","FALSE"
"3366","καὶ","TRUE"
"3367","οἱ","TRUE"
"3368","δικασταὶ","FALSE"
"3369","μίαν","FALSE"
"3370","ἔχοντες","FALSE"
"3371","ἐμπειρίαν","FALSE"
"3372","ἀγαθοῦ","FALSE"
"3373","καὶ","TRUE"
"3374","πονηροῦ","FALSE"
"3375","βίου","FALSE"
"3376","οὓς","TRUE"
"3377","μὲν","TRUE"
"3378","ἂν","TRUE"
"3379","φλαύρους","FALSE"
"3380","ὑπο","FALSE"
"3381","νοήσωσι","FALSE"
"3382",",","FALSE"
"3383","ζημίαν","FALSE"
"3384","ἐπιβάλλουσι","FALSE"
"3385","τούτοις","TRUE"
"3386",",","FALSE"
"3387","τοὺς","TRUE"
"3388","δὲ","TRUE"
"3389","νικῶν","FALSE"
"3390","τας","FALSE"
"3391","ἐπὶ","TRUE"
"3392","τὰς","TRUE"
"3393","τιμὰς","FALSE"
"3394","προπέμπουσι","FALSE"
"3395",",","FALSE"
"3396","τοὺς","TRUE"
"3397","δὲ","TRUE"
"3398","οὐκ","TRUE"
"3399","ἐξετα","FALSE"
"3400","σθέντας","FALSE"
"3401","οὔτε","TRUE"
"3402","κολάζουσιν","FALSE"
"3403","οὔτε","TRUE"
"3404","τιμῶσιν","FALSE"
"3405",".","FALSE"
"3406","οὕτω","TRUE"
"3407","δὲ","TRUE"
"3408","καὶ","TRUE"
"3409","τοῖς","TRUE"
"3410","νόμοις","FALSE"
"3411","ἅπασι","FALSE"
"3412","δοκεῖ","FALSE"
"3413","μηδένα","FALSE"
"3414","ἐᾶν","FALSE"
"3415","ἄκριτον","FALSE"
"3416",".","FALSE"
"3417","καὶ","TRUE"
"3418","πρῶτον","FALSE"
"3419","μὲν","TRUE"
"3420","περὶ","TRUE"
"3421","τοῦ","TRUE"
"3422","γένους","FALSE"
"3423","εἰς","TRUE"
"3424","κρίσιν","FALSE"
"3425","ἅπαντας","FALSE"
"3426","τοὺς","TRUE"
"3427","πολίτας","FALSE"
"3428","ἄγουσι","FALSE"
"3429",",","FALSE"
"3430","καὶ","TRUE"
"3431","οὓς","TRUE"
"3432","οὐδεὶς","TRUE"
"3433","ξενίας","FALSE"
"3434","ἐγράψατο","FALSE"
"3435",",","FALSE"
"3436","κατὰ","TRUE"
"3437","δήμους","FALSE"
"3438","ποιοῦντες","FALSE"
"3439","ἀγορὰς","FALSE"
"3440","καὶ","TRUE"
"3441","διαψηφίσεις","FALSE"
"3442",",","FALSE"
"3443","ὅστις","TRUE"
"3444","ἀστὸς","FALSE"
"3445","ἢ","TRUE"
"3446","παρέγγραπτος","FALSE"
"3447",".","FALSE"
"3448","καὶ","TRUE"
"3449","τὴν","TRUE"
"3450","δοκιμασίαν","FALSE"
"3451","ταύτην","TRUE"
"3452","ὑπομέ","FALSE"
"3453","νοῦσι","FALSE"
"3454",",","FALSE"
"3455","κἂν","TRUE"
"3456","εὐπατριδῶν","FALSE"
"3457","τις","TRUE"
"3458","ᾖ","TRUE"
"3459","κἂν","TRUE"
"3460","Ἐτεοβουτάδης","FALSE"
"3461","κἂν","TRUE"
"3462","Εὐμολπίδης","FALSE"
"3463","κἂν","TRUE"
"3464","ἐστρατηγηκώς","FALSE"
"3465",".","FALSE"
"3466","τῆς","TRUE"
"3467","μὲν","TRUE"
"3468","οὖν","TRUE"
"3469","κοινῆς","FALSE"
"3470","πολιτείας","FALSE"
"3471","ἄνευ","FALSE"
"3472","διαψηφίσεων","FALSE"
"3473","οὐδενὶ","TRUE"
"3474","μέτεστι","FALSE"
"3475",",","FALSE"
"3476","δωρεὰν","FALSE"
"3477","δὲ","TRUE"
"3478","τὴν","TRUE"
"3479","μεγίστην","FALSE"
"3480","οἴσεται","FALSE"
"3481","οὐ","TRUE"
"3482","διαψηφισθεὶς","FALSE"
"3483","εἰ","TRUE"
"3484","γνήσιός","FALSE"
"3485","ἐστι","TRUE"
"3486","τοῦ","TRUE"
"3487","τῆς","TRUE"
"3488","ἀρετῆς","FALSE"
"3489","ὀνόματος","FALSE"
"3490","ἢ","TRUE"
"3491","νόθος","FALSE"
"3492","καὶ","TRUE"
"3493","ὑποβολι","FALSE"
"3494","μαῖος","FALSE"
"3495","ἐν","TRUE"
"3496","ἀλλοτρίᾳ","FALSE"
"3497","δόξῃ","FALSE"
"3498","πολιτεύεται","FALSE"
"3499",";","FALSE"
"3500","ἔπειτα","FALSE"
"3501","κλήρῳ","FALSE"
"3502","τὰς","TRUE"
"3503","ἀρχὰς","FALSE"
"3504","ἱστάντες","FALSE"
"3505",",","FALSE"
"3506","ὡς","TRUE"
"3507","δημοτικὸν","FALSE"
"3508","ὂν","TRUE"
"3509","τὸ","TRUE"
"3510","τῆς","TRUE"
"3511","ἴσης","FALSE"
"3512","ἐλ","FALSE"
"3513","πίδος","FALSE"
"3514",",","FALSE"
"3515","οὐ","TRUE"
"3516","μόνον","FALSE"
"3517","τῇ","TRUE"
"3518","τοῦ","TRUE"
"3519","κλήρου","FALSE"
"3520","τύχῃ","FALSE"
"3521","τὴν","TRUE"
"3522","αἵρεσιν","FALSE"
"3523","τούτων","TRUE"
"3524","ἐπιτρέπουσιν","FALSE"
"3525",",","FALSE"
"3526","ἀλλὰ","TRUE"
"3527","καὶ","TRUE"
"3528","δικαστήριον","FALSE"
"3529","καθίζουσι","FALSE"
"3530","καὶ","TRUE"
"3531","ψῆφον","FALSE"
"3532","διδόασι","FALSE"
"3533","περὶ","TRUE"
"3534","τῆς","TRUE"
"3535","ἀξίας","FALSE"
"3536",",","FALSE"
"3537","κἂν","TRUE"
"3538","ἀνεπιτήδειος","FALSE"
"3539","ᾖ","TRUE"
"3540","πλέον","FALSE"
"3541","οὐδὲν","TRUE"
"3542","αὐτῷ","TRUE"
"3543","τῆς","TRUE"
"3544","εὐκληρίας","FALSE"
"3545",",","FALSE"
"3546","λαχὼν","FALSE"
"3547","δὲ","TRUE"
"3548","ἰδιώτης","FALSE"
"3549","ἄπεισι","FALSE"
"3550",".","FALSE"
"3551","τὸν","TRUE"
"3552","μὲν","TRUE"
"3553","οὖν","TRUE"
"3554","μυρρίνης","FALSE"
"3555","στέφανον","FALSE"
"3556","οὐδεὶς","TRUE"
"3557","ἀδο","FALSE"
"3558","κίμαστος","FALSE"
"3559","οὐδὲ","TRUE"
"3560","ἄνευ","FALSE"
"3561","ψήφου","FALSE"
"3562","δικαστηρίου","FALSE"
"3563","περιθήσεται","FALSE"
"3564",",","FALSE"
"3565","τὸν","TRUE"
"3566","δὲ","TRUE"
"3567","τῆς","TRUE"
"3568","ἀρετῆς","FALSE"
"3569","οὕτω","TRUE"
"3570","προχείρως","FALSE"
"3571","τῷ","TRUE"
"3572","μὴ","TRUE"
"3573","δοκιμασθέντι","FALSE"
"3574","πρὸ","FALSE"
"3575","τοῦ","TRUE"
"3576","κεκριμένου","FALSE"
"3577","δώσετε","FALSE"
"3578",";","FALSE"
"3579","πάλιν","FALSE"
"3580","ἄλλους","TRUE"
"3581","τελοῦν","FALSE"
"3582","τες","FALSE"
"3583","ἄρχοντας","FALSE"
"3584","οὓς","TRUE"
"3585","χειροτονητοὺς","FALSE"
"3586","καλοῦμεν","FALSE"
"3587",",","FALSE"
"3588","στρατηγούς","FALSE"
"3589",",","FALSE"
"3590","ἱππάρχους","FALSE"
"3591",",","FALSE"
"3592","ταξιάρχους","FALSE"
"3593",",","FALSE"
"3594","εἴλοντο","FALSE"
"3595","μὲν","TRUE"
"3596","αὐτοὺς","TRUE"
"3597","ἐν","TRUE"
"3598","ἀρχαιρε","FALSE"
"3599","σίαις","FALSE"
"3600",",","FALSE"
"3601","οἷον","FALSE"
"3602","Ἀριστείδην","FALSE"
"3603","Ἀθηναῖοι","FALSE"
"3604",",","FALSE"
"3605","πληροῦται","FALSE"
"3606","δὲ","TRUE"
"3607","καὶ","TRUE"
"3608","τούτοις","TRUE"
"3609","δικαστήριον","FALSE"
"3610",",","FALSE"
"3611","εἰ","TRUE"
"3612","δικαίως","FALSE"
"3613","εἰσὶ","TRUE"
"3614","κεχειροτονημένοι","FALSE"
"3615",".","FALSE"
"3616","οἶς","FALSE"
"3617","οὔτε","TRUE"
"3618","χήρυγμα","FALSE"
"3619","οὔτε","TRUE"
"3620","στέφανος","FALSE"
"3621","στρατεῖαι","FALSE"
"3622",",","FALSE"
"3623","πόνοι","FALSE"
"3624",",","FALSE"
"3625","κίνδυνοι","FALSE"
"3626",",","FALSE"
"3627","ἀλλὰ","TRUE"
"3628","κἂν","TRUE"
"3629","κατορθώσωσιν","FALSE"
"3630",",","FALSE"
"3631","ὀψέ","FALSE"
"3632","ποτε","FALSE"
"3633","αἰ","TRUE"
"3634","τιμαί","FALSE"
"3635",".","FALSE"
"3636","ὅπου","FALSE"
"3637","δὲ","TRUE"
"3638","τοὺς","TRUE"
"3639","στρατηγούς","FALSE"
"3640",",","FALSE"
"3641","οὓς","TRUE"
"3642","αὐτὰ","TRUE"
"3643","τὰ","TRUE"
"3644","πράγματα","FALSE"
"3645","κρίνει","FALSE"
"3646",",","FALSE"
"3647","ψήφῳ","FALSE"
"3648","δοκιμάζετε","FALSE"
"3649",",","FALSE"
"3650","τῷ","TRUE"
"3651","ῥήτορι","FALSE"
"3652","τὴν","TRUE"
"3653","δωρεὰν","FALSE"
"3654","ἀλογὶ","FALSE"
"3655","χειροτονήσετε","FALSE"
"3656",";","FALSE"
"3657","οὐ","TRUE"
"3658","τοίνυν","FALSE"
"3659","οὐδ","FALSE"
"3660","ὅταν","FALSE"
"3661","τὰ","TRUE"
"3662","μέγιστα","FALSE"
"3663","καταπράξωσιν","FALSE"
"3664","οἱ","TRUE"
"3665","χειροτονηθέντες","FALSE"
"3666","ὑπὸ","TRUE"
"3667","τοῦ","TRUE"
"3668","δήμου","FALSE"
"3669",",","FALSE"
"3670","τῆς","TRUE"
"3671","δωρεᾶς","FALSE"
"3672","τυγχάνουσι","FALSE"
"3673",",","FALSE"
"3674","πρὶν","FALSE"
"3675","ἂν","TRUE"
"3676","εὐθύνας","FALSE"
"3677","ὑπόσχωσι","FALSE"
"3678","τῷ","TRUE"
"3679","τὸν","TRUE"
"3680","νόμον","FALSE"
"3681","ἄντικρυς","FALSE"
"3682","ἀπειρηκέ","FALSE"
"3683","ναι","FALSE"
"3684","τὸν","TRUE"
"3685","ὑπεύθυνον","FALSE"
"3686","μὴ","TRUE"
"3687","στεφανοῦν","FALSE"
"3688",".","FALSE"
"3689","ὑμεῖς","TRUE"
"3690","μὲν","TRUE"
"3691","οὖν","TRUE"
"3692","οἴεσθε","FALSE"
"3693","τοὺς","TRUE"
"3694","ταμίας","FALSE"
"3695","μὲν","TRUE"
"3696","ἢ","TRUE"
"3697","τειχοποιοὺς","FALSE"
"3698","ἄρχοντας","FALSE"
"3699","εἶναι","TRUE"
"3700",",","FALSE"
"3701","καὶ","TRUE"
"3702","πρὶν","FALSE"
"3703","ἢ","TRUE"
"3704","λόγον","FALSE"
"3705","δοῦναι","FALSE"
"3706","οὐκ","TRUE"
"3707","ἐξεῖναι","FALSE"
"3708","στεφανοῦν","FALSE"
"3709","·","FALSE"
"3710","ἡμᾶς","TRUE"
"3711","δὲ","TRUE"
"3712","τοὺς","TRUE"
"3713","ῥήτορας","FALSE"
"3714","οὐκ","TRUE"
"3715","ἐν","TRUE"
"3716","ἀρχῇ","FALSE"
"3717","τῇ","TRUE"
"3718","μεγίστῃ","FALSE"
"3719","θήσεθε","FALSE"
"3720",";","FALSE"
"3721","οἷς","TRUE"
"3722","πρῶτον","FALSE"
"3723","μὲν","TRUE"
"3724","τοὺς","TRUE"
"3725","ἰδιώτας","FALSE"
"3726",",","FALSE"
"3727","ὧς","TRUE"
"3728","τοῖς","TRUE"
"3729","ἄρχουσιν","FALSE"
"3730",",","FALSE"
"3731","ἀντο","FALSE"
"3732","νομάζετε","FALSE"
"3733",".","FALSE"
"3734","εἶτ","FALSE"
"3735","ἐκεῖνοι","FALSE"
"3736","μὲν","TRUE"
"3737","ἐπέτειοι","FALSE"
"3738",",","FALSE"
"3739","διὰ","TRUE"
"3740","βίου","FALSE"
"3741","δὲ","TRUE"
"3742","ἡμεῖς","TRUE"
"3743",".","FALSE"
"3744","καὶ","TRUE"
"3745","οἱ","TRUE"
"3746","μὲν","TRUE"
"3747","ὑφ","FALSE"
"3748","ὑμῶν","TRUE"
"3749","κληθέντες","FALSE"
"3750",",","FALSE"
"3751","ἡμεῖς","TRUE"
"3752","δὲ","TRUE"
"3753","αὐτεπάγ","FALSE"
"3754","γελτοι","FALSE"
"3755",".","FALSE"
"3756","κἀκεῖνοι","FALSE"
"3757","μὲν","TRUE"
"3758","ἄλλος","TRUE"
"3759","ἄλλου","TRUE"
"3760","μέρους","FALSE"
"3761",",","FALSE"
"3762","ὁ","TRUE"
"3763","στρατηγὸς","FALSE"
"3764","τῶν","TRUE"
"3765","ὅπλων","FALSE"
"3766",",","FALSE"
"3767","ὁ","TRUE"
"3768","ταμίας","FALSE"
"3769","τῶν","TRUE"
"3770","χρημάτων","FALSE"
"3771",",","FALSE"
"3772","ὁ","TRUE"
"3773","τειχοποιὸς","FALSE"
"3774","τοῦ","TRUE"
"3775","κύκλου","FALSE"
"3776",",","FALSE"
"3777","ὁ","TRUE"
"3778","δημαγωγὸς","FALSE"
"3779","δὲ","TRUE"
"3780","οὐκ","TRUE"
"3781","ἔστιν","TRUE"
"3782","ὅτου","TRUE"
"3783","τὴν","TRUE"
"3784","ἐπιμέ","FALSE"
"3785","λειαν","FALSE"
"3786","οὐ","TRUE"
"3787","πεπίστευται","FALSE"
"3788",".","FALSE"
"3789","κἀκείνοις","FALSE"
"3790","αὐτὸς","TRUE"
"3791","ἐπιτέτακται","FALSE"
"3792",",","FALSE"
"3793","αὐτὸς","TRUE"
"3794","ἐξετάζει","FALSE"
"3795","τοὺς","TRUE"
"3796","ταμίας","FALSE"
"3797",",","FALSE"
"3798","αὐτὸς","TRUE"
"3799","ἐκπέμπει","FALSE"
"3800","τοὺς","TRUE"
"3801","στρα","FALSE"
"3802","τηγούς","FALSE"
"3803",",","FALSE"
"3804","ἄρχει","FALSE"
"3805","τῶν","TRUE"
"3806","ἀρχόντων","FALSE"
"3807","ἁπάντων","FALSE"
"3808","μόνος","FALSE"
"3809",".","FALSE"
"3810","τοὺς","TRUE"
"3811","μὲν","TRUE"
"3812","οὖν","TRUE"
"3813","ἔν","TRUE"
"3814","τινι","TRUE"
"3815","χρόνῳ","FALSE"
"3816","καὶ","TRUE"
"3817","τοὺς","TRUE"
"3818","κατὰ","TRUE"
"3819","μέρη","FALSE"
"3820","προνοουμέ","FALSE"
"3821","νους","FALSE"
"3822","ἀνευθύνους","FALSE"
"3823","οὐ","TRUE"
"3824","στεφανώσετε","FALSE"
"3825",",","FALSE"
"3826","τοὺς","TRUE"
"3827","ἀιδίους","FALSE"
"3828","δὲ","TRUE"
"3829","τιμήσετε","FALSE"
"3830",";","FALSE"
"3831","καὶ","TRUE"
"3832","παρ","FALSE"
"3833","οὗ","TRUE"
"3834","μὲν","TRUE"
"3835","εὐθύνας","FALSE"
"3836","καθ","FALSE"
"3837","ἕκαστον","FALSE"
"3838","εἰλήφατε","FALSE"
"3839",",","FALSE"
"3840","ἀστεφάνωτον","FALSE"
"3841","ἐάσετε","FALSE"
"3842",",","FALSE"
"3843","τὴν","TRUE"
"3844","τιμὴν","FALSE"
"3845","δὲ","TRUE"
"3846","τῷ","TRUE"
"3847","παν","FALSE"
"3848","τὸς","FALSE"
"3849","εὐθύνας","FALSE"
"3850","ὀφείλοντι","FALSE"
"3851","τοῦ","TRUE"
"3852","βίου","FALSE"
"3853","δώσετε;.","FALSE"
"3854","Καίτοι","FALSE"
"3855","εἰ","TRUE"
"3856","μὲν","TRUE"
"3857","μηδὲν","FALSE"
"3858","ἄξιον","FALSE"
"3859","λόγου","FALSE"
"3860","διῴκηκας","FALSE"
"3861",",","FALSE"
"3862","οὐ","TRUE"
"3863","θαυμαστὸν","FALSE"
"3864","εἰ","TRUE"
"3865","μηδὲ","FALSE"
"3866","κατηγόρῳ","FALSE"
"3867","λόγον","FALSE"
"3868","παρέσχηκας","FALSE"
"3869",",","FALSE"
"3870","οὐδὲ","TRUE"
"3871","γὰρ","TRUE"
"3872","ἐπὶ","TRUE"
"3873","μικροῖς","FALSE"
"3874","εἰσιν","TRUE"
"3875","αἱ","TRUE"
"3876","τοῦ","TRUE"
"3877","βίου","FALSE"
"3878","δωρεαί","FALSE"
"3879","·","FALSE"
"3880","εἰ","TRUE"
"3881","δέ","TRUE"
"3882",",","FALSE"
"3883","ὡς","TRUE"
"3884","φῄς","FALSE"
"3885",",","FALSE"
"3886","μεγάλα","FALSE"
"3887","καὶ","TRUE"
"3888","πολλά","FALSE"
"3889",",","FALSE"
"3890","πρὸ","FALSE"
"3891","τοῦ","TRUE"
"3892","τούτων","TRUE"
"3893","ἀποδοῦναι","FALSE"
"3894","λόγον","FALSE"
"3895","πῶς","FALSE"
"3896","ἐπ","FALSE"
"3897","αὐτοῖς","TRUE"
"3898","δωρεὰν","FALSE"
"3899","αἰτεῖς","FALSE"
"3900",";","FALSE"
"3901","νὴ","FALSE"
"3902","Δία","FALSE"
"3903",",","FALSE"
"3904","οὐδὲν","TRUE"
"3905","γὰρ","TRUE"
"3906","εἴρηται","FALSE"
"3907","περὶ","TRUE"
"3908","τῶν","TRUE"
"3909","ῥητόρων","FALSE"
"3910","αὐτῶν","TRUE"
"3911","τῷ","TRUE"
"3912","Σό","FALSE"
"3913","λωνι","FALSE"
"3914",".","FALSE"
"3915","καὶ","TRUE"
"3916","τίνας","FALSE"
"3917","οὕτως","TRUE"
"3918","ὑπευθύνους","FALSE"
"3919","καθίστησι","FALSE"
"3920","καὶ","TRUE"
"3921","μο","FALSE"
"3922","νονοὺ","FALSE"
"3923","καθ","FALSE"
"3924","ἑκάστην","FALSE"
"3925","ἡμέραν","FALSE"
"3926","ἀπολογίζεσθαι","FALSE"
"3927","βούλεται","FALSE"
"3928","περὶ","TRUE"
"3929","τῶν","TRUE"
"3930","πεπολιτευμένων","FALSE"
"3931",";","FALSE"
"3932","ἔγνωκάς","FALSE"
"3933","τινα","TRUE"
"3934","γνώμην","FALSE"
"3935","εἰσφέρειν","FALSE"
"3936",".","FALSE"
"3937","προβούλευε","FALSE"
"3938",",","FALSE"
"3939","φησίν","FALSE"
"3940",",","FALSE"
"3941","εἰς","TRUE"
"3942","τοὺς","TRUE"
"3943","πεντακοσίους","FALSE"
"3944",",","FALSE"
"3945","πρώτη","FALSE"
"3946","γὰρ","TRUE"
"3947","αὕτη","TRUE"
"3948","κρίσις","FALSE"
"3949",".","FALSE"
"3950","τὴν","TRUE"
"3951","βουλὴν","FALSE"
"3952","πέπεικας","FALSE"
"3953",".","FALSE"
"3954","εἰς","TRUE"
"3955","τὸν","TRUE"
"3956","δῆμον","FALSE"
"3957","ἴθι","FALSE"
"3958",",","FALSE"
"3959","δευτέρα","FALSE"
"3960","γὰρ","TRUE"
"3961","ἡ","TRUE"
"3962","διαχειροτονία","FALSE"
"3963",".","FALSE"
"3964","κἂν","TRUE"
"3965","τοὺς","TRUE"
"3966","πολλοὺς","FALSE"
"3967","ἔχῃς","FALSE"
"3968","ὁμογνώμονας","FALSE"
"3969",",","FALSE"
"3970","οὔπω","FALSE"
"3971","νενίκηκας","FALSE"
"3972",".","FALSE"
"3973","ἐφέσιμος","FALSE"
"3974","λοιπὸν","FALSE"
"3975","εἰς","TRUE"
"3976","τὸ","TRUE"
"3977","δικαστήριον","FALSE"
"3978","ἡ","TRUE"
"3979","διάγνωσις","FALSE"
"3980",".","FALSE"
"3981","τριῶν","FALSE"
"3982","οὖν","TRUE"
"3983","ὄντων","TRUE"
"3984","συνεδρίων","FALSE"
"3985",",","FALSE"
"3986","βουλῆς","FALSE"
"3987",",","FALSE"
"3988","δήμου","FALSE"
"3989",",","FALSE"
"3990","δικαστηρίου","FALSE"
"3991",",","FALSE"
"3992","ἀκρι","FALSE"
"3993","βέστατον","FALSE"
"3994","ὡμολόγηται","FALSE"
"3995","τὸ","TRUE"
"3996","δικαστήριον","FALSE"
"3997",".","FALSE"
"3998","εἰκότως","FALSE"
"3999",".","FALSE"
"4000","ἡ","TRUE"
"4001","βουλὴ","FALSE"
"4002","μέν","TRUE"
"4003","γε","TRUE"
"4004","καὶ","TRUE"
"4005","ὁ","TRUE"
"4006","δῆμος","FALSE"
"4007","ἀνώμοτοι","FALSE"
"4008","τὴν","TRUE"
"4009","ψῆφον","FALSE"
"4010","φέρουσι","FALSE"
"4011",",","FALSE"
"4012","τὸ","TRUE"
"4013","δικαστήριον","FALSE"
"4014","δὲ","TRUE"
"4015","σὺν","TRUE"
"4016","ὅρκῳ","FALSE"
"4017","καὶ","TRUE"
"4018","ἀρᾷ","FALSE"
"4019","τῇ","TRUE"
"4020","μεγίστῃ","FALSE"
"4021",".","FALSE"
"4022","καὶ","TRUE"
"4023","οἱ","TRUE"
"4024","μὲν","TRUE"
"4025","βοῇ","FALSE"
"4026","τὰ","TRUE"
"4027","πολλὰ","FALSE"
"4028","κρίνουσι","FALSE"
"4029","πρὸς","TRUE"
"4030","ὀργὴν","FALSE"
"4031","φανερὰν","FALSE"
"4032","καὶ","TRUE"
"4033","χάριν","FALSE"
"4034",",","FALSE"
"4035","οἶ","FALSE"
"4036","δὲ","TRUE"
"4037","κρύβδην","FALSE"
"4038","τὸ","TRUE"
"4039","δόξαν","FALSE"
"4040","τίθενται","FALSE"
"4041",".","FALSE"
"4042","θόρυβος","FALSE"
"4043","ἐν","TRUE"
"4044","τοῖς","TRUE"
"4045","ἄλλοις","TRUE"
"4046","ἰσχύει","FALSE"
"4047","συλλόγοις","FALSE"
"4048","·","FALSE"
"4049","ἐνταῦθα","FALSE"
"4050","πρὸς","TRUE"
"4051","ὕδωρ","FALSE"
"4052","οἱ","TRUE"
"4053","λόγοι","FALSE"
"4054",".","FALSE"
"4055","καὶ","TRUE"
"4056","τί","TRUE"
"4057","τὰ","TRUE"
"4058","ἄλλα","TRUE"
"4059",";","FALSE"
"4060","τῇ","TRUE"
"4061","βουλῇ","FALSE"
"4062","μὲν","TRUE"
"4063","οὐκ","TRUE"
"4064","ἔξεστιν","FALSE"
"4065","οὐδὲ","TRUE"
"4066","τῷ","TRUE"
"4067","δήμῳ","FALSE"
"4068","λῦσαι","FALSE"
"4069","γνῶσιν","FALSE"
"4070","δικαστηρίου","FALSE"
"4071",",","FALSE"
"4072","τῷ","TRUE"
"4073","δικαστη","FALSE"
"4074","ρίῳ","FALSE"
"4075","δὲ","TRUE"
"4076","ἀμφοῖν","FALSE"
"4077","ἅμα","FALSE"
"4078",".","FALSE"
"4079","οὕτω","TRUE"
"4080","δὲ","TRUE"
"4081","κρατοῦντος","FALSE"
"4082","ἀκριβείᾳ","FALSE"
"4083","πολὺ","FALSE"
"4084","τοῦ","TRUE"
"4085","δικαστηρίου","FALSE"
"4086","ἐγὼ","TRUE"
"4087","μὲν","TRUE"
"4088","διὰ","TRUE"
"4089","πάντων","FALSE"
"4090","ἐλήλυθα","FALSE"
"4091","τῶν","TRUE"
"4092","συνεδρίων","FALSE"
"4093",",","FALSE"
"4094","καὶ","TRUE"
"4095","γὰρ","TRUE"
"4096","τὴν","TRUE"
"4097","βουλὴν","FALSE"
"4098","οὐχ","TRUE"
"4099","ἧττον","FALSE"
"4100","πέ","FALSE"
"4101","πεικα","FALSE"
"4102","Κεφάλου","FALSE"
"4103",",","FALSE"
"4104","καὶ","TRUE"
"4105","ὁ","TRUE"
"4106","δῆμος","FALSE"
"4107","ἐπεχειροτόνησεν","FALSE"
"4108","ἅμα","FALSE"
"4109","καὶ","TRUE"
"4110","πλείω","FALSE"
"4111","ψηφίσματα","FALSE"
"4112",",","FALSE"
"4113","καὶ","TRUE"
"4114","τὸ","TRUE"
"4115","τρίτον","FALSE"
"4116","δὴ","TRUE"
"4117","πάλαισμα","FALSE"
"4118",",","FALSE"
"4119","γραφεὶς","FALSE"
"4120","παρανόμων","FALSE"
"4121","ἐπὶ","TRUE"
"4122","πάσαις","FALSE"
"4123","ταῖς","TRUE"
"4124","γνώμαις","FALSE"
"4125","ὑμᾶς","TRUE"
"4126","ἔπεισα","FALSE"
"4127","τοὺς","TRUE"
"4128","τῶν","TRUE"
"4129","ὅλων","FALSE"
"4130","κυρίους","FALSE"
"4131","·","FALSE"
"4132","τούτῳ","TRUE"
"4133","δὲ","TRUE"
"4134","ἀτελὴς","FALSE"
"4135","ἡ","TRUE"
"4136","πολιτεία","FALSE"
"4137","ἐν","TRUE"
"4138","τῷ","TRUE"
"4139","κυριωτάτῳ","FALSE"
"4140","μέρει","FALSE"
"4141",".","FALSE"
"4142","τῆς","TRUE"
"4143","ἐξετάσεως","FALSE"
"4144","γὰρ","TRUE"
"4145","ἀπάσης","FALSE"
"4146","τέλος","FALSE"
"4147","ἡ","TRUE"
"4148","ψῆφος","FALSE"
"4149","ἡ","TRUE"
"4150","τοῦ","TRUE"
"4151","δικαστηρίου","FALSE"
"4152",".","FALSE"
"4153","σὺ","TRUE"
"4154","δὲ","TRUE"
"4155","καὶ","TRUE"
"4156","μέγα","FALSE"
"4157","φρονεῖς","FALSE"
"4158","σωθεὶς","FALSE"
"4159","ἐρημίᾳ","FALSE"
"4160","κατηγόρων","FALSE"
"4161",",","FALSE"
"4162","οὐ","TRUE"
"4163","πίστει","FALSE"
"4164","δικαιωμάτων","FALSE"
"4165",",","FALSE"
"4166","τοσοῦτον","FALSE"
"4167","ἐμοῦ","TRUE"
"4168","λειπόμενος","FALSE"
"4169","ὅσον","FALSE"
"4170","τοῦ","TRUE"
"4171","δι","FALSE"
"4172","ἀντιλογίας","FALSE"
"4173","νενικηκότος","FALSE"
"4174","ὁ","TRUE"
"4175","ἐρήμην","FALSE"
"4176","ἐνηνεγμένος","FALSE"
"4177",".","FALSE"
"4178","ὁ","TRUE"
"4179","μὲν","TRUE"
"4180","γὰρ","TRUE"
"4181","οὐδενὸς","TRUE"
"4182","φανέντος","FALSE"
"4183","τοῦ","TRUE"
"4184","κατηγορήσοντος","FALSE"
"4185","ἀθῷος","FALSE"
"4186","μένει","FALSE"
"4187",",","FALSE"
"4188","ἐγὼ","TRUE"
"4189","δὲ","TRUE"
"4190","καὶ","TRUE"
"4191","τοὺς","TRUE"
"4192","παρόντας","FALSE"
"4193","ἤλεγξα","FALSE"
"4194","συκοφάντας","FALSE"
"4195",".","FALSE"
"4196","καὶ","TRUE"
"4197","τὰς","TRUE"
"4198","πλείους","FALSE"
"4199","μὲν","TRUE"
"4200","ψήφους","FALSE"
"4201","ὁ","TRUE"
"4202","νόμος","FALSE"
"4203","κελεύει","FALSE"
"4204","νικᾶν","FALSE"
"4205",",","FALSE"
"4206","ὅν","TRUE"
"4207","αὐτὸς","TRUE"
"4208","ἄρτι","FALSE"
"4209","παρείχετο","FALSE"
"4210",",","FALSE"
"4211","αὐτὸς","TRUE"
"4212","δὲ","TRUE"
"4213","μηδεμιᾶς","FALSE"
"4214","τυχὼν","FALSE"
"4215","ψήφου","FALSE"
"4216","φιλο","FALSE"
"4217","νεικεῖ","FALSE"
"4218","τῷ","TRUE"
"4219","πάσας","FALSE"
"4220","παρειληφότι","FALSE"
"4221","καὶ","TRUE"
"4222","πλείους","FALSE"
"4223","σχεδὸν","FALSE"
"4224","τῶν","TRUE"
"4225","οἰκούντων","FALSE"
"4226","τὴν","TRUE"
"4227","πόλιν","FALSE"
"4228",",","FALSE"
"4229","εἴγε","FALSE"
"4230","καὶ","TRUE"
"4231","δὶς","FALSE"
"4232","οἱ","TRUE"
"4233","αὐτοὶ","TRUE"
"4234","περὶ","TRUE"
"4235","ἐμοῦ","TRUE"
"4236","καὶ","TRUE"
"4237","τρὶς","FALSE"
"4238","ἐψηφίσαντο","FALSE"
"4239",".","FALSE"
"4240","ἐγὼ","TRUE"
"4241","μὲν","TRUE"
"4242","οὖν","TRUE"
"4243","εἰ","TRUE"
"4244","καὶ","TRUE"
"4245","ἴσας","FALSE"
"4246","πρὸς","TRUE"
"4247","ἴσας","FALSE"
"4248","τὰς","TRUE"
"4249","μὲν","TRUE"
"4250","ἐνίκων","FALSE"
"4251",",","FALSE"
"4252","τὰς","TRUE"
"4253","δὲ","TRUE"
"4254","ἐνικώμην","FALSE"
"4255",",","FALSE"
"4256","ἀντίπαλος","FALSE"
"4257","τᾷ","FALSE"
"4258","μήτε","FALSE"
"4259","ἡττημένῳ","FALSE"
"4260","μήτε","FALSE"
"4261","νενικηκότι","FALSE"
"4262","ἴσως","FALSE"
"4263","τῆς","TRUE"
"4264","ἐπ","FALSE"
"4265","ἄμφω","FALSE"
"4266","μετασχὼν","FALSE"
"4267","τύχης","FALSE"
"4268","πρὸς","TRUE"
"4269","τὸν","TRUE"
"4270","οὐδετέρας","FALSE"
"4271","πεπειραμένον","FALSE"
"4272","·","FALSE"
"4273","νῦν","FALSE"
"4274","δὲ","TRUE"
"4275","τὸ","TRUE"
"4276","μὲν","TRUE"
"4277","οὐδέποτε","FALSE"
"4278","ἡττῆσθαι","FALSE"
"4279","καὶ","TRUE"
"4280","ἐμοὶ","TRUE"
"4281","περίεστι","FALSE"
"4282",",","FALSE"
"4283","τούτῳ","TRUE"
"4284","δὲ","TRUE"
"4285","ὅπερ","FALSE"
"4286","ἐμοὶ","TRUE"
"4287","πολλάκις","FALSE"
"4288","οὐδ","FALSE"
"4289","ἅπαξ","FALSE"
"4290","ὑπῆρξε","FALSE"
"4291",",","FALSE"
"4292","τὸ","TRUE"
"4293","νενικηκέναι","FALSE"
"4294",".","FALSE"
"4295","οὐδὲ","TRUE"
"4296","γὰρ","TRUE"
"4297","αἰτιαθῆναί","FALSE"
"4298","φησι","FALSE"
"4299",".","FALSE"
"4300","τοῦτο","TRUE"
"4301","μὲν","TRUE"
"4302","δὴ","TRUE"
"4303","καὶ","TRUE"
"4304","τῶν","TRUE"
"4305","ἰδιωτῶν","FALSE"
"4306","πολλοῖς","FALSE"
"4307","ἄν","TRUE"
"4308","τις","TRUE"
"4309","ἴδοι","FALSE"
"4310","συμβεβηκός","FALSE"
"4311",".","FALSE"
"4312","αὐτίκα","FALSE"
"4313","οἱ","TRUE"
"4314","κατὰ","TRUE"
"4315","δήμους","FALSE"
"4316","οἰκοῦντες","FALSE"
"4317","οὐδὲ","TRUE"
"4318","εἶδον","FALSE"
"4319","ἔνιοι","FALSE"
"4320","τὸ","TRUE"
"4321","δικαστήριον","FALSE"
"4322","καὶ","TRUE"
"4323","οὐ","TRUE"
"4324","κατίασιν","FALSE"
"4325","ἐκ","TRUE"
"4326","τῶν","TRUE"
"4327","ἀγρῶν","FALSE"
"4328","αἰτήσοντες","FALSE"
"4329","γέρας","FALSE"
"4330","τοῦ","TRUE"
"4331","λαθραίου","FALSE"
"4332","βίου","FALSE"
"4333",".","FALSE"
"4334","γραφὰς","FALSE"
"4335","δὲ","TRUE"
"4336","ὀλίγας","FALSE"
"4337","φυγὼν","FALSE"
"4338","πάσας","FALSE"
"4339","ἀπέφυγέ","FALSE"
"4340","τις","TRUE"
"4341",",","FALSE"
"4342","ὅς","TRUE"
"4343","οὐδ","FALSE"
"4344","ἐν","TRUE"
"4345","μέρει","FALSE"
"4346","τὰ","TRUE"
"4347","μὲν","TRUE"
"4348","ἐνίκα","FALSE"
"4349",",","FALSE"
"4350","τὰ","TRUE"
"4351","δὲ","TRUE"
"4352","ἡττᾶτο;.","FALSE"
"4353","Εἰ","TRUE"
"4354","δέ","TRUE"
"4355","γε","TRUE"
"4356","τῶν","TRUE"
"4357","ἐξαιρέτων","FALSE"
"4358","καὶ","TRUE"
"4359","ἃ","TRUE"
"4360","πρὸς","TRUE"
"4361","ἄλλους","TRUE"
"4362","οὐκ","TRUE"
"4363","ἔστι","TRUE"
"4364","κοινὰ","FALSE"
"4365","τὰς","TRUE"
"4366","δωρεὰς","FALSE"
"4367","εἶναί","TRUE"
"4368","φησιν","FALSE"
"4369",",","FALSE"
"4370","ἡ","TRUE"
"4371","τούτου","TRUE"
"4372","μὲν","TRUE"
"4373","ἀπραγ","FALSE"
"4374","μοσύνη","FALSE"
"4375","τοῖς","TRUE"
"4376","πλείοσιν","FALSE"
"4377","ὑπάρχει","FALSE"
"4378","καὶ","TRUE"
"4379","πᾶσιν","FALSE"
"4380","ὀλίγου","FALSE"
"4381","δεῖν","FALSE"
"4382",",","FALSE"
"4383","τὸ","TRUE"
"4384","δ","FALSE"
"4385","ἐμὸν","TRUE"
"4386","καλὸν","FALSE"
"4387","οὐκ","TRUE"
"4388","οἶδα","FALSE"
"4389","ὅτῳ","TRUE"
"4390","πλὴν","FALSE"
"4391","ἐμοῦ","TRUE"
"4392",".","FALSE"
"4393","ἔτι","TRUE"
"4394","τοίνυν","FALSE"
"4395","ὅ","TRUE"
"4396","μὲν","TRUE"
"4397","οὗτος","TRUE"
"4398","αὐχεῖ","FALSE"
"4399",",","FALSE"
"4400","τὸ","TRUE"
"4401","ἀναίτιον","FALSE"
"4402","ἐμοὶ","TRUE"
"4403","μᾶλλον","FALSE"
"4404","ἢ","TRUE"
"4405","τούτῳ","TRUE"
"4406","πρόσεστιν","FALSE"
"4407",".","FALSE"
"4408","ὁ","TRUE"
"4409","μὲν","TRUE"
"4410","γὰρ","TRUE"
"4411","ἐκφυγὼν","FALSE"
"4412","τὰ","TRUE"
"4413","ἐγκλήματα","FALSE"
"4414","εἰς","TRUE"
"4415","ἴσον","FALSE"
"4416","τῷ","TRUE"
"4417","μηδὲ","FALSE"
"4418","κατηγορηθέντι","FALSE"
"4419","τὴν","TRUE"
"4420","ἀρχὴν","FALSE"
"4421","ἐπανέρχεται","FALSE"
"4422",".","FALSE"
"4423","καὶ","TRUE"
"4424","καθαρῶς","FALSE"
"4425","οὗτος","TRUE"
"4426","ἀναίτιος","FALSE"
"4427","ὅστις","TRUE"
"4428","ἠλευθέ","FALSE"
"4429","ρωται","FALSE"
"4430","τῶν","TRUE"
"4431","αἰτιῶν","FALSE"
"4432","ὑπὸ","TRUE"
"4433","τοῦ","TRUE"
"4434","δικαστηρίου","FALSE"
"4435",",","FALSE"
"4436","τὸν","TRUE"
"4437","δὲ","TRUE"
"4438","οὐ","TRUE"
"4439","κατηγορηθέντα","FALSE"
"4440","ἄκριτον","FALSE"
"4441",",","FALSE"
"4442","οὐκ","TRUE"
"4443","ἀναίτιον","FALSE"
"4444","εἴποι","FALSE"
"4445","τις","TRUE"
"4446","ἂν","TRUE"
"4447","οὐδ","FALSE"
"4448","ἀνεύθυνον","FALSE"
"4449",",","FALSE"
"4450","ἀλλ","FALSE"
"4451","ὑπεύθυνον","FALSE"
"4452","ἐπὶ","TRUE"
"4453","παντὸς","FALSE"
"4454","βίου","FALSE"
"4455",".","FALSE"
"4456","ὅπου","FALSE"
"4457","γ","FALSE"
"4458","οὖν","TRUE"
"4459",",","FALSE"
"4460","ἐφ","FALSE"
"4461","ᾧ","TRUE"
"4462","μὲν","TRUE"
"4463","οὗτος","TRUE"
"4464","ἀγάλλεται","FALSE"
"4465",",","FALSE"
"4466","τὸ","TRUE"
"4467","δοκεῖν","FALSE"
"4468","αἰτίας","FALSE"
"4469","ἀπάσης","FALSE"
"4470","ἐκτὸς","FALSE"
"4471","εἶναι","TRUE"
"4472",",","FALSE"
"4473","τούτῳ","TRUE"
"4474","μὲν","TRUE"
"4475","ἄδηλον","FALSE"
"4476","εἰ","TRUE"
"4477","καί","TRUE"
"4478","τινος","TRUE"
"4479","αἰτίας","FALSE"
"4480","ὑπούσης","FALSE"
"4481","οὐ","TRUE"
"4482","τετύχηκε","FALSE"
"4483","κατηγόρου","FALSE"
"4484",",","FALSE"
"4485","ἐμοὶ","TRUE"
"4486","δὲ","TRUE"
"4487","κρίσεσι","FALSE"
"4488","πολλαῖς","FALSE"
"4489","κεκύρωται","FALSE"
"4490",",","FALSE"
"4491","τὸ","TRUE"
"4492","δὲ","TRUE"
"4493","κριθέντα","FALSE"
"4494","ἐκφυγεῖν","FALSE"
"4495","τούτῳ","TRUE"
"4496","μὲν","TRUE"
"4497","οὐκ","TRUE"
"4498","ἔστιν","TRUE"
"4499","εἰπεῖν","FALSE"
"4500","οὐδ","FALSE"
"4501","ἅπαξ","FALSE"
"4502",",","FALSE"
"4503","ἐμοὶ","TRUE"
"4504","δὲ","TRUE"
"4505","καὶ","TRUE"
"4506","πολλάκις","FALSE"
"4507",",","FALSE"
"4508","ᾧ","TRUE"
"4509","δὴ","TRUE"
"4510","τὸ","TRUE"
"4511","συναμφότερον","FALSE"
"4512",",","FALSE"
"4513","οὐχ","TRUE"
"4514","ᾧ","TRUE"
"4515","θάτερον","FALSE"
"4516","ὑπάρχει","FALSE"
"4517",",","FALSE"
"4518","τούτῳ","TRUE"
"4519","προσήκει","FALSE"
"4520","κρατεῖν","FALSE"
"4521",".","FALSE"
"4522","καὶ","TRUE"
"4523","πότερον","FALSE"
"4524","εὔξασθαι","FALSE"
"4525","ἂν","TRUE"
"4526","εἵλου","FALSE"
"4527","μᾶλλον","FALSE"
"4528","κρίνεσθαι","FALSE"
"4529","καθ","FALSE"
"4530","ἑκάστην","FALSE"
"4531","ἡμέραν","FALSE"
"4532","ἢ","TRUE"
"4533","ἐν","TRUE"
"4534","ἀδείᾳ","FALSE"
"4535","δικῶν","FALSE"
"4536","εἶναι","TRUE"
"4537",";","FALSE"
"4538","ἔστι","TRUE"
"4539","δὲ","TRUE"
"4540","τοῦτο","TRUE"
"4541","μὲν","TRUE"
"4542","εὐτυχία","FALSE"
"4543","τὸ","TRUE"
"4544","τοὺς","TRUE"
"4545","συκοφάντας","FALSE"
"4546","λαθεῖν","FALSE"
"4547","οὐκ","TRUE"
"4548","εἰς","TRUE"
"4549","δόξαν","FALSE"
"4550","οὐδὲ","TRUE"
"4551","τιμῆς","FALSE"
"4552","λόγον","FALSE"
"4553",",","FALSE"
"4554","πολλοῦ","FALSE"
"4555","γε","TRUE"
"4556","καὶ","TRUE"
"4557","δεῖ","FALSE"
"4558",",","FALSE"
"4559","εἰς","TRUE"
"4560","δὲ","TRUE"
"4561","καὶ","TRUE"
"4562","ῥᾳθυμίαν","FALSE"
"4563","καὶ","TRUE"
"4564","τὸ","TRUE"
"4565","μὴ","TRUE"
"4566","δεῖσαι","FALSE"
"4567",",","FALSE"
"4568","αἱ","TRUE"
"4569","δωρεαὶ","FALSE"
"4570","δὲ","TRUE"
"4571","τῶν","TRUE"
"4572","ἐπιπόνων","FALSE"
"4573","εἰσίν","TRUE"
"4574",",","FALSE"
"4575","οὐ","TRUE"
"4576","μετὰ","TRUE"
"4577","ῥᾳστώνης","FALSE"
"4578","βίου","FALSE"
"4579",",","FALSE"
"4580","καὶ","TRUE"
"4581","κινδύνων","FALSE"
"4582","καὶ","TRUE"
"4583","φόβου","FALSE"
"4584","παραμυθία","FALSE"
"4585","τοῖς","TRUE"
"4586","ἐκφεύγουσιν","FALSE"
"4587",",","FALSE"
"4588","ἐπεὶ","FALSE"
"4589","καὶ","TRUE"
"4590","τοὺς","TRUE"
"4591","πολεμικοὺς","FALSE"
"4592","κινδύνους","FALSE"
"4593","πρὶν","FALSE"
"4594","γενέσθαι","FALSE"
"4595","μὲν","TRUE"
"4596","ἅπας","FALSE"
"4597","τις","TRUE"
"4598","ἂν","TRUE"
"4599","ἀπεύξαιτο","FALSE"
"4600",",","FALSE"
"4601","γενομένων","FALSE"
"4602","δὲ","TRUE"
"4603","τιμῶνται","FALSE"
"4604","οἱ","TRUE"
"4605","κατορθοῦντες","FALSE"
"4606",",","FALSE"
"4607","καὶ","TRUE"
"4608","τὰ","TRUE"
"4609","πολλὰ","FALSE"
"4610","φευκτὰ","FALSE"
"4611","μὲν","TRUE"
"4612","πρὸ","FALSE"
"4613","τῆς","TRUE"
"4614","πείρας","FALSE"
"4615","διὰ","TRUE"
"4616","τὴν","TRUE"
"4617","ἄδηλον","FALSE"
"4618","τύχην","FALSE"
"4619",",","FALSE"
"4620","ζηλωτὰ","FALSE"
"4621","δέ","TRUE"
"4622",",","FALSE"
"4623","ὅταν","FALSE"
"4624","κρατήσῃ","FALSE"
"4625","τοῦ","TRUE"
"4626","τέλους","FALSE"
"4627",".","FALSE"
"4628","καὶ","TRUE"
"4629","τὰς","TRUE"
"4630","ἐν","TRUE"
"4631","ὑμῖν","TRUE"
"4632","κρίσεις","FALSE"
"4633","ὑπομεῖναι","FALSE"
"4634","μὲν","TRUE"
"4635","οὐδεὶς","TRUE"
"4636","ἂν","TRUE"
"4637","ἐθελή","FALSE"
"4638","σειεν","FALSE"
"4639","οὐκ","TRUE"
"4640","εἰδὼς","FALSE"
"4641","εἰ","TRUE"
"4642","διαφεύξεται","FALSE"
"4643","·","FALSE"
"4644","εἰ","TRUE"
"4645","δὲ","TRUE"
"4646","θεῶν","FALSE"
"4647","τις","TRUE"
"4648","ἐγ","FALSE"
"4649","γυήσαιτο","FALSE"
"4650","τὴν","TRUE"
"4651","νίκην","FALSE"
"4652",",","FALSE"
"4653","τίς","TRUE"
"4654","οὐκ","TRUE"
"4655","ἂν","TRUE"
"4656","εὔξαιτο","FALSE"
"4657","δεῖξαι","FALSE"
"4658","χρηστὸς","FALSE"
"4659","ὤν","TRUE"
"4660",";","FALSE"
"4661","πλὴν","FALSE"
"4662","εἰ","TRUE"
"4663","σύνοιδεν","FALSE"
"4664","αὑτῷ","TRUE"
"4665","τοιαῦτά","TRUE"
"4666","τις","TRUE"
"4667","ὥστε","TRUE"
"4668","μόνην","FALSE"
"4669","σωτηρίαν","FALSE"
"4670","τὸ","TRUE"
"4671","μὴ","TRUE"
"4672","κριθῆναι","FALSE"
"4673","δοκεῖν","FALSE"
"4674",",","FALSE"
"4675","ἐπεὶ","FALSE"
"4676","τοῖς","TRUE"
"4677","ἀδικοῦσι","FALSE"
"4678","μὲν","TRUE"
"4679","ἀγαθὸν","FALSE"
"4680","ἀνελέγκτοις","FALSE"
"4681","μένειν","FALSE"
"4682",",","FALSE"
"4683","τοῖς","TRUE"
"4684","δὲ","TRUE"
"4685","χρηστοῖς","FALSE"
"4686","ἀτύχημα","FALSE"
"4687","τὸ","TRUE"
"4688","λανθάνειν","FALSE"
"4689",",","FALSE"
"4690","καὶ","TRUE"
"4691","θαρροῦσιν","FALSE"
"4692","οἱ","TRUE"
"4693","μὲν","TRUE"
"4694","τῷ","TRUE"
"4695","συνειδότι","FALSE"
"4696","καὶ","TRUE"
"4697","ταῖς","TRUE"
"4698","ἀποδείξεσιν","FALSE"
"4699",",","FALSE"
"4700","οἱ","TRUE"
"4701","δὲ","TRUE"
"4702","κακοῦργοι","FALSE"
"4703","τῷ","TRUE"
"4704","λανθάνειν","FALSE"
"4705",".","FALSE"
"4706","Ἃ","TRUE"
"4707","τοίνυν","FALSE"
"4708","κακοήθως","FALSE"
"4709","ὑπελάμβανεν","FALSE"
"4710","ὡς","TRUE"
"4711","ἐξαπα","FALSE"
"4712","ἐξαπατηθέντας","FALSE"
"4713","ὑπ","FALSE"
"4714","ἐμοῦ","TRUE"
"4715","τοὺς","TRUE"
"4716","δικαστάς","FALSE"
"4717",",","FALSE"
"4718","οὐκ","TRUE"
"4719","ἐμοῦ","TRUE"
"4720","τὴν","TRUE"
"4721","κατη","FALSE"
"4722","γορίαν","FALSE"
"4723","ἐποιεῖτο","FALSE"
"4724",",","FALSE"
"4725","ὑμᾶς","TRUE"
"4726","δὲ","TRUE"
"4727","διέβαλλεν","FALSE"
"4728",",","FALSE"
"4729","εἰ","TRUE"
"4730","μὲν","TRUE"
"4731","ἄκοντας","FALSE"
"4732","ἐξα","FALSE"
"4733","πατηθῆναί","FALSE"
"4734","φησιν","FALSE"
"4735",",","FALSE"
"4736","ὡς","TRUE"
"4737","ἀνοήτους","FALSE"
"4738",",","FALSE"
"4739","εἰ","TRUE"
"4740","δὲ","TRUE"
"4741","βουλομένους","FALSE"
"4742","χαρίζεσθαι","FALSE"
"4743","ἀδίκως","FALSE"
"4744",",","FALSE"
"4745","ὡς","TRUE"
"4746","ἐπιόρκους","FALSE"
"4747",".","FALSE"
"4748","οὐδὲν","TRUE"
"4749","ὅ","TRUE"
"4750","μὴ","TRUE"
"4751","τῶν","TRUE"
"4752","κακίστων","FALSE"
"4753","ἁπλῶς","FALSE"
"4754","αὐτοῦ","TRUE"
"4755","λέγοντος","FALSE"
"4756","ἠκούσατε","FALSE"
"4757",".","FALSE"
"4758","εἶτα","FALSE"
"4759","παρὰ","TRUE"
"4760","μὲν","TRUE"
"4761","τοῖς","TRUE"
"4762","ἄλλοις","TRUE"
"4763","ἅπασιν","FALSE"
"4764","ἀνθρώποις","FALSE"
"4765","ἄριστοι","FALSE"
"4766","δικάζειν","FALSE"
"4767","καὶ","TRUE"
"4768","νομοθετεῖν","FALSE"
"4769","πρὸ","FALSE"
"4770","τοῦ","TRUE"
"4771","πεπίστευσθε","FALSE"
"4772",",","FALSE"
"4773","Κέφαλος","FALSE"
"4774","δὲ","TRUE"
"4775","παρα","FALSE"
"4776","νοίας","FALSE"
"4777","αἱρεῖ","FALSE"
"4778","τὰ","TRUE"
"4779","δικαστήρια","FALSE"
"4780",",","FALSE"
"4781","ἐν","TRUE"
"4782","οἷς","TRUE"
"4783","οὔτε","TRUE"
"4784","διώκων","FALSE"
"4785","ἡττηθεὶς","FALSE"
"4786","οὔτε","TRUE"
"4787","φεύγων","FALSE"
"4788","ἁλοὺς","FALSE"
"4789","οὐδεὶς","TRUE"
"4790","ᾐτιάσατο","FALSE"
"4791","τὰ","TRUE"
"4792","ἐγνωσμένα","FALSE"
"4793",".","FALSE"
"4794","καὶ","TRUE"
"4795","οἱ","TRUE"
"4796","μὲν","TRUE"
"4797","ἑλεῖν","FALSE"
"4798","οὐ","TRUE"
"4799","δυνηθέντες","FALSE"
"4800","σιωπῶσιν","FALSE"
"4801",",","FALSE"
"4802","οὗτος","TRUE"
"4803","δὲ","TRUE"
"4804","ὑπὲρ","TRUE"
"4805","ὧν","TRUE"
"4806","ἕτεροι","FALSE"
"4807","γραψάμενοί","FALSE"
"4808","με","TRUE"
"4809","ἡττῶντο","FALSE"
"4810","ἀγανακτεῖ","FALSE"
"4811",".","FALSE"
"4812","καί","TRUE"
"4813",",","FALSE"
"4814","ὡς","TRUE"
"4815","ἔοικε","FALSE"
"4816",",","FALSE"
"4817","θεοὶ","FALSE"
"4818","μὲν","TRUE"
"4819","ἡττηθέντες","FALSE"
"4820","ἔστερξαν","FALSE"
"4821","αὐτίκα","FALSE"
"4822","τὰς","TRUE"
"4823","ψήφους","FALSE"
"4824",",","FALSE"
"4825","Κεφάλῳ","FALSE"
"4826","δὲ","TRUE"
"4827","μόνῳ","FALSE"
"4828","δοκεῖτε","FALSE"
"4829","τὰ","TRUE"
"4830","δίκαια","FALSE"
"4831","μὴ","TRUE"
"4832","δι","FALSE"
"4833","αιρεῖν","FALSE"
"4834","ἀκριβῶς","FALSE"
"4835",",","FALSE"
"4836","κἂν","TRUE"
"4837","μὴ","TRUE"
"4838","δῶτε","FALSE"
"4839","τὴν","TRUE"
"4840","δωρεὰν","FALSE"
"4841","ἐκ","TRUE"
"4842","δικαστη","FALSE"
"4843","ρίου","FALSE"
"4844",",","FALSE"
"4845","φησὶν","FALSE"
"4846","ὑμᾶς","TRUE"
"4847","δικάζειν","FALSE"
"4848","κακῶς","FALSE"
"4849",".","FALSE"
"4850","εἰ","TRUE"
"4851","μὲν","TRUE"
"4852","οὖν","TRUE"
"4853","ἅπαξ","FALSE"
"4854","ἢ","TRUE"
"4855","δὶς","FALSE"
"4856","ἐξέφυγον","FALSE"
"4857","τά","TRUE"
"4858","ἐγκλήματα","FALSE"
"4859",",","FALSE"
"4860","ὑπενόησέ","FALSE"
"4861","τις","TRUE"
"4862","ἂν","TRUE"
"4863","ὑπῆλθον","FALSE"
"4864",",","FALSE"
"4865","ὡς","TRUE"
"4866","ἐφενάκισα","FALSE"
"4867",",","FALSE"
"4868","ὡς","TRUE"
"4869","ἐλέῳ","FALSE"
"4870","κατέλαβον","FALSE"
"4871","τοὺς","TRUE"
"4872","δι","FALSE"
"4873","καστάς","FALSE"
"4874","·","FALSE"
"4875","εἰ","TRUE"
"4876","δέ","TRUE"
"4877",",","FALSE"
"4878","ὁσαχοῦ","FALSE"
"4879","κέκριμαι","FALSE"
"4880",",","FALSE"
"4881","πανταχοῦ","FALSE"
"4882","καὶ","TRUE"
"4883","ἑκαστα","FALSE"
"4884","χοῦ","FALSE"
"4885","νικῶ","FALSE"
"4886",",","FALSE"
"4887","καθαρὰ","FALSE"
"4888","τῆς","TRUE"
"4889","ἀρετῆς","FALSE"
"4890","ἡ","TRUE"
"4891","κρίσις","FALSE"
"4892",".","FALSE"
"4893","εἰς","TRUE"
"4894","μὲν","TRUE"
"4895","ἅπαξ","FALSE"
"4896","καὶ","TRUE"
"4897","παρ","FALSE"
"4898","ἕνα","FALSE"
"4899","καιρὸν","FALSE"
"4900","ἰσχυρὸν","FALSE"
"4901","ἀπάτη","FALSE"
"4902","καὶ","TRUE"
"4903","τέχνη","FALSE"
"4904",",","FALSE"
"4905","ὁ","TRUE"
"4906","χρόνος","FALSE"
"4907","δὲ","TRUE"
"4908","φωρᾷ","FALSE"
"4909","τὴν","TRUE"
"4910","ἀλήθειαν","FALSE"
"4911",".","FALSE"
"4912","καὶ","TRUE"
"4913","οὐδ","FALSE"
"4914","ἂν","TRUE"
"4915","οἱ","TRUE"
"4916","πάν","FALSE"
"4917","των","FALSE"
"4918","ἀνοητότατοι","FALSE"
"4919","δὶς","FALSE"
"4920","περὶ","TRUE"
"4921","τὸν","TRUE"
"4922","αὐτόν","TRUE"
"4923",",","FALSE"
"4924","οὐχ","TRUE"
"4925","ὅπως","FALSE"
"4926","Ἀθη","FALSE"
"4927","ναίοι","FALSE"
"4928",",","FALSE"
"4929","σφαλῆναι","FALSE"
"4930","δύναιντ","FALSE"
"4931","ἄν","TRUE"
"4932",",","FALSE"
"4933","ἐμοὶ","TRUE"
"4934","δὲ","TRUE"
"4935","καὶ","TRUE"
"4936","φιλονεικό","FALSE"
"4937","τερον","FALSE"
"4938","προσεφέροντο","FALSE"
"4939","τῷ","TRUE"
"4940","πολλάκις","FALSE"
"4941","ἤδη","FALSE"
"4942","κεκρατηκέναι","FALSE"
"4943",",","FALSE"
"4944","οἱ","TRUE"
"4945","κατήγοροι","FALSE"
"4946","μὲν","TRUE"
"4947","ἀναμάχεσθαι","FALSE"
"4948","πειρώμενοι","FALSE"
"4949","καὶ","TRUE"
"4950","μόνος","FALSE"
"4951","λέγοντες","FALSE"
"4952","ἡμᾶς","TRUE"
"4953","οὗτος","TRUE"
"4954","ἀεὶ","FALSE"
"4955","διαφεύξεται","FALSE"
"4956",";","FALSE"
"4957","οἱ","TRUE"
"4958","δικασταὶ","FALSE"
"4959","δὲ","TRUE"
"4960","παρατεταγμένοι","FALSE"
"4961","πρὸς","TRUE"
"4962","τοὺς","TRUE"
"4963","λόγους","FALSE"
"4964","τοὺς","TRUE"
"4965","ἐμοὺς","TRUE"
"4966","καὶ","TRUE"
"4967","μέχρι","FALSE"
"4968","τίνος","TRUE"
"4969","τοῦτον","TRUE"
"4970","ἀφήσομεν","FALSE"
"4971",";","FALSE"
"4972","ἀλλ","FALSE"
"4973","οὐδὲ","TRUE"
"4974","σκιὰν","FALSE"
"4975","εὗρον","FALSE"
"4976","αἰτίας","FALSE"
"4977","εἰς","TRUE"
"4978","ἐμέ","TRUE"
"4979",".","FALSE"
"4980","πάνυ","FALSE"
"4981","γοῦν","FALSE"
"4982","εὐμε","FALSE"
"4983","ταχείριστοι","FALSE"
"4984","πρὸς","TRUE"
"4985","ἀπάτην","FALSE"
"4986","Ἀθηναῖοι","FALSE"
"4987",".","FALSE"
"4988","Μιλτιάδου","FALSE"
"4989","μὲν","TRUE"
"4990","οὐκ","TRUE"
"4991","ἐφείσασθε","FALSE"
"4992","τοῦ","TRUE"
"4993","τὴν","TRUE"
"4994","ἐν","TRUE"
"4995","Μαραθῶνι","FALSE"
"4996","μάχην","FALSE"
"4997","νενικη","FALSE"
"4998","κότος","FALSE"
"4999","ἀνδρὸς","FALSE"
"5000","καὶ","TRUE"
"5001","δουλείας","FALSE"
"5002","Μηδικῆς","FALSE"
"5003","τὴν","TRUE"
"5004","λύσαντος","FALSE"
"5005",".","FALSE"
"5006","ἐδήσατε","FALSE"
"5007","χεῖρας","FALSE"
"5008","ἐκείνας","FALSE"
"5009","ἃς","TRUE"
"5010","ἐξέτεινε","FALSE"
"5011","μετὰ","TRUE"
"5012","τῶν","TRUE"
"5013","παραγγελμάτων","FALSE"
"5014","καὶ","TRUE"
"5015","πόδας","FALSE"
"5016","ὑπὲρ","TRUE"
"5017","τῶν","TRUE"
"5018","Ἀθηναίων","FALSE"
"5019","δραμόντας","FALSE"
"5020",",","FALSE"
"5021","καὶ","TRUE"
"5022","πρότερον","FALSE"
"5023","ἐν","TRUE"
"5024","τοῖς","TRUE"
"5025","δεσμοῖς","FALSE"
"5026","ἀπέθανε","FALSE"
"5027","πρὶν","FALSE"
"5028","λύσεως","FALSE"
"5029","ἔτυχε","FALSE"
"5030",".","FALSE"
"5031","καὶ","TRUE"
"5032","Θεμιστοκλῆς","FALSE"
"5033","ἔφυγεν","FALSE"
"5034","εἰς","TRUE"
"5035","Πέρσας","FALSE"
"5036","ἢν","TRUE"
"5037","ὁδὸν","FALSE"
"5038","ἐξήλασε","FALSE"
"5039","βασιλέα","FALSE"
"5040",".","FALSE"
"5041","καὶ","TRUE"
"5042","Λακεδαιμονίους","FALSE"
"5043","μὲν","TRUE"
"5044","ἐξη","FALSE"
"5045","πάτησε","FALSE"
"5046","τοὺς","TRUE"
"5047","δεινούς","FALSE"
"5048",",","FALSE"
"5049","καὶ","TRUE"
"5050","πάντας","FALSE"
"5051","ἀνθρώπους","FALSE"
"5052","παρήγαγε","FALSE"
"5053","ῥᾳδίως","FALSE"
"5054","·","FALSE"
"5055","πρὸς","TRUE"
"5056","δὲ","TRUE"
"5057","τὸ","TRUE"
"5058","δικαστήριον","FALSE"
"5059","οὐδὲν","TRUE"
"5060","ἔργον","FALSE"
"5061","αὐτῷ","TRUE"
"5062","τῆς","TRUE"
"5063","συνέσεως","FALSE"
"5064","ἴσχυσεν","FALSE"
"5065",".","FALSE"
"5066","οὐκ","TRUE"
"5067","ἔτυχε","FALSE"
"5068","συγγνώμης","FALSE"
"5069","οὐ","TRUE"
"5070","μετ","FALSE"
"5071","Εὔβοιαν","FALSE"
"5072","Περικλῆς","FALSE"
"5073",",","FALSE"
"5074","οὐ","TRUE"
"5075","μετὰ","TRUE"
"5076","Ναύπακτον","FALSE"
"5077","Φορμίων","FALSE"
"5078",",","FALSE"
"5079","οὐ","TRUE"
"5080","μετὰ","TRUE"
"5081","Λέσβον","FALSE"
"5082","Πάχης","FALSE"
"5083",",","FALSE"
"5084","οὐ","TRUE"
"5085","μετὰ","TRUE"
"5086","Ἀργινούσας","FALSE"
"5087","οἱ","TRUE"
"5088","δέκα","FALSE"
"5089",",","FALSE"
"5090","ὧν","TRUE"
"5091","ἐπὶ","TRUE"
"5092","μιᾶς","FALSE"
"5093","ἡμέρας","FALSE"
"5094","θάνατον","FALSE"
"5095","κατεψηφίσασθε","FALSE"
"5096",".","FALSE"
"5097","οὐ","TRUE"
"5098","Σω","FALSE"
"5099","κράτης","FALSE"
"5100","παρήγαγε","FALSE"
"5101","τῷ","TRUE"
"5102","λόγῳ","FALSE"
"5103","τοὺς","TRUE"
"5104","δικάζοντας","FALSE"
"5105",",","FALSE"
"5106","οὐ","TRUE"
"5107","Θρασύ","FALSE"
"5108","βουλος","FALSE"
"5109","ὁ","TRUE"
"5110","ἀποδοὺς","FALSE"
"5111","τὴν","TRUE"
"5112","δημοκρατίαν","FALSE"
"5113","καὶ","TRUE"
"5114","τὰ","TRUE"
"5115","δικαστή","FALSE"
"5116","ρια","FALSE"
"5117",",","FALSE"
"5118","οὐ","TRUE"
"5119","τὰ","TRUE"
"5120","τελευταῖα","FALSE"
"5121",",","FALSE"
"5122","Καλλίστρατος","FALSE"
"5123",",","FALSE"
"5124","ὅν","TRUE"
"5125","ὑπερβάλλοντα","FALSE"
"5126","δεινότητι","FALSE"
"5127","τοὺς","TRUE"
"5128","ῥήτορας","FALSE"
"5129","αὐτοῖς","TRUE"
"5130","λόγοις","FALSE"
"5131","φυγάδα","FALSE"
"5132","ἀπεστεί","FALSE"
"5133","λατε","FALSE"
"5134",".","FALSE"
"5135","ὧν","TRUE"
"5136","καὶ","TRUE"
"5137","Κέφαλος","FALSE"
"5138","ἐνίων","FALSE"
"5139","ἐμέμνητο","FALSE"
"5140",",","FALSE"
"5141","ὥσπερ","FALSE"
"5142","οὐχ","TRUE"
"5143","ὑπὲρ","TRUE"
"5144","ἐμοῦ","TRUE"
"5145","σεμνολογούμενος","FALSE"
"5146",".","FALSE"
"5147","εἶτα","FALSE"
"5148","τοῖς","TRUE"
"5149","ἀρίστοις","FALSE"
"5150","μέν","TRUE"
"5151",",","FALSE"
"5152","καθ","FALSE"
"5153","ὅν","TRUE"
"5154","ἦν","TRUE"
"5155","χρόνον","FALSE"
"5156","αὐτῶν","TRUE"
"5157","ἕκαστος","FALSE"
"5158",",","FALSE"
"5159","εἰ","TRUE"
"5160","καὶ","TRUE"
"5161","ἥμαρτον","FALSE"
"5162",",","FALSE"
"5163","ἐκ","TRUE"
"5164","μεταβολῆς","FALSE"
"5165","ἰσχυροτέραν","FALSE"
"5166","ἐποιεῖσθε","FALSE"
"5167","τὴν","TRUE"
"5168","ὀργὴν","FALSE"
"5169","τὴν","TRUE"
"5170","ἐπὶ","TRUE"
"5171","τοῖς","TRUE"
"5172","καινοῖς","FALSE"
"5173","ἐγκλήμασι","FALSE"
"5174","τῆς","TRUE"
"5175","μνήμης","FALSE"
"5176","τῶν","TRUE"
"5177","προκατωρθωạένων","FALSE"
"5178",",","FALSE"
"5179","καὶ","TRUE"
"5180","τούτους","TRUE"
"5181","οὐ","TRUE"
"5182","ναυμαχίας","FALSE"
"5183","λέγον","FALSE"
"5184","τας","FALSE"
"5185","οὐ","TRUE"
"5186","πεζομαχίας","FALSE"
"5187",",","FALSE"
"5188","οὐ","TRUE"
"5189","τρόπαια","FALSE"
"5190","δεικνύντας","FALSE"
"5191","ἐσώσατε","FALSE"
"5192",",","FALSE"
"5193","καὶ","TRUE"
"5194","ταῦτα","TRUE"
"5195","ἅπαξ","FALSE"
"5196","ἕκαστον","FALSE"
"5197","ὑπὸ","TRUE"
"5198","τῇ","TRUE"
"5199","ψήφῳ","FALSE"
"5200","λαβόντες","FALSE"
"5201",",","FALSE"
"5202","εἰκότως","FALSE"
"5203",",","FALSE"
"5204","οὐ","TRUE"
"5205","γὰρ","TRUE"
"5206","ἡμιτελῆ","FALSE"
"5207","τὴν","TRUE"
"5208","ἀρετὴν","FALSE"
"5209","ἀξιοῦτε","FALSE"
"5210","παρασχέσθαι","FALSE"
"5211","τοὺς","TRUE"
"5212","ἐπαινουμένους","FALSE"
"5213","οὐδὲ","TRUE"
"5214","τῇ","TRUE"
"5215","δόξῃ","FALSE"
"5216","τῆς","TRUE"
"5217","δικαιοσύνης","FALSE"
"5218","εἰς","TRUE"
"5219","ἐξου","FALSE"
"5220","σίαν","FALSE"
"5221","ἀδικίας","FALSE"
"5222","χρῆσθαι","FALSE"
"5223","·","FALSE"
"5224","ἐμοὶ","TRUE"
"5225","δ","FALSE"
"5226","ἂν","TRUE"
"5227","τοσαύτας","FALSE"
"5228","γραφὰς","FALSE"
"5229","ἐχαρίσασθε","FALSE"
"5230",";","FALSE"
"5231","τίνα","TRUE"
"5232","πειθὼ","FALSE"
"5233","καὶ","TRUE"
"5234","σειρῆνα","FALSE"
"5235","καινὴν","FALSE"
"5236","ἀνευρόντι","FALSE"
"5237","ᾗ","TRUE"
"5238","κατέθελξα","FALSE"
"5239","δικάζοντας","FALSE"
"5240","ὑμᾶς","TRUE"
"5241","μόνος","FALSE"
"5242","ἐγρηγορότας","FALSE"
"5243","ἀεί","FALSE"
"5244",",","FALSE"
"5245","προνοοῦντας","FALSE"
"5246","τὰ","TRUE"
"5247","λεχθησόμενα","FALSE"
"5248",",","FALSE"
"5249","πολλὰ","FALSE"
"5250","καὶ","TRUE"
"5251","τῶν","TRUE"
"5252","οὐκ","TRUE"
"5253","εἰρη","FALSE"
"5254","μένων","FALSE"
"5255","τῇ","TRUE"
"5256","κατηγορίᾳ","FALSE"
"5257","κατατιθέντας","FALSE"
"5258",",","FALSE"
"5259","οὔτε","TRUE"
"5260","συνετώτερος","FALSE"
"5261","ἐγὼ","TRUE"
"5262","Θεμιστοκλέους","FALSE"
"5263","οὔτε","TRUE"
"5264","πιθανώτερος","FALSE"
"5265","Περικλέους","FALSE"
"5266","οὔτε","TRUE"
"5267","σοφώτερος","FALSE"
"5268","Σωκράτους","FALSE"
"5269","οὔτε","TRUE"
"5270","δεινότερος","FALSE"
"5271","Καλλιστράτου","FALSE"
"5272",",","FALSE"
"5273","ὧν","TRUE"
"5274","ἀπάντων","FALSE"
"5275","ἐκρατήσατε","FALSE"
"5276",".","FALSE"
"5277","ἐν","TRUE"
"5278","τοιούτοις","TRUE"
"5279","ἀνύποπτος","FALSE"
"5280","ὤφθην","FALSE"
"5281","δικασταῖς","FALSE"
"5282","τοῖς","TRUE"
"5283","πάντα","FALSE"
"5284","ὑπονοοῦσι","FALSE"
"5285",".","FALSE"
"5286","μὴ","TRUE"
"5287","πεῖραν","FALSE"
"5288","αὐτῶν","TRUE"
"5289","λάβῃς","FALSE"
"5290",",","FALSE"
"5291","οὐ","TRUE"
"5292","γὰρ","TRUE"
"5293","ἂν","TRUE"
"5294","ἐκφύγοις","FALSE"
"5295",".","FALSE"
"5296","ἐλεήμονες","FALSE"
"5297","Ἀθηναῖοι","FALSE"
"5298",",","FALSE"
"5299","κἀ","FALSE"
"5300","γώ","FALSE"
"5301","φημι","FALSE"
"5302",".","FALSE"
"5303","πότε","FALSE"
"5304",";","FALSE"
"5305","καὶ","TRUE"
"5306","πρὸς","TRUE"
"5307","τίνας","FALSE"
"5308",";","FALSE"
"5309","ἄν","TRUE"
"5310","ποτε","FALSE"
"5311","συμμαχίας","FALSE"
"5312","δέηται","FALSE"
"5313","πόλις","FALSE"
"5314",",","FALSE"
"5315","ἂν","TRUE"
"5316","ἱκετεύῃ","FALSE"
"5317","ξένος","FALSE"
"5318",",","FALSE"
"5319","πρὸς","TRUE"
"5320","ἐκεί","FALSE"
"5321","νους","FALSE"
"5322","θεὸν","FALSE"
"5323","τὸν","TRUE"
"5324","Ἔλεον","FALSE"
"5325","νομίζουσι","FALSE"
"5326",".","FALSE"
"5327","κἂν","TRUE"
"5328","μὲν","TRUE"
"5329","τῶν","TRUE"
"5330","πολι","FALSE"
"5331","τῶν","TRUE"
"5332","τινά","TRUE"
"5333","τις","TRUE"
"5334","αἰτιάσηται","FALSE"
"5335","·","FALSE"
"5336","Κέφαλός","FALSE"
"5337","ἐστι","TRUE"
"5338","τῶν","TRUE"
"5339","κακῶν","FALSE"
"5340","αἴτιος","FALSE"
"5341","ἢ","TRUE"
"5342","Ἀριστοφῶν","FALSE"
"5343","ἢ","TRUE"
"5344","ὃν","TRUE"
"5345","ἂν","TRUE"
"5346","τῶν","TRUE"
"5347","ὑπὸ","TRUE"
"5348","χεῖρα","FALSE"
"5349","φαίη","FALSE"
"5350","τις","TRUE"
"5351",",","FALSE"
"5352","ὀργίλοι","FALSE"
"5353","καὶ","TRUE"
"5354","τραχεῖς","FALSE"
"5355","·","FALSE"
"5356","ἐὰν","TRUE"
"5357","δέ","TRUE"
"5358","τις","TRUE"
"5359","τῶν","TRUE"
"5360","ἔξωθεν","FALSE"
"5361","ἱκε","FALSE"
"5362","τεύσῃ","FALSE"
"5363",",","FALSE"
"5364","κἂν","TRUE"
"5365","Οἰδίπους","FALSE"
"5366",",","FALSE"
"5367","κἂν","TRUE"
"5368","Ὀρέστης","FALSE"
"5369",",","FALSE"
"5370","ἐλεοῦσι","FALSE"
"5371","καὶ","TRUE"
"5372","σώ","FALSE"
"5373","ζουσιν","FALSE"
"5374",",","FALSE"
"5375","οὐκ","TRUE"
"5376","ἀλόγως","FALSE"
"5377",",","FALSE"
"5378","ὧς","TRUE"
"5379","ἐμοὶ","TRUE"
"5380","δοκεῖ","FALSE"
"5381",",","FALSE"
"5382","τοὺς","TRUE"
"5383","ἀλλοφύλους","FALSE"
"5384","μέν","TRUE"
"5385","γε","TRUE"
"5386","μήτε","FALSE"
"5387","φύντας","FALSE"
"5388","καλῶς","FALSE"
"5389","μήτε","FALSE"
"5390","ἐν","TRUE"
"5391","ἀρίστῃ","FALSE"
"5392","πολιτείᾳ","FALSE"
"5393","πεπαιδευμένους","FALSE"
"5394","οὐκ","TRUE"
"5395","ἀξιοῦντες","FALSE"
"5396","ἀναμαρτήτους","FALSE"
"5397","εἶναι","TRUE"
"5398","·","FALSE"
"5399","εἰ","TRUE"
"5400","δέ","TRUE"
"5401","τις","TRUE"
"5402","Ἀθηναῖος","FALSE"
"5403","ὢν","TRUE"
"5404","οὐχ","TRUE"
"5405","ὑπεραίρει","FALSE"
"5406","πάντας","FALSE"
"5407","ἀρετῇ","FALSE"
"5408",",","FALSE"
"5409","τῶν","TRUE"
"5410","οὐκ","TRUE"
"5411","ἀρίστων","FALSE"
"5412","ὡς","TRUE"
"5413","κακίστων","FALSE"
"5414","καταγινώσκετε","FALSE"
"5415",",","FALSE"
"5416","ὅταν","FALSE"
"5417","ένταυ","FALSE"
"5418","θοῖ","FALSE"
"5419","λάβητε","FALSE"
"5420",",","FALSE"
"5421","πρὸς","TRUE"
"5422","τὴν","TRUE"
"5423","κοινὴν","FALSE"
"5424","τῆς","TRUE"
"5425","πόλεως","FALSE"
"5426","ἀξίωσιν","FALSE"
"5427",",","FALSE"
"5428","οὐ","TRUE"
"5429","πρὸς","TRUE"
"5430","τὸ","TRUE"
"5431","καθ","FALSE"
"5432","αὑτὸν","TRUE"
"5433","ἀπαιτοῦντες","FALSE"
"5434","ἑκάστου","FALSE"
"5435","τοὺς","TRUE"
"5436","τρό","FALSE"
"5437","ΠΟΥς","FALSE"
"5438","·","FALSE"
"5439","ἄλλως","TRUE"
"5440","τε","TRUE"
"5441","καὶ","TRUE"
"5442","εἴ","TRUE"
"5443","τις","TRUE"
"5444","αὑτὸν","TRUE"
"5445","ἠξίωσε","FALSE"
"5446","προστατεῖν","FALSE"
"5447","Ἀθηναίων","FALSE"
"5448",",","FALSE"
"5449","ὧς","TRUE"
"5450","ἐγώ","TRUE"
"5451",",","FALSE"
"5452","πολλὴν","FALSE"
"5453","ὑπεροχὴν","FALSE"
"5454","ζητεῖτε","FALSE"
"5455","παρ","FALSE"
"5456","αὐτοῦ","TRUE"
"5457","τοῦ","TRUE"
"5458","καλοῦ","FALSE"
"5459",".","FALSE"
"5460","ἤδη","FALSE"
"5461","τοίνυν","FALSE"
"5462","τινὰ","TRUE"
"5463","καὶ","TRUE"
"5464","δεηθέντα","FALSE"
"5465","καὶ","TRUE"
"5466","παιδία","FALSE"
"5467","κλαίοντα","FALSE"
"5468","εἰσκαλέσαντα","FALSE"
"5469","ὧν","TRUE"
"5470","οὐδὲν","TRUE"
"5471","ἐμὲ","TRUE"
"5472","ποιοῦντα","FALSE"
"5473",",","FALSE"
"5474","ᾠκτείρατε","FALSE"
"5475","εἰς","TRUE"
"5476","ἅπαξ","FALSE"
"5477",",","FALSE"
"5478","καὶ","TRUE"
"5479","οὐκ","TRUE"
"5480","ἐπὶ","TRUE"
"5481","τῆς","TRUE"
"5482","πρώτης","FALSE"
"5483","ψήφου","FALSE"
"5484","παροξυνθέντες","FALSE"
"5485",",","FALSE"
"5486","καθυφέντες","FALSE"
"5487","δὲ","TRUE"
"5488","ἐν","TRUE"
"5489","τῷ","TRUE"
"5490","τιμήματι","FALSE"
"5491","τῆς","TRUE"
"5492","ὀργῆς","FALSE"
"5493","ἐπανήκατε","FALSE"
"5494","·","FALSE"
"5495","ἐμοὶ","TRUE"
"5496","δὲ","TRUE"
"5497","οὐκ","TRUE"
"5498","ἔστιν","TRUE"
"5499","ὅτε","FALSE"
"5500","τοῦ","TRUE"
"5501","μέτρου","FALSE"
"5502","τῆς","TRUE"
"5503","ζημίας","FALSE"
"5504","εἶτα","FALSE"
"5505","ἐπεκουφίσατε","FALSE"
"5506",",","FALSE"
"5507","ἀλλ","FALSE"
"5508","ὅλως","FALSE"
"5509","ἀπελύσατε","FALSE"
"5510",".","FALSE"
"5511","Οὐ","TRUE"
"5512","τοίνυν","FALSE"
"5513","οὐδὲ","TRUE"
"5514","ῥᾴδιον","FALSE"
"5515","πολιτείας","FALSE"
"5516","κρίσιν","FALSE"
"5517","παρα","FALSE"
"5518","γαγεῖν","FALSE"
"5519",",","FALSE"
"5520","μᾶλλον","FALSE"
"5521","δὲ","TRUE"
"5522","οὐδὲ","TRUE"
"5523","ἐν","TRUE"
"5524","δυνατῷ","FALSE"
"5525",".","FALSE"
"5526","τὰ","TRUE"
"5527","μέν","TRUE"
"5528","γε","TRUE"
"5529","τῶν","TRUE"
"5530","ἰδιωτῶν","FALSE"
"5531","ἀδικήματα","FALSE"
"5532","ὑπὸ","TRUE"
"5533","σκότους","FALSE"
"5534","ὄντα","TRUE"
"5535","ἐκ","TRUE"
"5536","τῶν","TRUE"
"5537","εἰκότων","FALSE"
"5538","στοχάζεσθε","FALSE"
"5539",",","FALSE"
"5540","τὰ","TRUE"
"5541","δὲ","TRUE"
"5542","τῶν","TRUE"
"5543","δημαγωγῶν","FALSE"
"5544","πολιτεύματα","FALSE"
"5545","οὐκ","TRUE"
"5546","ἂν","TRUE"
"5547","λάθοι","FALSE"
"5548","τοὺς","TRUE"
"5549","αὐτοὺς","TRUE"
"5550","ἐκκλησιάζοντας","FALSE"
"5551","καὶ","TRUE"
"5552","δικάζοντας","FALSE"
"5553",".","FALSE"
"5554","οἷον","FALSE"
"5555",",","FALSE"
"5556","εἰ","TRUE"
"5557","παρανόμων","FALSE"
"5558","γραφὴ","FALSE"
"5559","τὸ","TRUE"
"5560","κρινόμενόν","FALSE"
"5561","ἐστι","TRUE"
"5562",",","FALSE"
"5563","παραν","FALSE"
"5564","εγνώσθησαν","FALSE"
"5565","οἱ","TRUE"
"5566","νόμοι","FALSE"
"5567",".","FALSE"
"5568","τὰ","TRUE"
"5569","τοῦ","TRUE"
"5570","ψηφίσματος","FALSE"
"5571","ῥήματα","FALSE"
"5572","εἰ","TRUE"
"5573","διαφωνίαν","FALSE"
"5574","τινὰ","TRUE"
"5575","ἔχει","FALSE"
"5576",",","FALSE"
"5577","μεμαθήκατε","FALSE"
"5578",".","FALSE"
"5579","εἰ","TRUE"
"5580","χρημάτων","FALSE"
"5581","διοί","FALSE"
"5582","κησίς","FALSE"
"5583","ἐστιν","TRUE"
"5584",",","FALSE"
"5585","ἐπὶ","TRUE"
"5586","δακτύλων","FALSE"
"5587","ἡ","TRUE"
"5588","κρίσις","FALSE"
"5589",".","FALSE"
"5590","τί","TRUE"
"5591","οὖν","TRUE"
"5592","ἐνταῦθα","FALSE"
"5593","παρεύρημα","FALSE"
"5594",";","FALSE"
"5595","οὐδεὶς","TRUE"
"5596","τοὺς","TRUE"
"5597","κατηγόρους","FALSE"
"5598","ὑπῃνίττετο","FALSE"
"5599","καθ","FALSE"
"5600","υφιέναι","FALSE"
"5601","τοὺς","TRUE"
"5602","ἀγῶνας","FALSE"
"5603","καὶ","TRUE"
"5604","τοὺς","TRUE"
"5605","μάρτυρας","FALSE"
"5606","τὰ","TRUE"
"5607","ψευδῆ","FALSE"
"5608","μαρτυρεῖν","FALSE"
"5609","καὶ","TRUE"
"5610","τοὺς","TRUE"
"5611","δικαστὰς","FALSE"
"5612","δεκάζεσθαι","FALSE"
"5613",".","FALSE"
"5614","οὔτε","TRUE"
"5615","πρία","FALSE"
"5616","σθαι","FALSE"
"5617","τοσούτους","FALSE"
"5618","ἱκανός","FALSE"
"5619",",","FALSE"
"5620","οὐδ","FALSE"
"5621","εἰ","TRUE"
"5622","τὰ","TRUE"
"5623","βασιλέως","FALSE"
"5624","κεκτήμην","FALSE"
"5625",",","FALSE"
"5626","οὔτ","FALSE"
"5627","ἂν","TRUE"
"5628","ἔλαθον","FALSE"
"5629","τοιοῦτόν","FALSE"
"5630","τι","TRUE"
"5631","κακουργῶν","FALSE"
"5632",",","FALSE"
"5633","ὅς","TRUE"
"5634","καὶ","TRUE"
"5635","περὶ","TRUE"
"5636","ὧν","TRUE"
"5637","οὐκ","TRUE"
"5638","ἀδικῶ","FALSE"
"5639","κρίνομαι","FALSE"
"5640",".","FALSE"
"5641","μαρτυρεῖς","FALSE"
"5642","δέ","TRUE"
"5643","μοι","TRUE"
"5644","καὶ","TRUE"
"5645","σύ","TRUE"
"5646",".","FALSE"
"5647","εἰ","TRUE"
"5648","γὰρ","TRUE"
"5649","ἤ","TRUE"
"5650","ψευδομαρτυρίας","FALSE"
"5651","ἡτοίμαζον","FALSE"
"5652","ἢ","TRUE"
"5653","δικαστὰς","FALSE"
"5654","διέ","FALSE"
"5655","φθειρον","FALSE"
"5656",",","FALSE"
"5657","εἰσὶ","TRUE"
"5658","περὶ","TRUE"
"5659","τούτων","TRUE"
"5660","ἀπάντων","FALSE"
"5661","νόμοι","FALSE"
"5662","καὶ","TRUE"
"5663","θάνατος","FALSE"
"5664","ἡ","TRUE"
"5665","ζημία","FALSE"
"5666","·","FALSE"
"5667","σὺ","TRUE"
"5668","δὲ","TRUE"
"5669","οὔτε","TRUE"
"5670","τοιοῦτον","TRUE"
"5671","οὐδὲν","TRUE"
"5672","οὔτ","FALSE"
"5673","ἄλλο","TRUE"
"5674","τι","TRUE"
"5675","τῶν","TRUE"
"5676","ἐμῶν","TRUE"
"5677","ἐγράψω","FALSE"
"5678","ποτέ","FALSE"
"5679",".","FALSE"
"5680","οὕτως","TRUE"
"5681","οὐδὲ","TRUE"
"5682","κέκριμαι","FALSE"
"5683","τὸ","TRUE"
"5684","κατὰ","TRUE"
"5685","σέ","TRUE"
"5686",".","FALSE"
"5687","εἰ","TRUE"
"5688","δὲ","TRUE"
"5689","χρὴ","FALSE"
"5690","καὶ","TRUE"
"5691","ὑπονοεῖν","FALSE"
"5692","τὰ","TRUE"
"5693","ἀφανῆ","FALSE"
"5694",",","FALSE"
"5695","σὲ","TRUE"
"5696","μᾶλλον","FALSE"
"5697","ἂν","TRUE"
"5698","ᾐτιάσατό","FALSE"
"5699","τις","TRUE"
"5700",",","FALSE"
"5701","ὑπιὼν","FALSE"
"5702","δὲ","TRUE"
"5703","τοὺς","TRUE"
"5704","κατηγορήσοντας","FALSE"
"5705",",","FALSE"
"5706","εἰσὶ","TRUE"
"5707","δὲ","TRUE"
"5708","οὐ","TRUE"
"5709","πάντες","FALSE"
"5710","οὐδὲ","TRUE"
"5711","πολλοί","FALSE"
"5712","τινες","TRUE"
"5713",",","FALSE"
"5714","ὅσοι","FALSE"
"5715","τοὺς","TRUE"
"5716","κινδύνους","FALSE"
"5717","εὐλαβούμενοι","FALSE"
"5718","πείθονται","FALSE"
"5719",",","FALSE"
"5720","ἀλλ","FALSE"
"5721","ὁπόσοι","FALSE"
"5722","συνίσασι","FALSE"
"5723","τὰ","TRUE"
"5724","πο","FALSE"
"5725","νηρεύματα","FALSE"
"5726",",","FALSE"
"5727","καὶ","TRUE"
"5728","τοὺς","TRUE"
"5729","ἀνατεινομένους","FALSE"
"5730","ἰδίᾳ","FALSE"
"5731","καθυφεῖναι","FALSE"
"5732","πείθεις","FALSE"
"5733",".","FALSE"
"5734","καὶ","TRUE"
"5735","πανταχῇ","FALSE"
"5736","ῥᾷον","FALSE"
"5737","τὸ","TRUE"
"5738","μὴ","TRUE"
"5739","κριθῆναι","FALSE"
"5740","διαπράξα","FALSE"
"5741","σθαι","FALSE"
"5742","τοῦ","TRUE"
"5743","πορίσασθαι","FALSE"
"5744","κριθέντα","FALSE"
"5745","ἄφεσιν","FALSE"
"5746",",","FALSE"
"5747","δεινοὶ","FALSE"
"5748","γὰρ","TRUE"
"5749","ὑπιδέσθαι","FALSE"
"5750","τοὺς","TRUE"
"5751","κατὰ","TRUE"
"5752","συνθήκας","FALSE"
"5753","λόγους","FALSE"
"5754",",","FALSE"
"5755","κἂν","TRUE"
"5756","ἐνδεᾶ","FALSE"
"5757","τὰ","TRUE"
"5758","τοῦ","TRUE"
"5759","διώκοντος","FALSE"
"5760","ᾗ","TRUE"
"5761",",","FALSE"
"5762","τὴν","TRUE"
"5763","τοῦ","TRUE"
"5764","κατηγόρου","FALSE"
"5765","τάξιν","FALSE"
"5766","οἱ","TRUE"
"5767","δικά","FALSE"
"5768","ζοντες","FALSE"
"5769","αὐτοὶ","TRUE"
"5770","λάβοιεν","FALSE"
"5771","ἂν","TRUE"
"5772",".","FALSE"
"5773","καὶ","TRUE"
"5774","τὸ","TRUE"
"5775","μηδ","FALSE"
"5776","εἰσελθεῖν","FALSE"
"5777","ἄν","TRUE"
"5778",",","FALSE"
"5779","εἰ","TRUE"
"5780","παρεῖχον","FALSE"
"5781","αὑτοὺς","TRUE"
"5782","φίλους","FALSE"
"5783",",","FALSE"
"5784","οὐκ","TRUE"
"5785","ἐπ","FALSE"
"5786","ἀδήλῳ","FALSE"
"5787","τῷ","TRUE"
"5788","μέλλοντι","FALSE"
"5789","κριθῆναι","FALSE"
"5790","ἐπραττόμην","FALSE"
"5791",".","FALSE"
"5792","Ὁ","TRUE"
"5793","τοίνυν","FALSE"
"5794","σοφὸς","FALSE"
"5795","οἴεταί","FALSE"
"5796","τι","TRUE"
"5797","εὑρηκέναι","FALSE"
"5798","πυνθανόμε","FALSE"
"5799","νος","FALSE"
"5800",",","FALSE"
"5801","εἴτε","FALSE"
"5802","βασκάνους","FALSE"
"5803","ὑμᾶς","TRUE"
"5804","καὶ","TRUE"
"5805","πικροὺς","FALSE"
"5806","εἴτε","FALSE"
"5807","ἀνοή","FALSE"
"5808","τους","FALSE"
"5809","καὶ","TRUE"
"5810","ῥᾳθύμους","FALSE"
"5811","ὑπολαμβάνω","FALSE"
"5812",",","FALSE"
"5813","καὶ","TRUE"
"5814","τοιούτῳ","TRUE"
"5815","ὑπά","FALSE"
"5816","γῶν","FALSE"
"5817","ἐνθυμήματι","FALSE"
"5818","·","FALSE"
"5819","εἰ","TRUE"
"5820","μὲν","TRUE"
"5821","εὐπαραγώγους","FALSE"
"5822","καὶ","TRUE"
"5823","εὐή","FALSE"
"5824","θεις","FALSE"
"5825",",","FALSE"
"5826","οὐ","TRUE"
"5827","θαυμαστὸν","FALSE"
"5828","εἰ","TRUE"
"5829","παρὰ","TRUE"
"5830","τοιούτοις","TRUE"
"5831","ἐνίκη","FALSE"
"5832","σας","FALSE"
"5833","·","FALSE"
"5834","εἰ","TRUE"
"5835","δὲ","TRUE"
"5836","χαλεποὺς","FALSE"
"5837","καὶ","TRUE"
"5838","δυσοργήτους","FALSE"
"5839",",","FALSE"
"5840","οὐδ","FALSE"
"5841","ὑπὸ","TRUE"
"5842","τοιούτων","TRUE"
"5843",",","FALSE"
"5844","φησίν","FALSE"
"5845",",","FALSE"
"5846","ᾐτιάθην","FALSE"
"5847",".","FALSE"
"5848","ἐγὼ","TRUE"
"5849","δὲ","TRUE"
"5850","τούτων","TRUE"
"5851","μὲν","TRUE"
"5852","οὐδἐ","FALSE"
"5853","τερον","FALSE"
"5854","καθ","FALSE"
"5855","ὑμῶν","TRUE"
"5856","ὑπολήψομαι","FALSE"
"5857",",","FALSE"
"5858","μαινοίμην","FALSE"
"5859","γὰρ","TRUE"
"5860","ἄν","TRUE"
"5861",",","FALSE"
"5862","ὡς","TRUE"
"5863","δὲ","TRUE"
"5864","τἀληθὲς","FALSE"
"5865","ἔχει","FALSE"
"5866",",","FALSE"
"5867","φράσω","FALSE"
"5868",".","FALSE"
"5869","ὅτι","TRUE"
"5870","μὲν","TRUE"
"5871","οὖν","TRUE"
"5872","περιπίπτεις","FALSE"
"5873","τῷ","TRUE"
"5874","σαυ","FALSE"
"5875","τοῦ","TRUE"
"5876","σοφίσματι","FALSE"
"5877",",","FALSE"
"5878","εὔδηλον","FALSE"
"5879","τοῦθ","FALSE"
"5880","ἅπασι","FALSE"
"5881",",","FALSE"
"5882","κἂν","TRUE"
"5883","ἀντέρωμαί","FALSE"
"5884","σε","TRUE"
"5885","κἀ","FALSE"
"5886","γώ","FALSE"
"5887",",","FALSE"
"5888","δικαίως","FALSE"
"5889","ἐρωτήσω","FALSE"
"5890","·","FALSE"
"5891","πότερά","FALSE"
"5892","σοι","TRUE"
"5893","παρορᾶν","FALSE"
"5894","Ἀθη","FALSE"
"5895","ναῖοι","FALSE"
"5896","τοὺς","TRUE"
"5897","ἀδικοῦντας","FALSE"
"5898","δοκοῦσιν","FALSE"
"5899","ἢ","TRUE"
"5900","ἐλέγχειν","FALSE"
"5901",";","FALSE"
"5902","καὶ","TRUE"
"5903","εἰ","TRUE"
"5904","μὲν","TRUE"
"5905","παρορᾶν","FALSE"
"5906",",","FALSE"
"5907","διὰ","TRUE"
"5908","τοῦτο","TRUE"
"5909","ἄρα","TRUE"
"5910","οὐκ","TRUE"
"5911","ἐγράψαντό","FALSE"
"5912","σε","TRUE"
"5913","·","FALSE"
"5914","εἰ","TRUE"
"5915","δὲ","TRUE"
"5916","καταφωρᾶν","FALSE"
"5917","ἀκριβῶς","FALSE"
"5918",",","FALSE"
"5919","οὐκοῦν","FALSE"
"5920","καὶ","TRUE"
"5921","παρὰ","TRUE"
"5922","τοιούτοις","TRUE"
"5923","ἀφείθην","FALSE"
"5924","ἐγώ","TRUE"
"5925",".","FALSE"
"5926","ταῦτα","TRUE"
"5927","μὲν","TRUE"
"5928","οὖν","TRUE"
"5929","ἐάσω","FALSE"
"5930","διὰ","TRUE"
"5931","τὴν","TRUE"
"5932","ἴσην","FALSE"
"5933","ἀντιλογίαν","FALSE"
"5934",",","FALSE"
"5935","ὅ","TRUE"
"5936","δὲ","TRUE"
"5937","οὐδ","FALSE"
"5938","ἡντιναοῦν","FALSE"
"5939","ἀμφισβή","FALSE"
"5940","τησιν","FALSE"
"5941","ἔχει","FALSE"
"5942",",","FALSE"
"5943","τοῦτ","FALSE"
"5944","ἐρῶ","FALSE"
"5945",".","FALSE"
"5946","εἰ","TRUE"
"5947","μὲν","TRUE"
"5948","ἄμφω","FALSE"
"5949","κριθέντες","FALSE"
"5950","ἐν","TRUE"
"5951","τοῖς","TRUE"
"5952","αὐτοῖς","TRUE"
"5953","δικασταῖς","FALSE"
"5954",",","FALSE"
"5955","σὺ","TRUE"
"5956","μὲν","TRUE"
"5957","ἀφείθης","FALSE"
"5958",",","FALSE"
"5959","ἐγὼ","TRUE"
"5960","δὲ","TRUE"
"5961","ἤλων","FALSE"
"5962",",","FALSE"
"5963","εἰκότως","FALSE"
"5964","ἂν","TRUE"
"5965","παρετίθης","FALSE"
"5966",",","FALSE"
"5967","ὡς","TRUE"
"5968","καὶ","TRUE"
"5969","σὺ","TRUE"
"5970","τοὺς","TRUE"
"5971","χαλεποὺς","FALSE"
"5972","ἐκ","TRUE"
"5973","πέφευγας","FALSE"
"5974","καὶ","TRUE"
"5975","παρὰ","TRUE"
"5976","τοῖς","TRUE"
"5977","δυσοργήτοις","FALSE"
"5978","κατεδικάσθην","FALSE"
"5979","ἐγώ","TRUE"
"5980","·","FALSE"
"5981","εἰ","TRUE"
"5982","δὲ","TRUE"
"5983","ἐγὼ","TRUE"
"5984","μὲν","TRUE"
"5985","ἐπῄνημαι","FALSE"
"5986",",","FALSE"
"5987","σὺ","TRUE"
"5988","δὲ","TRUE"
"5989","οὐ","TRUE"
"5990","κέκρισαι","FALSE"
"5991",",","FALSE"
"5992","οὔτε","TRUE"
"5993","σοὶ","TRUE"
"5994","μαρτύριον","FALSE"
"5995","ἀρετῆς","FALSE"
"5996","ἱκανὸν","FALSE"
"5997","ἡ","TRUE"
"5998","τῶν","TRUE"
"5999","δικαστηρίων","FALSE"
"6000","ἀκρίβεια","FALSE"
"6001",",","FALSE"
"6002","παρ","FALSE"
"6003","οἶς","FALSE"
"6004","οὐδ","FALSE"
"6005","ἐξητάσθης","FALSE"
"6006","ὅλως","FALSE"
"6007",",","FALSE"
"6008","κἀμοὶ","TRUE"
"6009","σημεῖον","FALSE"
"6010","ἀνδραγαθίας","FALSE"
"6011","ἐκφεύγοντι","FALSE"
"6012","καὶ","TRUE"
"6013","τούτους","TRUE"
"6014",".","FALSE"
"6015","τοῦ","TRUE"
"6016","μὲν","TRUE"
"6017","γὰρ","TRUE"
"6018","οὐδὲ","TRUE"
"6019","κριθέντος","FALSE"
"6020","οὐδ","FALSE"
"6021","ἂν","TRUE"
"6022","οἱ","TRUE"
"6023","χαλεπώτατοι","FALSE"
"6024","καταψηφίσαιντο","FALSE"
"6025",",","FALSE"
"6026","τοῦ","TRUE"
"6027","δὲ","TRUE"
"6028","ἀδικοῦντος","FALSE"
"6029","ἐλεγχομένου","FALSE"
"6030","καὶ","TRUE"
"6031","οἶ","FALSE"
"6032","πρᾳότατοι","FALSE"
"6033",".","FALSE"
"6034","οὔκ","FALSE"
"6035","οὑ","FALSE"
"6036","ν","FALSE"
"6037","τὸ","TRUE"
"6038","μὴ","TRUE"
"6039","κατηγορηθέντα","FALSE"
"6040","μὴ","TRUE"
"6041","καταδικασθῆναι","FALSE"
"6042","μέγα","FALSE"
"6043",",","FALSE"
"6044","τὸ","TRUE"
"6045","δὲ","TRUE"
"6046","πάσας","FALSE"
"6047","αἰτίας","FALSE"
"6048","ἔχοντα","FALSE"
"6049","μηδεμιᾶς","FALSE"
"6050","ἐντὸς","FALSE"
"6051","ὀφθῆναι","FALSE"
"6052",",","FALSE"
"6053","καὶ","TRUE"
"6054","γὰρ","TRUE"
"6055","οὕτως","TRUE"
"6056","ἔχει","FALSE"
"6057",".","FALSE"
"6058","λαθεῖν","FALSE"
"6059","μὲν","TRUE"
"6060","καὶ","TRUE"
"6061","ἀδικοῦντα","FALSE"
"6062","ῥᾴδιον","FALSE"
"6063","ἐν","TRUE"
"6064","τοσαύτῃ","FALSE"
"6065","πόλει","FALSE"
"6066","καὶ","TRUE"
"6067","εἰ","TRUE"
"6068","σφόδρα","FALSE"
"6069","ἀκριβῶς","FALSE"
"6070","φυλάττουσιν","FALSE"
"6071",",","FALSE"
"6072","ἐναποκρυπτομένου","FALSE"
"6073","τῷ","TRUE"
"6074","τοῦ","TRUE"
"6075","κοινοῦ","FALSE"
"6076","μεγέθει","FALSE"
"6077","τοῦ","TRUE"
"6078","καθ","FALSE"
"6079","ἕκαστον","FALSE"
"6080","τρόπου","FALSE"
"6081",",","FALSE"
"6082","καθάπερ","FALSE"
"6083","ἐν","TRUE"
"6084","τοῖς","TRUE"
"6085","μεγάλοις","FALSE"
"6086","πελάγεσιν","FALSE"
"6087","οἶ","FALSE"
"6088","καταποντισταί","FALSE"
"6089",",","FALSE"
"6090","οὐ","TRUE"
"6091","γὰρ","TRUE"
"6092","Κύθνος","FALSE"
"6093","ἢ","TRUE"
"6094","Σίφνος","FALSE"
"6095","ταῦτα","TRUE"
"6096",",","FALSE"
"6097","ὅπου","FALSE"
"6098","δι","FALSE"
"6099","ὀλιγανθρωπίαν","FALSE"
"6100","ἀλλήλους","FALSE"
"6101","ἴσασιν","FALSE"
"6102",";","FALSE"
"6103","ὁ","TRUE"
"6104","δὲ","TRUE"
"6105","ἅπαξ","FALSE"
"6106","ἐλθὼν","FALSE"
"6107","εἰς","TRUE"
"6108","κρίσιν","FALSE"
"6109","οὐκ","TRUE"
"6110","ἂν","TRUE"
"6111","ἀφεθείη","FALSE"
"6112","μὴ","TRUE"
"6113","σαφῶς","FALSE"
"6114","ὧς","TRUE"
"6115","οὐδὲν","TRUE"
"6116","ἀδικεῖ","FALSE"
"6117","δείξας","FALSE"
"6118",".","FALSE"
"6119","Ὁ","TRUE"
"6120","δὲ","TRUE"
"6121","καὶ","TRUE"
"6122","τοὺς","TRUE"
"6123","νοσοῦντας","FALSE"
"6124","μὲν","TRUE"
"6125","πολλάκις","FALSE"
"6126",",","FALSE"
"6127","ἰα","FALSE"
"6128","τρευομένους","FALSE"
"6129","δὲ","TRUE"
"6130","χείρους","FALSE"
"6131","τῶν","TRUE"
"6132","ἀνόσων","FALSE"
"6133","ἀπεφαίνετο","FALSE"
"6134","·","FALSE"
"6135","τίς","TRUE"
"6136","δ","FALSE"
"6137","οὔ","TRUE"
"6138","φησιν","FALSE"
"6139",";","FALSE"
"6140","ἀλλ","FALSE"
"6141","οὐ","TRUE"
"6142","πρὸς","TRUE"
"6143","λόγον","FALSE"
"6144","σοι","TRUE"
"6145","τὸ","TRUE"
"6146","παράδειγμα","FALSE"
"6147",".","FALSE"
"6148","διὰ","TRUE"
"6149","τ","FALSE"
"6150","·","FALSE"
"6151","ί","FALSE"
"6152",";","FALSE"
"6153","ὅτι","TRUE"
"6154","εἰ","TRUE"
"6155","μὲν","TRUE"
"6156","αἶ","FALSE"
"6157","κρίσεις","FALSE"
"6158","ἦσαν","TRUE"
"6159","νόσοι","FALSE"
"6160","ψυχῆς","FALSE"
"6161",",","FALSE"
"6162","ὑγι","FALSE"
"6163","εινότερος","FALSE"
"6164","ὁ","TRUE"
"6165","μὴ","TRUE"
"6166","κριθεὶς","FALSE"
"6167","ἂν","TRUE"
"6168","ἦν","TRUE"
"6169","τοῦ","TRUE"
"6170","φυγόντος","FALSE"
"6171","·","FALSE"
"6172","νοσήματα","FALSE"
"6173","μὲν","TRUE"
"6174","αἱ","TRUE"
"6175","κακίαι","FALSE"
"6176","τῶν","TRUE"
"6177","ἀνθρώπων","FALSE"
"6178","εἰσίν","TRUE"
"6179",",","FALSE"
"6180","ἰατρεῖα","FALSE"
"6181","δέ","TRUE"
"6182",",","FALSE"
"6183","ὡς","TRUE"
"6184","καὶ","TRUE"
"6185","σὺ","TRUE"
"6186","φῄς","FALSE"
"6187",",","FALSE"
"6188","τούτων","TRUE"
"6189","τὰ","TRUE"
"6190","δικαστήρια","FALSE"
"6191",",","FALSE"
"6192","εἰ","TRUE"
"6193","μὲν","TRUE"
"6194","ἐνεῖδόν","FALSE"
"6195","τινα","TRUE"
"6196","ἐν","TRUE"
"6197","ἐμοὶ","TRUE"
"6198","πονηρίαν","FALSE"
"6199",",","FALSE"
"6200","πάντως","FALSE"
"6201","ἂν","TRUE"
"6202","ἰάσαντο","FALSE"
"6203","δι","FALSE"
"6204","ἀτιμίας","FALSE"
"6205","ἢ","TRUE"
"6206","φυγῆς","FALSE"
"6207",",","FALSE"
"6208","ὡς","TRUE"
"6209","καύσεως","FALSE"
"6210","ἢ","TRUE"
"6211","τομῆς","FALSE"
"6212","·","FALSE"
"6213","εἰ","TRUE"
"6214","δ","FALSE"
"6215","ὧς","TRUE"
"6216","ὁλόκληρον","FALSE"
"6217","καὶ","TRUE"
"6218","μὴ","TRUE"
"6219","δεόμενον","FALSE"
"6220","φαρμάκου","FALSE"
"6221","τοιοῦτον","TRUE"
"6222",",","FALSE"
"6223","οἷος","FALSE"
"6224","εἰσῆλθον","FALSE"
"6225",",","FALSE"
"6226","ἀπεπέμψαντο","FALSE"
"6227",",","FALSE"
"6228","ἐγὼ","TRUE"
"6229","μὲν","TRUE"
"6230","διὰ","TRUE"
"6231","πείρας","FALSE"
"6232","ὑγιεινὸς","FALSE"
"6233","ἐφάνην","FALSE"
"6234","τοῖς","TRUE"
"6235","ἰατροῖς","FALSE"
"6236","·","FALSE"
"6237","σὺ","TRUE"
"6238","δὲ","TRUE"
"6239","οὐκ","TRUE"
"6240","ἀπέδυσάς","FALSE"
"6241","ποτε","FALSE"
"6242","τὸν","TRUE"
"6243","βίον","FALSE"
"6244","τοῖς","TRUE"
"6245","δικασταῖς","FALSE"
"6246","οὐδὲ","TRUE"
"6247","γυμνὴν","FALSE"
"6248","τὴν","TRUE"
"6249","ψυχὴν","FALSE"
"6250","ἔδειξας","FALSE"
"6251",",","FALSE"
"6252","συγκαλύπτων","FALSE"
"6253","δὲ","TRUE"
"6254","σαυτὸν","FALSE"
"6255","καὶ","TRUE"
"6256","περιστέλλων","FALSE"
"6257",",","FALSE"
"6258","ὡς","TRUE"
"6259","οἶ","FALSE"
"6260","τὰς","TRUE"
"6261","κρυφαίας","FALSE"
"6262","νόσους","FALSE"
"6263","νοσοῦντες","FALSE"
"6264","ἴσως","FALSE"
"6265","ὕπουλος","FALSE"
"6266","ὢν","TRUE"
"6267","νεις","FALSE"
"6268",".","FALSE"
"6269","οὐ","TRUE"
"6270","τοίνυν","FALSE"
"6271","μόνον","FALSE"
"6272","αἶ","FALSE"
"6273","τοῦ","TRUE"
"6274","σώματος","FALSE"
"6275","εὐεξίαι","FALSE"
"6276","τῶν","TRUE"
"6277","ἀνεξετάστων","FALSE"
"6278","αἶ","FALSE"
"6279","κεκριμέναι","FALSE"
"6280","κρείττους","FALSE"
"6281",",","FALSE"
"6282","ὁ","TRUE"
"6283","αὐτὸς","TRUE"
"6284","δ","FALSE"
"6285","ἐπὶ","TRUE"
"6286","πάντων","FALSE"
"6287","λόγος","FALSE"
"6288","·","FALSE"
"6289","οὐδὲν","TRUE"
"6290","τιμιώτερον","FALSE"
"6291","ὅ","TRUE"
"6292","μὴ","TRUE"
"6293","συνεξητάσθη","FALSE"
"6294","τοῦ","TRUE"
"6295","οὐκ","TRUE"
"6296","εἰκῆ","FALSE"
"6297","δοκιμαστοῦ","FALSE"
"6298",".","FALSE"
"6299","οὐδὲ","TRUE"
"6300","χρυσὸς","FALSE"
"6301","ἀβασάνιστος","FALSE"
"6302","ἐντιμότερος","FALSE"
"6303","τοῦ","TRUE"
"6304","πυρὶ","FALSE"
"6305","κριθέντος","FALSE"
"6306","οὐδὲ","TRUE"
"6307","παρὰ","TRUE"
"6308","τοῖς","TRUE"
"6309","βαρ","FALSE"
"6310","βάροις","FALSE"
"6311",",","FALSE"
"6312","ἀλλὰ","TRUE"
"6313","χρυσὸς","FALSE"
"6314","μὲν","TRUE"
"6315","ἐν","TRUE"
"6316","πυρί","FALSE"
"6317",",","FALSE"
"6318","ἀνθρώπου","FALSE"
"6319","δὲ","TRUE"
"6320","τρόπος","FALSE"
"6321","ἐν","TRUE"
"6322","δικαστηρίῳ","FALSE"
"6323","βασανίζεται","FALSE"
"6324",".","FALSE"
"6325","τοῦτο","TRUE"
"6326","δοκίμιον","FALSE"
"6327","ἐφ","FALSE"
"6328","ἑκά","FALSE"
"6329","στου","FALSE"
"6330",",","FALSE"
"6331","ἄλλως","TRUE"
"6332","τε","TRUE"
"6333","καὶ","TRUE"
"6334","ῥήτορος","FALSE"
"6335",".","FALSE"
"6336","ἐξ","TRUE"
"6337","οὗπερ","FALSE"
"6338","ἐγὼ","TRUE"
"6339","μὲν","TRUE"
"6340","ἀκήρα","FALSE"
"6341","τος","FALSE"
"6342","ἐξέβην","FALSE"
"6343","ἀεί","FALSE"
"6344",",","FALSE"
"6345","σὺ","TRUE"
"6346","δὲ","TRUE"
"6347","οὐδὲ","TRUE"
"6348","δόκιμος","FALSE"
"6349","εἷ","FALSE"
"6350","·","FALSE"
"6351","οὐδὲ","TRUE"
"6352","νόμισμα","FALSE"
"6353","νόμιμον","FALSE"
"6354",",","FALSE"
"6355","ὁ","TRUE"
"6356","μὴ","TRUE"
"6357","πολλάκις","FALSE"
"6358","ἔστρεψαν","FALSE"
"6359","οἱ","TRUE"
"6360","ὥσπερ","FALSE"
"6361","οὑ","FALSE"
"6362","μὸς","FALSE"
"6363","βίος","FALSE"
"6364","ἄνω","FALSE"
"6365","καὶ","TRUE"
"6366","κάτω","FALSE"
"6367","στρεφόμενος","FALSE"
"6368","μετὰ","TRUE"
"6369","τῶν","TRUE"
"6370","ψήφων","FALSE"
"6371","ἀριθμούμενος","FALSE"
"6372","καθαρὸν","FALSE"
"6373","ἠχεῖ","FALSE"
"6374","πανταχοῦ","FALSE"
"6375",",","FALSE"
"6376","τὸν","TRUE"
"6377","δὲ","TRUE"
"6378","σὸν","TRUE"
"6379","οὐδ","FALSE"
"6380","εἴ","TRUE"
"6381","τις","TRUE"
"6382","ὑπόχαλκος","FALSE"
"6383","ἢ","TRUE"
"6384","κίβδηλός","FALSE"
"6385","ἐστιν","TRUE"
"6386","οὐκ","TRUE"
"6387","ἄν","TRUE"
"6388","τις","TRUE"
"6389","ἰσχυρίσαιτο","FALSE"
"6390",".","FALSE"
"6391","προέλθω","FALSE"
"6392","δέ","TRUE"
"6393",",","FALSE"
"6394","εἰ","TRUE"
"6395","βούλει","FALSE"
"6396",",","FALSE"
"6397","καὶ","TRUE"
"6398","ἐπὶ","TRUE"
"6399","τὰ","TRUE"
"6400","μείζω","FALSE"
"6401","παραδείγματα","FALSE"
"6402",".","FALSE"
"6403","αὕτη","TRUE"
"6404","καὶ","TRUE"
"6405","τείχους","FALSE"
"6406","ἰσχύς","FALSE"
"6407",",","FALSE"
"6408","οὐχ","TRUE"
"6409","ᾧ","TRUE"
"6410","μηδεὶς","FALSE"
"6411","προσήγαγε","FALSE"
"6412","πολέμιος","FALSE"
"6413",",","FALSE"
"6414","ἀλλ","FALSE"
"6415","ὃ","TRUE"
"6416","πολλὰς","FALSE"
"6417","καὶ","TRUE"
"6418","στρατιωτῶν","FALSE"
"6419","καὶ","TRUE"
"6420","μηχανημάτων","FALSE"
"6421","προσβολὰς","FALSE"
"6422","ἀπεκρού","FALSE"
"6423","σατο","FALSE"
"6424",",","FALSE"
"6425","ὥσπερ","FALSE"
"6426","οὑ","FALSE"
"6427","μὸς","FALSE"
"6428","βίος","FALSE"
"6429","πανταχόθεν","FALSE"
"6430","προσαγόντων","FALSE"
"6431","τῶν","TRUE"
"6432","ὑπορυττόντων","FALSE"
"6433","διαβολαῖς","FALSE"
"6434","καὶ","TRUE"
"6435","κακοηθείαις","FALSE"
"6436","ἐστὶν","TRUE"
"6437","ὀρθός","FALSE"
"6438",".","FALSE"
"6439","καὶ","TRUE"
"6440","πλόιμος","FALSE"
"6441","οὐκ","TRUE"
"6442","ἐν","TRUE"
"6443","γαλήνῃ","FALSE"
"6444","δείκνυται","FALSE"
"6445",".","FALSE"
"6446","σὺ","TRUE"
"6447","μὲν","TRUE"
"6448","οὖν","TRUE"
"6449","ἀπείρατος","FALSE"
"6450","κινδύνου","FALSE"
"6451","πολιτικοῦ","FALSE"
"6452","καταστὰς","FALSE"
"6453","ἄπλους","FALSE"
"6454",",","FALSE"
"6455","ἐγὼ","TRUE"
"6456","δὲ","TRUE"
"6457","πολλοὺς","FALSE"
"6458","συκοφαντῶν","FALSE"
"6459","ὑπέμεινα","FALSE"
"6460","πολέμους","FALSE"
"6461","καὶ","TRUE"
"6462","κινδύ","FALSE"
"6463","νους","FALSE"
"6464","καὶ","TRUE"
"6465","ῥήτορας","FALSE"
"6466","κατ","FALSE"
"6467","ἐμοῦ","TRUE"
"6468","πνέοντας","FALSE"
"6469","ἤνεγκα","FALSE"
"6470",".","FALSE"
"6471","τὰ","TRUE"
"6472","δὲ","TRUE"
"6473","ζῷα","FALSE"
"6474","πῶς","FALSE"
"6475","δοκιμάζεται","FALSE"
"6476",";","FALSE"
"6477","τίς","TRUE"
"6478","ἵππον","FALSE"
"6479","ὠνεῖται","FALSE"
"6480","μὴ","TRUE"
"6481","πολλοὺς","FALSE"
"6482","ἐλάσας","FALSE"
"6483","δρόμους","FALSE"
"6484","οὐκ","TRUE"
"6485","ἐν","TRUE"
"6486","ἱππασίμοις","FALSE"
"6487","καὶ","TRUE"
"6488","λείοις","FALSE"
"6489","μόνον","FALSE"
"6490","ἀλλὰ","TRUE"
"6491","καὶ","TRUE"
"6492","ἐν","TRUE"
"6493","τοῖς","TRUE"
"6494","ἀποκρότοις","FALSE"
"6495","καὶ","TRUE"
"6496","πρὸς","TRUE"
"6497","τὰ","TRUE"
"6498","σιμὰ","FALSE"
"6499","καὶ","TRUE"
"6500","κατὰ","TRUE"
"6501","πρανοῦς","FALSE"
"6502",";","FALSE"
"6503","αὕτη","TRUE"
"6504","γὰρ","TRUE"
"6505","ἵππων","FALSE"
"6506","κρίσις","FALSE"
"6507",".","FALSE"
"6508","τοὺς","TRUE"
"6509","δὲ","TRUE"
"6510","κομιδῆ","FALSE"
"6511","πώλους","FALSE"
"6512","ἄγοντες","FALSE"
"6513","εἰς","TRUE"
"6514","τὴν","TRUE"
"6515","ἀγορὰν","FALSE"
"6516","πλήθουσαν","FALSE"
"6517","καὶ","TRUE"
"6518","τοὺς","TRUE"
"6519","θορύβους","FALSE"
"6520","μέσους","FALSE"
"6521","εἰ","TRUE"
"6522","φοβεροὶ","FALSE"
"6523","δοκιμάζετε","FALSE"
"6524",".","FALSE"
"6525","οὐκ","TRUE"
"6526","ἤχθη","FALSE"
"6527","Κέφαλος","FALSE"
"6528","εἰς","TRUE"
"6529","τὴν","TRUE"
"6530","ἀγορὰν","FALSE"
"6531","ἐπὶ","TRUE"
"6532","πείρᾳ","FALSE"
"6533","βίου","FALSE"
"6534","οὐδ","FALSE"
"6535","ἤκουσε","FALSE"
"6536","θόρυβον","FALSE"
"6537","δικαστηρίου","FALSE"
"6538",",","FALSE"
"6539","ἐγὼ","TRUE"
"6540","δὲ","TRUE"
"6541","πολλοὺς","FALSE"
"6542","περὶ","TRUE"
"6543","ἐμαυτοῦ","FALSE"
"6544","δραμὼν","FALSE"
"6545","δρόμους","FALSE"
"6546","ἐνίκων","FALSE"
"6547","ἅπαντας","FALSE"
"6548",".","FALSE"
"6549","εἰ","TRUE"
"6550","δὲ","TRUE"
"6551","τὸ","TRUE"
"6552","μὴ","TRUE"
"6553","κριθὲν","FALSE"
"6554","προκρίνει","FALSE"
"6555","τοῦ","TRUE"
"6556","πεφυλοκρινημένου","FALSE"
"6557","στεφάνου","FALSE"
"6558",",","FALSE"
"6559","ἆρα","FALSE"
"6560","καὶ","TRUE"
"6561","στρατηγὸν","FALSE"
"6562","χαλκοῦν","FALSE"
"6563","ἂν","TRUE"
"6564","ἔστησεν","FALSE"
"6565","οὐκ","TRUE"
"6566","ἐνδύντα","FALSE"
"6567","θώ","FALSE"
"6568","ρακα","FALSE"
"6569","καὶ","TRUE"
"6570","οὐδ","FALSE"
"6571","ἰδόντα","FALSE"
"6572","τοὺς","TRUE"
"6573","πολεμίους","FALSE"
"6574",";","FALSE"
"6575","οὐδὲ","TRUE"
"6576","Μιλτιάδης","FALSE"
"6577","οὐδενὸς","TRUE"
"6578","ἄξιος","FALSE"
"6579","διὰ","TRUE"
"6580","τὰς","TRUE"
"6581","μάχας","FALSE"
"6582","οὐδὲ","TRUE"
"6583","Θεμιστοκλῆς","FALSE"
"6584","ὁ","TRUE"
"6585","περὶ","TRUE"
"6586","τῶν","TRUE"
"6587","Ἀθηνῶν","FALSE"
"6588","ἀναρρίψας","FALSE"
"6589","καὶ","TRUE"
"6590","παραδοὺς","FALSE"
"6591","ἀσταθμήτῳ","FALSE"
"6592","στοιχείῳ","FALSE"
"6593","τοῦ","TRUE"
"6594","πολέμου","FALSE"
"6595","τὴν","TRUE"
"6596","κρίσιν","FALSE"
"6597","οὐδὲ","TRUE"
"6598","Θρασύβουλος","FALSE"
"6599","ὁ","TRUE"
"6600","Φυλὴν","FALSE"
"6601","καταλαβὼν","FALSE"
"6602","τετταράκοντα","FALSE"
"6603","τοῖς","TRUE"
"6604","πρώτοις","FALSE"
"6605",";","FALSE"
"6606","ἔστη","FALSE"
"6607","σα","FALSE"
"6608","κἀ","FALSE"
"6609","γὼ","FALSE"
"6610","τρόπαια","FALSE"
"6611","τῶν","TRUE"
"6612","συκοφαντῶν","FALSE"
"6613","ἐν","TRUE"
"6614","ἅπασι","FALSE"
"6615","τοῖς","TRUE"
"6616","δι","FALSE"
"6617","καστηρίοις","FALSE"
"6618",".","FALSE"
"6619","πολλαχόθεν","FALSE"
"6620","βαλλόμενος","FALSE"
"6621","ἐγκλήμασιν","FALSE"
"6622","ὧς","TRUE"
"6623","ἀλη","FALSE"
"6624","θῶς","FALSE"
"6625","αὐτὸς","TRUE"
"6626","ὤφθην","FALSE"
"6627","ἄτρωτος","FALSE"
"6628",",","FALSE"
"6629","ὧς","TRUE"
"6630","οὔτε","TRUE"
"6631","ὁ","TRUE"
"6632","Αἴας","FALSE"
"6633",",","FALSE"
"6634","ᾧ","TRUE"
"6635","σαυτὸν","FALSE"
"6636","εἴκαζες","FALSE"
"6637",",","FALSE"
"6638","οὔτε","TRUE"
"6639","ὁ","TRUE"
"6640","Ἀχιλλεὺς","FALSE"
"6641","οὔτε","TRUE"
"6642","ὁ","TRUE"
"6643","Καινεὺς","FALSE"
"6644","οὔτε","TRUE"
"6645","εἴ","TRUE"
"6646","τις","TRUE"
"6647","ἄλλη","TRUE"
"6648","τραυμάτων","FALSE"
"6649","κρείττων","FALSE"
"6650","γενέσθαι","FALSE"
"6651","λέγεται","FALSE"
"6652","φύσις","FALSE"
"6653",".","FALSE"
"6654","ὡς","TRUE"
"6655","ἐγὼ","TRUE"
"6656","συκοφάντου","FALSE"
"6657","καὶ","TRUE"
"6658","διὰ","TRUE"
"6659","παντὸς","FALSE"
"6660","ἰόντος","FALSE"
"6661","φθόνου","FALSE"
"6662","ἐστράτευμαι","FALSE"
"6663","πάντα","FALSE"
"6664","νικῶν","FALSE"
"6665",".","FALSE"
"6666","μέγα","FALSE"
"6667","φρονεῖς","FALSE"
"6668",",","FALSE"
"6669","εἰ","TRUE"
"6670","μὴ","TRUE"
"6671","τέ","TRUE"
"6672","τρωσαι","FALSE"
"6673","·","FALSE"
"6674","τίς","TRUE"
"6675","γὰρ","TRUE"
"6676","ἐπὶ","TRUE"
"6677","σὲ","TRUE"
"6678","συκοφάντης","FALSE"
"6679","ἀφῆκεν","FALSE"
"6680","ἔγκλημα","FALSE"
"6681",";","FALSE"
"6682","ἄγε","FALSE"
"6683","καὶ","TRUE"
"6684","ἀθλητὰς","FALSE"
"6685","εἰς","TRUE"
"6686","τὸ","TRUE"
"6687","πρυτανεῖον","FALSE"
"6688","τοὺς","TRUE"
"6689","οὐκ","TRUE"
"6690","ἀποδύν","FALSE"
"6691","τας","FALSE"
"6692","εἰς","TRUE"
"6693","στάδιόν","FALSE"
"6694","ποτε","FALSE"
"6695",",","FALSE"
"6696","καὶ","TRUE"
"6697","τίς","TRUE"
"6698","ἀνέξεται","FALSE"
"6699",";","FALSE"
"6700","ποῖος","FALSE"
"6701","Γλαῦκος","FALSE"
"6702","ὁ","TRUE"
"6703","Καρύστιος","FALSE"
"6704","ἢ","TRUE"
"6705","Πολυδάμας","FALSE"
"6706","ὁ","TRUE"
"6707","Σἀοτουσαῖος","FALSE"
"6708",",","FALSE"
"6709","οἳ","TRUE"
"6710","πολλοῦ","FALSE"
"6711","καμάτου","FALSE"
"6712","καὶ","TRUE"
"6713","ἱδρῶτος","FALSE"
"6714","τοὺς","TRUE"
"6715","στεφάνους","FALSE"
"6716","ἐωνημένοι","FALSE"
"6717","χαλκοῖ","FALSE"
"6718","ἑστᾶσιν","FALSE"
"6719",";","FALSE"
"6720","οὐ","TRUE"
"6721","γὰρ","TRUE"
"6722","δεῖ","FALSE"
"6723","πολιτείας","FALSE"
"6724","ἀγωνιστὴν","FALSE"
"6725","ἰδιώτῃ","FALSE"
"6726","καὶ","TRUE"
"6727","θεατὴν","FALSE"
"6728","ἀθλητῇ","FALSE"
"6729","παραβάλλειν","FALSE"
"6730",".","FALSE"
"6731","στάδια","FALSE"
"6732","τῆς","TRUE"
"6733","ἀρετῆς","FALSE"
"6734","τῆς","TRUE"
"6735","ἐμῆς","TRUE"
"6736","τὰ","TRUE"
"6737","δικαστήρια","FALSE"
"6738",",","FALSE"
"6739","Ἑλλανοδίκαι","FALSE"
"6740","δὲ","TRUE"
"6741","τούτων","TRUE"
"6742","τῶν","TRUE"
"6743","Ὀλυμπίων","FALSE"
"6744","ὑμεῖς","TRUE"
"6745",",","FALSE"
"6746","καὶ","TRUE"
"6747","γὰρ","TRUE"
"6748","τούτοις","TRUE"
"6749","τοῖς","TRUE"
"6750","ἀθληταῖς","FALSE"
"6751","κάθην","FALSE"
"6752","ται","FALSE"
"6753","δικασταί","FALSE"
"6754",".","FALSE"
"6755","τοῦ","TRUE"
"6756","νικῶντος","FALSE"
"6757","ὁ","TRUE"
"6758","στέφανος","FALSE"
"6759",",","FALSE"
"6760","οὐχ","TRUE"
"6761","ὅστις","TRUE"
"6762","ἀνα","FALSE"
"6763","γώνιστος","FALSE"
"6764",".","FALSE"
"6765","ἐμὲ","TRUE"
"6766","εἰς","TRUE"
"6767","τὸ","TRUE"
"6768","πρυτανεῖον","FALSE"
"6769","ὁ","TRUE"
"6770","νόμος","FALSE"
"6771","καλεῖ","FALSE"
"6772","δι","FALSE"
"6773","καιότερον","FALSE"
"6774","ἢ","TRUE"
"6775","τοὺς","TRUE"
"6776","Ὀλυμπιάδα","FALSE"
"6777","καὶ","TRUE"
"6778","Πυθιάδα","FALSE"
"6779","νίκην","FALSE"
"6780","ἀνῃ","FALSE"
"6781","ρημένους","FALSE"
"6782",".","FALSE"
"6783","οἱ","TRUE"
"6784","μὲν","TRUE"
"6785","γὰρ","TRUE"
"6786","μόνον","FALSE"
"6787","εἰς","TRUE"
"6788","δόξαν","FALSE"
"6789","συναίρονται","FALSE"
"6790","τῇ","TRUE"
"6791","πατρίδι","FALSE"
"6792",",","FALSE"
"6793","τἀμὰ","TRUE"
"6794","δὲ","TRUE"
"6795","κηρύγμάτα","FALSE"
"6796","ψηφίς","FALSE"
"6797","μάτα","FALSE"
"6798","χρηστὰ","FALSE"
"6799","καὶ","TRUE"
"6800","νόμοι","FALSE"
"6801","συμφέροντες","FALSE"
"6802",",","FALSE"
"6803","πόροι","FALSE"
"6804","χρημάτων","FALSE"
"6805",",","FALSE"
"6806","ἀπόστολοι","FALSE"
"6807",",","FALSE"
"6808","νῖκαι","FALSE"
"6809",".","FALSE"
"6810","πόσους","FALSE"
"6811","ἡ","TRUE"
"6812","πόλις","FALSE"
"6813","αὕτη","TRUE"
"6814","στεφάνους","FALSE"
"6815","ἐκ","TRUE"
"6816","τῶν","TRUE"
"6817","ἐμῶν","TRUE"
"6818","πολι","FALSE"
"6819","τευμάτων","FALSE"
"6820","ἠνέγκατο","FALSE"
"6821",".","FALSE"
"6822","οἱ","TRUE"
"6823","δεῖνες","FALSE"
"6824","σωθέντες","FALSE"
"6825",",","FALSE"
"6826","οἶ","FALSE"
"6827","δεῖνες","FALSE"
"6828","ἐλευθερωθέντες","FALSE"
"6829","διὰ","TRUE"
"6830","τὴν","TRUE"
"6831","ἐμὴν","TRUE"
"6832","προπέτειαν","FALSE"
"6833",",","FALSE"
"6834","ὧς","TRUE"
"6835","Κε","TRUE"
"6836","φάλῳ","FALSE"
"6837","δοκεῖ","FALSE"
"6838",".","FALSE"
"6839","οὐχ","TRUE"
"6840","οἱ","TRUE"
"6841","δειλοὶ","FALSE"
"6842","καὶ","TRUE"
"6843","τρέμοντες","FALSE"
"6844","καὶ","TRUE"
"6845","λαγὼ","FALSE"
"6846","βίον","FALSE"
"6847","ὡς","TRUE"
"6848","ἀληθῶς","FALSE"
"6849","ζῶντες","FALSE"
"6850","τὰ","TRUE"
"6851","τρόπαια","FALSE"
"6852","ἱστᾶσιν","FALSE"
"6853","οὐδὲ","TRUE"
"6854","τὰ","TRUE"
"6855","κοινὰ","FALSE"
"6856","ὀρθοῦσιν","FALSE"
"6857","οὐδὲ","TRUE"
"6858","δωρεῶν","FALSE"
"6859","τυγχάνουσι","FALSE"
"6860",",","FALSE"
"6861","καὶ","TRUE"
"6862","ταῦτα","TRUE"
"6863","ἐν","TRUE"
"6864","Ἀθήναις","FALSE"
"6865",".","FALSE"
"6866","εἰ","TRUE"
"6867","μὲν","TRUE"
"6868","γὰρ","TRUE"
"6869","Φλιασίοις","FALSE"
"6870","ἢ","TRUE"
"6871","Με","TRUE"
"6872","γαρεῦσι","FALSE"
"6873","συνεβούλευον","FALSE"
"6874",",","FALSE"
"6875","αὐτός","TRUE"
"6876","τε","TRUE"
"6877","οὐδὲν","TRUE"
"6878","ἂν","TRUE"
"6879","ἐτόλμων","FALSE"
"6880","μέγα","FALSE"
"6881","καὶ","TRUE"
"6882","τοὺς","TRUE"
"6883","πολίτας","FALSE"
"6884","τῇ","TRUE"
"6885","τύχῃ","FALSE"
"6886","τὴν","TRUE"
"6887","γνώμην","FALSE"
"6888","μετρεῖν","FALSE"
"6889","ἠξίουν","FALSE"
"6890",",","FALSE"
"6891","Ἀθηναίων","FALSE"
"6892","δέ","TRUE"
"6893","τις","TRUE"
"6894","ἀξιωθεὶς","FALSE"
"6895","προστατεῖν","FALSE"
"6896","ἐπὶ","TRUE"
"6897","ταὐτὸ","FALSE"
"6898","βῆμα","FALSE"
"6899","ἀναβαίνων","FALSE"
"6900",",","FALSE"
"6901","ἐφ","FALSE"
"6902","οὗ","TRUE"
"6903","Μιλτιάδης","FALSE"
"6904","τὴν","TRUE"
"6905","ἔξοδον","FALSE"
"6906","ἐδημηγόρει","FALSE"
"6907","καὶ","TRUE"
"6908","Θεμιστοκλῆς","FALSE"
"6909","πανοικησίᾳ","FALSE"
"6910","πλεῖν","FALSE"
"6911","ἐπολι","FALSE"
"6912","τεύετο","FALSE"
"6913","καὶ","TRUE"
"6914","Κίμων","FALSE"
"6915","οὐ","TRUE"
"6916","προῆγεν","FALSE"
"6917","ἄχρι","FALSE"
"6918","Παμφυλίας","FALSE"
"6919","καὶ","TRUE"
"6920","Περικλῆς","FALSE"
"6921","τὴν","TRUE"
"6922","Ἀττικὴν","FALSE"
"6923","ἐδίδου","FALSE"
"6924","τοῖς","TRUE"
"6925","Πελοποννησίοις","FALSE"
"6926",",","FALSE"
"6927","τηλικούτων","FALSE"
"6928","διάδοχος","FALSE"
"6929","ῥητόρων","FALSE"
"6930","οὐ","TRUE"
"6931","κληρονομήσει","FALSE"
"6932","τὸ","TRUE"
"6933","φρόνημα","FALSE"
"6934","μετὰ","TRUE"
"6935","τοῦ","TRUE"
"6936","βήματος","FALSE"
"6937",";","FALSE"
"6938","ἀλλὰ","TRUE"
"6939","τί","TRUE"
"6940","πράξει","FALSE"
"6941",";","FALSE"
"6942","ὧς","TRUE"
"6943","Κέφαλος","FALSE"
"6944",",","FALSE"
"6945","εὐλαβηθήσεται","FALSE"
"6946","τοὺς","TRUE"
"6947","βασκάνους","FALSE"
"6948","καὶ","TRUE"
"6949","τῶν","TRUE"
"6950","αἰτιῶν","FALSE"
"6951","τὰς","TRUE"
"6952","σκιὰς","FALSE"
"6953","φοβηθήσεται","FALSE"
"6954",";","FALSE"
"6955","μιμήσεται","FALSE"
"6956","τὴν","TRUE"
"6957","σὴν","TRUE"
"6958","ἄνανδρον","FALSE"
"6959","πολιτείαν","FALSE"
"6960",";","FALSE"
"6961","οὐκ","TRUE"
"6962","ἐγώ","TRUE"
"6963",".","FALSE"
"6964","περὶ","TRUE"
"6965","πρωτείων","FALSE"
"6966","ἀεὶ","FALSE"
"6967","πολι","FALSE"
"6968","τεύομαι","FALSE"
"6969",".","FALSE"
"6970","ὑπὲρ","TRUE"
"6971","δόξης","FALSE"
"6972","καὶ","TRUE"
"6973","ἡγεμονίας","FALSE"
"6974","οὐδένα","TRUE"
"6975","κίνδυνον","FALSE"
"6976","ἐξίσταμαι","FALSE"
"6977",".","FALSE"
"6978","διὰ","TRUE"
"6979","τοῦτ","FALSE"
"6980","ἀεὶ","FALSE"
"6981","κρίνομαι","FALSE"
"6982",",","FALSE"
"6983","οὐ","TRUE"
"6984","ζητῶ","FALSE"
"6985","γὰρ","TRUE"
"6986","ὅ","TRUE"
"6987","τι","TRUE"
"6988","λεχθὲν","FALSE"
"6989","οὐχ","TRUE"
"6990","ἕξεὰ","FALSE"
"6991","κατηγορίαν","FALSE"
"6992",",","FALSE"
"6993","ἀλλ","FALSE"
"6994","ὅ","TRUE"
"6995","τι","TRUE"
"6996","πᾶσαν","FALSE"
"6997","αὐξήσει","FALSE"
"6998","τὴν","TRUE"
"6999","πόλιν","FALSE"
"7000","καὶ","TRUE"
"7001","ποιήσει","FALSE"
"7002","φθονεῖσθαι","FALSE"
"7003","τὸν","TRUE"
"7004","μὲν","TRUE"
"7005","δῆμον","FALSE"
"7006","παρὰ","TRUE"
"7007","τοῖς","TRUE"
"7008","Ἕλλησι","FALSE"
"7009",",","FALSE"
"7010","παρὰ","TRUE"
"7011","δὲ","TRUE"
"7012","ὑμῖν","TRUE"
"7013","ἐμέ","TRUE"
"7014",",","FALSE"
"7015","οὐ","TRUE"
"7016","πρὸς","TRUE"
"7017","ἐμαυτὸν","FALSE"
"7018","σκοπῶν","FALSE"
"7019","τὰ","TRUE"
"7020","λεκτέα","FALSE"
"7021","καὶ","TRUE"
"7022","τὰ","TRUE"
"7023","μή","TRUE"
"7024",",","FALSE"
"7025","πρὸς","TRUE"
"7026","δὲ","TRUE"
"7027","τὸ","TRUE"
"7028","κοινὸν","FALSE"
"7029","τῶν","TRUE"
"7030","Ἀθηναίων","FALSE"
"7031","ἀξίωμα","FALSE"
"7032",".","FALSE"
"7033","τοῦτο","TRUE"
"7034","μέτρον","FALSE"
"7035","εἶναι","TRUE"
"7036","χρὴ","FALSE"
"7037","τῶν","TRUE"
"7038","πολιτευμάτων","FALSE"
"7039",",","FALSE"
"7040","καὶ","TRUE"
"7041","τὸν","TRUE"
"7042","αὐτὸν","TRUE"
"7043","τρόπον","FALSE"
"7044","ὅνπερ","TRUE"
"7045","οἶ","FALSE"
"7046","τῶν","TRUE"
"7047","δραμάτων","FALSE"
"7048","ὑποκριταὶ","FALSE"
"7049","συναρμόττονται","FALSE"
"7050","τοῖς","TRUE"
"7051","προσώποις","FALSE"
"7052","καὶ","TRUE"
"7053","στρατηγὸς","FALSE"
"7054","καὶ","TRUE"
"7055","τύραννός","FALSE"
"7056","τις","TRUE"
"7057","ἐξαίφνης","FALSE"
"7058","ἐγένετο","FALSE"
"7059",",","FALSE"
"7060","οὕτω","TRUE"
"7061","καὶ","TRUE"
"7062","τὸν","TRUE"
"7063","δημαγωγὸν","FALSE"
"7064","τὸ","TRUE"
"7065","τοῦ","TRUE"
"7066","δήμου","FALSE"
"7067","πρόσωπον","FALSE"
"7068","φέρειν","FALSE"
"7069","δεῖ","FALSE"
"7070","πρὸς","TRUE"
"7071","τὸ","TRUE"
"7072","χρῆσθαι","FALSE"
"7073","τῇ","TRUE"
"7074","φωνῇ","FALSE"
"7075",".","FALSE"
"7076","ποῖός","FALSE"
"7077","τις","TRUE"
"7078","οὖν","TRUE"
"7079","ὁ","TRUE"
"7080","δῆμος","FALSE"
"7081","οὗ","TRUE"
"7082","τἀς","FALSE"
"7083","ῥήσεις","FALSE"
"7084","δεδιδάγμεθα","FALSE"
"7085",";","FALSE"
"7086","οὐκ","TRUE"
"7087","εὐλαβὴς","FALSE"
"7088","οὐδὲ","TRUE"
"7089","ἄτολμος","FALSE"
"7090","οὐδ","FALSE"
"7091","ὅθεν","FALSE"
"7092","μηδεὶς","FALSE"
"7093","κίνδυνος","FALSE"
"7094","ἐπιστήσεται","FALSE"
"7095",",","FALSE"
"7096","τούτοις","TRUE"
"7097","ἐπιχειρῶν","FALSE"
"7098",".","FALSE"
"7099","εἰ","TRUE"
"7100","γάρ","TRUE"
"7101",",","FALSE"
"7102","ὡς","TRUE"
"7103","σὺ","TRUE"
"7104","παρὰ","TRUE"
"7105","τούτοις","TRUE"
"7106",",","FALSE"
"7107","οὕτως","TRUE"
"7108","ὁ","TRUE"
"7109","δῆμος","FALSE"
"7110","παρὰ","TRUE"
"7111","τοῖς","TRUE"
"7112","Ἕλλησιν","FALSE"
"7113","ἐπολιτεύετο","FALSE"
"7114",",","FALSE"
"7115","οὐκ","TRUE"
"7116","ἂν","TRUE"
"7117","σε","TRUE"
"7118","μνότερος","FALSE"
"7119","ἦν","TRUE"
"7120","τῶν","TRUE"
"7121","Μεγαρέων","FALSE"
"7122",",","FALSE"
"7123","ἔτι","TRUE"
"7124","καὶ","TRUE"
"7125","νῦν","FALSE"
"7126","ἂν","TRUE"
"7127","ὑπ","FALSE"
"7128","Αἰγι","FALSE"
"7129","νητῶν","FALSE"
"7130","ἐκ","TRUE"
"7131","θαλάττης","FALSE"
"7132","εἴργετο","FALSE"
"7133",".","FALSE"
"7134","νῦν","FALSE"
"7135","δὲ","TRUE"
"7136","παραβαλλόμενος","FALSE"
"7137","καὶ","TRUE"
"7138","διαποντίους","FALSE"
"7139","ἀναιρούμενος","FALSE"
"7140","πολέμους","FALSE"
"7141","καίτοι","FALSE"
"7142","μὴ","TRUE"
"7143","πάντα","FALSE"
"7144","νικῶν","FALSE"
"7145","τοῖς","TRUE"
"7146","κινδύνοις","FALSE"
"7147","τὸ","TRUE"
"7148","πρωτεῖον","FALSE"
"7149","ἐκτήσατο","FALSE"
"7150",".","FALSE"
"7151","πᾶσα","FALSE"
"7152","γῆ","FALSE"
"7153","καὶ","TRUE"
"7154","θάλαττα","FALSE"
"7155","τοῦ","TRUE"
"7156","δήμου","FALSE"
"7157","τὰ","TRUE"
"7158","δικαστήρια","FALSE"
"7159",",","FALSE"
"7160","ἐν","TRUE"
"7161","οἶς","FALSE"
"7162","βασιλεῖ","FALSE"
"7163","μὲν","TRUE"
"7164","τῶν","TRUE"
"7165","Περσῶν","FALSE"
"7166","περὶ","TRUE"
"7167","τῆς","TRUE"
"7168","Ἑλλάδος","FALSE"
"7169",",","FALSE"
"7170","ὕστερον","FALSE"
"7171","δὲ","TRUE"
"7172","καὶ","TRUE"
"7173","τῆς","TRUE"
"7174","Ἀσίας","FALSE"
"7175","ἐδικάζετο","FALSE"
"7176",",","FALSE"
"7177","Λακεδαιμονίοις","FALSE"
"7178","δὲ","TRUE"
"7179","καὶ","TRUE"
"7180","τὰ","TRUE"
"7181","τελευταῖα","FALSE"
"7182","Θηβαίοις","FALSE"
"7183","περὶ","TRUE"
"7184","τῆς","TRUE"
"7185","ἡγεμονίας","FALSE"
"7186",".","FALSE"
"7187","τί","TRUE"
"7188","νᾶς","FALSE"
"7189","ἀντιδίκους","FALSE"
"7190","οὐκ","TRUE"
"7191","ἐπεσπάσατο","FALSE"
"7192","μηδεμίαν","FALSE"
"7193","κατηγορίαν","FALSE"
"7194","ἄλογον","FALSE"
"7195","εὐλαβηθείς","FALSE"
"7196",";","FALSE"
"7197","καὶ","TRUE"
"7198","γὰρ","TRUE"
"7199","ὁμοίως","FALSE"
"7200","ἐμοὶ","TRUE"
"7201","κέκριται","FALSE"
"7202","πολλάκις","FALSE"
"7203","ἐν","TRUE"
"7204","Λακεδαίμονι","FALSE"
"7205","Κορινθίων","FALSE"
"7206","κατηγορούντων","FALSE"
"7207",".","FALSE"
"7208","ἐν","TRUE"
"7209","τοῖς","TRUE"
"7210","Ἕλλησι","FALSE"
"7211","πᾶσι","FALSE"
"7212","πάλιν","FALSE"
"7213","Θηβαίων","FALSE"
"7214","συκοφαντούντων","FALSE"
"7215","ἠνέχθη","FALSE"
"7216","καὶ","TRUE"
"7217","περὶ","TRUE"
"7218","τῶν","TRUE"
"7219","Ἀθηναίων","FALSE"
"7220","τῆς","TRUE"
"7221","πόλεως","FALSE"
"7222","ψῆφος","FALSE"
"7223","περὶ","TRUE"
"7224","ἐμοῦ","TRUE"
"7225",",","FALSE"
"7226","καὶ","TRUE"
"7227","διαφυγοῦσα","FALSE"
"7228","τὰς","TRUE"
"7229","αἰτίας","FALSE"
"7230","τὰς","TRUE"
"7231","τιμὰς","FALSE"
"7232","ἀπη","FALSE"
"7233","νέγκατο","FALSE"
"7234",",","FALSE"
"7235","τὴν","TRUE"
"7236","αὐτονομίαν","FALSE"
"7237",",","FALSE"
"7238","τὰ","TRUE"
"7239","τείχη","FALSE"
"7240",",","FALSE"
"7241","τὴν","TRUE"
"7242","θάλατταν","FALSE"
"7243",".","FALSE"
"7244","καὶ","TRUE"
"7245","γὰρ","TRUE"
"7246","τῆς","TRUE"
"7247","πολεμικῆς","FALSE"
"7248","δυνάμεως","FALSE"
"7249","οὐ","TRUE"
"7250","τὴν","TRUE"
"7251","πεζικὴν","FALSE"
"7252","εἴλετο","FALSE"
"7253",",","FALSE"
"7254","ᾗ","TRUE"
"7255","πλέον","FALSE"
"7256","ὑπάρχει","FALSE"
"7257","τὸ","TRUE"
"7258","βέβαιον","FALSE"
"7259","εἰς","TRUE"
"7260","ἀσφάλειαν","FALSE"
"7261",",","FALSE"
"7262","ἀλλὰ","TRUE"
"7263","τοὺς","TRUE"
"7264","ἐν","TRUE"
"7265","τῇ","TRUE"
"7266","θαλάττῃ","FALSE"
"7267","κινδύνους","FALSE"
"7268",",","FALSE"
"7269","ὡς","TRUE"
"7270","τῶν","TRUE"
"7271","μειζόνων","FALSE"
"7272","ἐν","TRUE"
"7273","τῷ","TRUE"
"7274","κατ","FALSE"
"7275","ὀρθοῦν","FALSE"
"7276","ἀγαθῶν","FALSE"
"7277","αἰτίους","FALSE"
"7278",".","FALSE"
"7279","ὤνιοι","FALSE"
"7280","γὰρ","TRUE"
"7281","τῶν","TRUE"
"7282","κινδύνων","FALSE"
"7283","εἰσὶν","TRUE"
"7284","αἱ","TRUE"
"7285","τιμαὶ","FALSE"
"7286","καὶ","TRUE"
"7287","ἀνδρὶ","FALSE"
"7288","καὶ","TRUE"
"7289","δήμῳ","FALSE"
"7290",".","FALSE"
"7291","Τοιαύτης","TRUE"
"7292","οὖν","TRUE"
"7293","πόλεως","FALSE"
"7294","ἐγὼ","TRUE"
"7295","προεστηκὼς","FALSE"
"7296","οὐκ","TRUE"
"7297","ἂν","TRUE"
"7298","μιμησαίμην","FALSE"
"7299","τὸ","TRUE"
"7300","κοινὸν","FALSE"
"7301","δραστήριον","FALSE"
"7302",",","FALSE"
"7303","τὰ","TRUE"
"7304","δὲ","TRUE"
"7305","σὰ","TRUE"
"7306","μελλή","FALSE"
"7307","μάτα","FALSE"
"7308",";","FALSE"
"7309","καὶ","TRUE"
"7310","Νικίας","FALSE"
"7311","μέν","TRUE"
"7312",",","FALSE"
"7313","ὅν","TRUE"
"7314","ἐπῄνεις","FALSE"
"7315","σύ","TRUE"
"7316",",","FALSE"
"7317","καίτοι","FALSE"
"7318","πάντα","FALSE"
"7319","μέλλειν","FALSE"
"7320","δοκῶν","FALSE"
"7321",",","FALSE"
"7322","ἔλεγεν","FALSE"
"7323",",","FALSE"
"7324","ἔπραττεν","FALSE"
"7325",",","FALSE"
"7326","ἐστρατήγει","FALSE"
"7327",",","FALSE"
"7328","παρετάτ","FALSE"
"7329","τετο","FALSE"
"7330",",","FALSE"
"7331","ἐγὼ","TRUE"
"7332","δὲ","TRUE"
"7333","δείσειν","FALSE"
"7334","ἔμελλον","FALSE"
"7335","τὰς","TRUE"
"7336","τῶν","TRUE"
"7337","συκοφαντούντων","FALSE"
"7338","μάχας","FALSE"
"7339",";","FALSE"
"7340","οὔτ","FALSE"
"7341","ἔμπορος","FALSE"
"7342","ἢ","TRUE"
"7343","ναύκληρος","FALSE"
"7344","ὢν","TRUE"
"7345","ἐφοβούμην","FALSE"
"7346","ἂν","TRUE"
"7347","τὸν","TRUE"
"7348","ψόφον","FALSE"
"7349","τῶν","TRUE"
"7350","κυμάτων","FALSE"
"7351",",","FALSE"
"7352","οἶς","FALSE"
"7353","συζῆν","FALSE"
"7354","ἀναγκαῖον","FALSE"
"7355","ἦν","TRUE"
"7356",",","FALSE"
"7357","οὔτε","TRUE"
"7358","δημηγόρου","FALSE"
"7359","δεδιέναι","FALSE"
"7360","ψόφον","FALSE"
"7361","ἐγκλημάτων","FALSE"
"7362",",","FALSE"
"7363","ἃ","TRUE"
"7364","φύσει","FALSE"
"7365","παρα","FALSE"
"7366","κολουθεῖ","FALSE"
"7367","τοῖς","TRUE"
"7368","λέγουσιν","FALSE"
"7369",".","FALSE"
"7370","ἁλῶναί","FALSE"
"7371","ποτε","FALSE"
"7372","βέλτιον","FALSE"
"7373","ὁμόσε","FALSE"
"7374","χωροῦντα","FALSE"
"7375","ταῖς","TRUE"
"7376","αἰτίαις","FALSE"
"7377","ἢ","TRUE"
"7378","τοῦτο","TRUE"
"7379","δεδοικότα","FALSE"
"7380","μὴ","TRUE"
"7381","παρρησιά","FALSE"
"7382","ζεσθαι","FALSE"
"7383",".","FALSE"
"7384","εἰ","TRUE"
"7385","δὲ","TRUE"
"7386","βούλει","FALSE"
"7387","καὶ","TRUE"
"7388","τὴν","TRUE"
"7389","ἀσφάλειαν","FALSE"
"7390","σκοπεῖν","FALSE"
"7391","ἐν","TRUE"
"7392","αὐτοῖς","TRUE"
"7393","τοῖς","TRUE"
"7394","κινδύνοις","FALSE"
"7395",",","FALSE"
"7396","ὅρα","FALSE"
"7397",",","FALSE"
"7398","τίς","TRUE"
"7399","ἢ","TRUE"
"7400","πόλεμος","FALSE"
"7401","οὐκ","TRUE"
"7402","ἀναγ","FALSE"
"7403","καῖος","FALSE"
"7404","ἠλέγχθη","FALSE"
"7405","μοι","TRUE"
"7406","πεπολιτευμένος","FALSE"
"7407","ἢ","TRUE"
"7408","στόλος","FALSE"
"7409","ἄκαιρος","FALSE"
"7410","ἢ","TRUE"
"7411","νόμος","FALSE"
"7412","ἄχρηστος","FALSE"
"7413",";","FALSE"
"7414","οὔ","TRUE"
"7415","φασιν","FALSE"
"7416","οἱ","TRUE"
"7417","τὰς","TRUE"
"7418","ἐμὰς","TRUE"
"7419","γνώμας","FALSE"
"7420","ἐπι","FALSE"
"7421","ψηφίσαντες","FALSE"
"7422",".","FALSE"
"7423","Εἰ","TRUE"
"7424","δὲ","TRUE"
"7425","μηδὲν","FALSE"
"7426","ἁμαρτὼν","FALSE"
"7427","ἐν","TRUE"
"7428","αἰτίαις","FALSE"
"7429","ἐγενόμην","FALSE"
"7430",",","FALSE"
"7431","ἐκρίθησαν","FALSE"
"7432","καὶ","TRUE"
"7433","θεοί","FALSE"
"7434",",","FALSE"
"7435","Ἄρης","FALSE"
"7436","ἐπὶ","TRUE"
"7437","Ἁλιρροθίῳ","FALSE"
"7438","καὶ","TRUE"
"7439","τὴν","TRUE"
"7440","νίκην","FALSE"
"7441","οὐκ","TRUE"
"7442","ὀνειδίζεται","FALSE"
"7443",",","FALSE"
"7444","Εὐμενίδες","FALSE"
"7445","δὲ","TRUE"
"7446","καὶ","TRUE"
"7447","τὴν","TRUE"
"7448","ἧτταν","FALSE"
"7449","ἠνέγκαντο","FALSE"
"7450","ὐπ","FALSE"
"7451","ἀνδρὸς","FALSE"
"7452","θεαὶ","FALSE"
"7453","καὶ","TRUE"
"7454","ὑπ","FALSE"
"7455","Ὀρέστου","FALSE"
"7456","νενικη","FALSE"
"7457","μέναι","FALSE"
"7458",".","FALSE"
"7459","πόσας","FALSE"
"7460","Ἡρακλῆς","FALSE"
"7461","ἀνδρίας","FALSE"
"7462","ὑπέσχε","FALSE"
"7463","κρίσεις","FALSE"
"7464","δικά","FALSE"
"7465","ζοντος","FALSE"
"7466","Εὐρυσθέως","FALSE"
"7467","·","FALSE"
"7468","εἰ","TRUE"
"7469","δὲ","TRUE"
"7470","μὴ","TRUE"
"7471","τοὺς","TRUE"
"7472","πολλοὺς","FALSE"
"7473","κινδύνους","FALSE"
"7474","ἤνυσεν","FALSE"
"7475",",","FALSE"
"7476","οὐκ","TRUE"
"7477","ἂν","TRUE"
"7478","τὸ","TRUE"
"7479","τῆς","TRUE"
"7480","ἀθανασίας","FALSE"
"7481","ἆθλον","FALSE"
"7482","ἠνέγκατο","FALSE"
"7483",".","FALSE"
"7484","οὐκ","TRUE"
"7485","ἂν","TRUE"
"7486","θεὸς","FALSE"
"7487","ἦν","TRUE"
"7488","ὁ","TRUE"
"7489","Διόνυσος","FALSE"
"7490","μὴ","TRUE"
"7491","κριθεὶς","FALSE"
"7492","τῷ","TRUE"
"7493","πατρῴῳ","FALSE"
"7494","πυρί","FALSE"
"7495",".","FALSE"
"7496","ἀλλ","FALSE"
"7497","οὐδ","FALSE"
"7498","αὐτὸς","TRUE"
"7499","ἄκριτος","FALSE"
"7500","βασιλεύει","FALSE"
"7501","τῶν","TRUE"
"7502","ὅλων","FALSE"
"7503","ὁ","TRUE"
"7504","Ζεύς","FALSE"
"7505",",","FALSE"
"7506","πρὸς","TRUE"
"7507","Τιτᾶνας","FALSE"
"7508","δὲ","TRUE"
"7509","διεκρίθη","FALSE"
"7510","καὶ","TRUE"
"7511","Γίγαντας","FALSE"
"7512",".","FALSE"
"7513","Πο","FALSE"
"7514","λιὰς","FALSE"
"7515","Ἀθηνᾶ","FALSE"
"7516",",","FALSE"
"7517","παρὰ","TRUE"
"7518","θεῶν","FALSE"
"7519","ἐξαίρετον","FALSE"
"7520","ἔχουσα","FALSE"
"7521","τὴν","TRUE"
"7522","Ἀττικήν","FALSE"
"7523",",","FALSE"
"7524","οὐδὲ","TRUE"
"7525","σὺ","TRUE"
"7526","ταύτην","TRUE"
"7527","πρὸ","FALSE"
"7528","δίκης","FALSE"
"7529","εὗρες","FALSE"
"7530","τὴν","TRUE"
"7531","δωρεάν","FALSE"
"7532",".","FALSE"
"7533","ἐκάθισεν","FALSE"
"7534","Ἀθηναῖος","FALSE"
"7535","καὶ","TRUE"
"7536","σοὶ","TRUE"
"7537","δικαστής","FALSE"
"7538",",","FALSE"
"7539","μετὰ","TRUE"
"7540","τὴν","TRUE"
"7541","Κέκροπος","FALSE"
"7542","ψῆφον","FALSE"
"7543","ἐστεφανώθης","FALSE"
"7544","καὶ","TRUE"
"7545","σὺ","TRUE"
"7546","τῷ","TRUE"
"7547","θαλλῷ","FALSE"
"7548",".","FALSE"
"7549","Σεμνύνομαι","FALSE"
"7550","δὲ","TRUE"
"7551","κἀ","FALSE"
"7552","γὼ","FALSE"
"7553","μετ","FALSE"
"7554","Ἄρην","FALSE"
"7555","κρινόμενος","FALSE"
"7556",",","FALSE"
"7557","μετ","FALSE"
"7558","Εὐμενίδας","FALSE"
"7559","οὐχ","TRUE"
"7560","ἡττώμενος","FALSE"
"7561",",","FALSE"
"7562","μεθ","FALSE"
"7563","Ἡρακλέα","FALSE"
"7564","δοκιμα","FALSE"
"7565","ζόμενος","FALSE"
"7566",",","FALSE"
"7567","μετὰ","TRUE"
"7568","τὸν","TRUE"
"7569","Δία","FALSE"
"7570",",","FALSE"
"7571","μετὰ","TRUE"
"7572","τὴν","TRUE"
"7573","Ἀθηνᾶν","FALSE"
"7574",".","FALSE"
"7575","ἐν","TRUE"
"7576","τοῖς","TRUE"
"7577","Κεκροπίδαις","FALSE"
"7578","ἕπεταί","FALSE"
"7579","μοι","TRUE"
"7580","τὸ","TRUE"
"7581","ἀνάδημα","FALSE"
"7582","τοῦ","TRUE"
"7583","θαλλοῦ","FALSE"
"7584","τῷ","TRUE"
"7585","πάντα","FALSE"
"7586","νικῶντι","FALSE"
"7587",",","FALSE"
"7588","τὸ","TRUE"
"7589","νικητήριον","FALSE"
"7590","τῆς","TRUE"
"7591","θεοῦ","FALSE"
"7592",".","FALSE"
